Contig	Start	End	Strand	Pos
k63_535744	1	384	-1	1
k63_535744	783	1949	-1	2
k63_535744	2032	3249	-1	3
k63_535744	3665	4861	-1	4
k63_535744	5425	8145	1	5
k63_535744	8358	8861	1	6
k63_535744	8861	9568	1	7
k63_535964	1	696	-1	1
k63_535964	699	1676	-1	2
k63_1071555	3	1022	-1	1
k63_1071555	1012	2052	-1	2
k63_1071555	2413	5493	-1	3
k63_1071555	6121	6357	-1	4
k63_1071555	6710	7054	1	5
k63_1071555	7085	7795	1	6
k63_1071555	7896	10529	-1	7
k63_643336	1	111	1	1
k63_643336	459	2633	1	2
k63_643336	3092	4840	1	3
k63_643336	4865	8059	1	4
k63_643336	8049	10040	1	5
k63_643336	10223	11152	-1	6
k63_1071774	100	609	1	1
k63_1071774	759	1574	1	2
k63_536493	3	269	-1	1
k63_536493	409	1800	-1	2
k63_536493	1904	2080	1	3
k63_750504	2	148	1	1
k63_750504	311	1021	1	2
k63_750504	1034	1750	1	3
k63_750507	3	527	-1	1
k63_750507	616	1731	1	2
k63_506	3	143	-1	1
k63_506	177	935	-1	2
k63_506	969	1757	-1	3
k63_506	1964	2722	1	4
k63_506	2732	3544	1	5
k63_506	3566	4465	1	6
k63_506	4513	4695	-1	7
k63_506	4773	5486	-1	8
k63_506	5888	7804	1	9
k63_506	7801	8625	1	10
k63_506	8609	9022	1	11
k63_506	9149	10219	1	12
k63_506	10244	10834	1	13
k63_506	10870	11310	1	14
k63_506	11361	12302	-1	15
k63_506	12447	13286	1	16
k63_506	13356	13577	1	17
k63_506	13619	14491	-1	18
k63_506	14858	16273	1	19
k63_506	16344	17942	1	20
k63_1071930	76	1980	1	1
k63_1071930	2258	2509	1	2
k63_1393331	3	2999	-1	1
k63_1393331	3407	3787	1	2
k63_1393331	3941	4678	1	3
k63_1393331	4728	5348	1	4
k63_1393331	5348	5929	1	5
k63_1393331	5990	7063	1	6
k63_1393331	7341	9125	1	7
k63_1393331	9165	10664	1	8
k63_1393331	10725	10922	1	9
k63_1393331	10925	11719	1	10
k63_1393331	11796	12512	1	11
k63_1393331	12731	14089	1	12
k63_1393331	14207	16801	1	13
k63_1393342	1	1014	-1	1
k63_1393342	1633	3252	1	2
k63_1393342	3320	4138	-1	3
k63_322098	2	1354	1	1
k63_322098	1474	3141	1	2
k63_107620	1	330	-1	1
k63_107620	355	561	-1	2
k63_107620	815	1024	-1	3
k63_107620	1146	1970	-1	4
k63_107620	2268	2933	1	5
k63_107620	3046	4290	1	6
k63_107620	4538	5386	1	7
k63_107620	5488	5967	1	8
k63_107620	6071	6301	1	9
k63_107620	6336	8639	1	10
k63_107620	8766	8984	1	11
k63_107620	8981	9250	1	12
k63_107620	9247	9753	1	13
k63_322191	1	387	1	1
k63_322191	855	1406	1	2
k63_322191	1765	2337	1	3
k63_322191	2337	3062	1	4
k63_322191	3128	3586	1	5
k63_322191	3777	4811	1	6
k63_644035	2	910	1	1
k63_644035	1122	1748	1	2
k63_644035	1980	2930	1	3
k63_644035	3108	3227	-1	4
k63_857792	1	804	1	1
k63_857792	1117	1842	1	2
k63_857792	1963	2580	1	3
k63_107738	1	186	1	1
k63_107738	193	1710	1	2
k63_107738	1988	2140	1	3
k63_322333	1	591	1	1
k63_322333	880	2229	1	2
k63_964896	2	172	-1	1
k63_964896	280	1674	-1	2
k63_964896	1872	2021	1	3
k63_1072309	3	698	-1	1
k63_1072309	1022	1870	-1	2
k63_1072309	1889	2854	-1	3
k63_1072309	3172	3966	1	4
k63_644311	117	2315	1	1
k63_1393612	3	1079	-1	1
k63_1393612	1757	3160	1	2
k63_1393612	3391	4749	1	3
k63_1393612	4851	5780	1	4
k63_1393612	5935	7818	1	5
k63_1393612	8161	9081	1	6
k63_1393612	9086	10681	1	7
k63_1393612	10852	11622	1	8
k63_1393612	11662	13467	1	9
k63_1393612	13533	14846	-1	10
k63_1393612	14859	15866	-1	11
k63_1393612	15866	18469	-1	12
k63_215071	86	2008	1	1
k63_215071	2249	3376	1	2
k63_1184	2	1006	-1	1
k63_1184	1049	3055	-1	2
k63_1184	3093	3269	-1	3
k63_429585	47	1879	-1	1
k63_429585	2026	2424	-1	2
k63_429585	2421	2708	-1	3
k63_429585	2722	4110	-1	4
k63_429585	4196	4567	-1	5
k63_1179713	2	2932	-1	1
k63_1179713	3518	4264	1	2
k63_1179713	4269	5288	-1	3
k63_1179713	5298	6716	-1	4
k63_1179713	6797	7210	-1	5
k63_1179713	7234	8181	-1	6
k63_1179713	8194	9651	-1	7
k63_1179713	9660	10739	-1	8
k63_1179713	10759	11607	-1	9
k63_1179713	11604	11948	-1	10
k63_1179713	11961	13031	-1	11
k63_1179713	13324	14166	-1	12
k63_1179713	14329	14724	-1	13
k63_1179713	14855	15421	-1	14
k63_1179713	15708	16406	-1	15
k63_1179713	16502	16924	-1	16
k63_1179713	17022	17588	-1	17
k63_1179713	17620	18114	-1	18
k63_644552	145	2175	-1	1
k63_644552	2327	3151	1	2
k63_644552	3213	4961	1	3
k63_644552	4970	5155	1	4
k63_1072531	3	905	-1	1
k63_1072531	1064	3787	-1	2
k63_1072531	3828	4547	-1	3
k63_1072531	4662	6353	-1	4
k63_1072531	6395	7585	-1	5
k63_1072531	7689	8519	-1	6
k63_1072531	8695	9246	-1	7
k63_1072531	9723	10316	-1	8
k63_1072531	10581	11492	-1	9
k63_1072531	11786	12841	1	10
k63_1072531	13014	13415	-1	11
k63_1072531	13550	14665	-1	12
k63_1072531	14747	15427	-1	13
k63_1072531	15565	15936	-1	14
k63_1072531	16517	16858	1	15
k63_1072531	17225	17566	1	16
k63_1072531	17737	19233	1	17
k63_1318	1	2136	1	1
k63_1318	2283	3221	1	2
k63_1501039	1	846	-1	1
k63_1501039	939	1748	-1	2
k63_644597	3	884	1	1
k63_644597	835	2223	1	2
k63_644597	2297	3739	1	3
k63_644597	3930	4646	1	4
k63_644597	4838	8470	1	5
k63_644597	8516	9376	1	6
k63_644597	9540	12011	1	7
k63_644597	12031	13206	-1	8
k63_644597	13279	14526	-1	9
k63_644597	14632	15675	-1	10
k63_1286759	3	929	-1	1
k63_1286759	953	1573	-1	2
k63_1286759	1594	2175	-1	3
k63_1286759	2467	3498	1	4
k63_1286759	3565	4407	-1	5
k63_1286759	4420	6015	-1	6
k63_1286759	6012	7190	-1	7
k63_1286759	7294	7614	-1	8
k63_1286759	7614	8738	-1	9
k63_1286759	8751	9704	-1	10
k63_1286759	9763	10581	-1	11
k63_1286759	10638	11255	-1	12
k63_1286759	11658	12050	-1	13
k63_108077	187	1194	-1	1
k63_108077	1217	1948	-1	2
k63_1286991	2	787	-1	1
k63_1286991	837	2246	-1	2
k63_1286991	2387	3973	-1	3
k63_1286991	4353	5345	1	4
k63_1286991	5383	5691	1	5
k63_1501326	3	1463	-1	1
k63_1501326	1460	2317	-1	2
k63_1394144	1	1026	1	1
k63_1394144	1127	2533	1	2
k63_1394144	2565	4007	1	3
k63_858514	2	139	1	1
k63_858514	385	2358	1	2
k63_1072830	3	224	1	1
k63_1072830	196	873	-1	2
k63_1072830	932	1528	-1	3
k63_1072830	1521	2303	-1	4
k63_1072880	282	1298	1	1
k63_1072880	1444	2325	1	2
k63_1072880	2333	3514	1	3
k63_322915	52	2451	-1	1
k63_323146	3	506	-1	1
k63_323146	677	2104	-1	2
k63_323146	2101	3393	-1	3
k63_1394565	2	94	1	1
k63_1394565	91	183	1	2
k63_1394565	180	743	1	3
k63_1394565	751	2211	1	4
k63_1394565	2246	2929	1	5
k63_858858	1	621	1	1
k63_858858	679	1677	1	2
k63_858858	1674	4064	-1	3
k63_1180495	3	773	-1	1
k63_1180495	830	1648	-1	2
k63_1394627	3	1127	1	1
k63_1394627	1185	3149	-1	2
k63_1394627	3371	4156	1	3
k63_966016	3	779	-1	1
k63_966016	1175	2647	1	2
k63_966016	2731	3873	-1	3
k63_966016	4038	4922	-1	4
k63_1287578	2	409	1	1
k63_1287578	528	1976	1	2
k63_645646	1	1050	1	1
k63_645646	1359	2123	1	2
k63_645646	2237	3094	-1	3
k63_645646	3161	4201	-1	4
k63_430584	129	707	-1	1
k63_430584	790	1524	-1	2
k63_430584	1753	2631	-1	3
k63_430584	2882	3832	1	4
k63_430619	380	2638	1	1
k63_323460	2	133	1	1
k63_323460	228	917	1	2
k63_323460	1042	1974	-1	3
k63_645698	3	89	-1	1
k63_645698	252	2030	1	2
k63_430662	2	4999	1	1
k63_1180771	3	848	-1	1
k63_1180771	897	1571	-1	2
k63_1180771	1735	2103	-1	3
k63_1180771	2305	4374	1	4
k63_1180771	4561	5979	-1	5
k63_1180771	6067	6864	-1	6
k63_1180771	6876	7880	-1	7
k63_1180771	7945	8397	-1	8
k63_1180771	8700	9944	1	9
k63_1180771	10061	10963	1	10
k63_1180771	11019	12230	-1	11
k63_645821	3	1481	-1	1
k63_645821	1510	2121	-1	2
k63_1502195	1	249	1	1
k63_1502195	308	913	1	2
k63_1502195	1252	1821	1	3
k63_1502195	1818	2507	1	4
k63_1502195	2583	3095	1	5
k63_1502195	3092	4180	1	6
k63_1502195	4392	7646	1	7
k63_1502195	7698	8465	1	8
k63_1502195	8523	9170	-1	9
k63_1502195	9317	10759	1	10
k63_1502195	10834	11625	-1	11
k63_1502195	11676	12464	-1	12
k63_1502195	12461	13786	-1	13
k63_1502195	13883	14338	-1	14
k63_752148	61	165	-1	1
k63_752148	343	2940	-1	2
k63_752148	2964	3188	-1	3
k63_752148	3677	5425	1	4
k63_752148	5439	6278	1	5
k63_859159	1	183	1	1
k63_859159	380	700	1	2
k63_859159	932	1702	1	3
k63_859159	2047	3546	1	4
k63_859159	3556	3915	1	5
k63_859257	3	389	-1	1
k63_859257	649	2592	-1	2
k63_859257	2594	3553	-1	3
k63_859257	3553	4473	-1	4
k63_431000	2	874	1	1
k63_431000	953	1369	-1	2
k63_431000	1421	2299	-1	3
k63_431000	2358	3161	-1	4
k63_431000	3348	3923	-1	5
k63_1180989	1	1131	1	1
k63_1180989	1019	1870	-1	2
k63_1180989	2089	2880	-1	3
k63_1180989	2877	3128	-1	4
k63_1180989	3143	4432	-1	5
k63_1180989	4917	5375	1	6
k63_1180989	5827	6207	1	7
k63_1180989	6219	6920	1	8
k63_1180989	7264	7773	1	9
k63_1180989	7962	8081	1	10
k63_1180989	8103	9029	1	11
k63_1180989	8974	9156	1	12
k63_1180989	9514	10707	1	13
k63_1180989	10682	11329	1	14
k63_538763	2	586	1	1
k63_538763	663	1052	-1	2
k63_538763	1087	2058	-1	3
k63_538763	2237	3172	-1	4
k63_538763	3380	4099	1	5
k63_1395267	296	643	-1	1
k63_1395267	741	935	-1	2
k63_1395267	1089	1469	-1	3
k63_1395267	1983	2339	-1	4
k63_1395267	2636	3226	1	5
k63_1395267	3258	4268	1	6
k63_646144	3	386	-1	1
k63_646144	647	1423	1	2
k63_646144	1431	1943	1	3
k63_646144	2136	2768	1	4
k63_1502752	3	116	-1	1
k63_1502752	116	430	-1	2
k63_1502752	427	702	-1	3
k63_1502752	733	2022	-1	4
k63_1502752	2303	3073	1	5
k63_1502752	3117	4589	1	6
k63_1073946	3	1121	-1	1
k63_1073946	1251	2288	-1	2
k63_1073946	2310	2738	-1	3
k63_1073946	2990	3409	-1	4
k63_1073946	3531	4301	-1	5
k63_1073946	4490	5494	-1	6
k63_1073946	6000	6794	1	7
k63_1395532	223	2880	1	1
k63_1395532	2967	3524	1	2
k63_1395532	3770	4180	1	3
k63_1395532	4280	5032	1	4
k63_1395532	5203	5814	-1	5
k63_1395532	6036	6713	1	6
k63_1395532	6728	7456	1	7
k63_1395532	7473	8309	-1	8
k63_752612	3	2195	1	1
k63_752612	2285	3094	1	2
k63_109565	2	1315	-1	1
k63_109565	1338	2246	-1	2
k63_109565	2267	2995	-1	3
k63_109565	3309	4799	1	4
k63_109565	4928	6496	1	5
k63_109565	6833	8413	1	6
k63_109565	8522	8860	1	7
k63_109565	8850	9116	1	8
k63_109565	9393	9638	1	9
k63_967017	2	208	-1	1
k63_967017	259	1407	1	2
k63_967017	1404	1859	1	3
k63_967017	1912	3018	1	4
k63_967017	3124	3942	1	5
k63_967017	4108	5253	-1	6
k63_967017	5372	6592	-1	7
k63_967017	6826	6975	1	8
k63_967017	7000	7569	1	9
k63_967017	7578	8450	1	10
k63_967017	8444	9262	1	11
k63_967017	9600	9956	1	12
k63_431482	1	774	1	1
k63_431482	1039	2580	1	2
k63_431482	3242	4231	1	3
k63_431482	4590	5135	1	4
k63_431482	5153	6781	1	5
k63_1395725	2	397	1	1
k63_1395725	403	1239	-1	2
k63_1395725	1303	2133	1	3
k63_1395725	2671	2871	1	4
k63_646555	1	2028	1	1
k63_646555	2028	2171	1	2
k63_324337	3	1436	-1	1
k63_324337	1569	3065	-1	2
k63_324337	3066	4631	-1	3
k63_324337	4712	5143	-1	4
k63_324337	5250	7139	-1	5
k63_324337	7330	7629	-1	6
k63_324337	7799	8326	-1	7
k63_324337	8343	9602	-1	8
k63_324337	9762	11411	-1	9
k63_324337	11656	13140	-1	10
k63_324337	13239	13763	-1	11
k63_324337	13901	14242	-1	12
k63_324337	14275	15471	-1	13
k63_324337	15638	15745	-1	14
k63_3239	1	240	1	1
k63_3239	276	830	1	2
k63_3239	852	2066	1	3
k63_3239	2210	2311	1	4
k63_3239	2340	2912	1	5
k63_3239	3054	5060	-1	6
k63_3239	5163	7133	-1	7
k63_3239	7133	9436	-1	8
k63_3239	9637	11148	-1	9
k63_3239	11538	12113	-1	10
k63_3239	12104	13066	-1	11
k63_3239	13274	14644	-1	12
k63_3239	14784	15242	-1	13
k63_3239	15246	15668	-1	14
k63_3239	15687	17921	-1	15
k63_859990	3	3023	-1	1
k63_859990	3113	3898	-1	2
k63_859990	4157	5431	-1	3
k63_859990	5496	5948	-1	4
k63_859990	5954	6970	-1	5
k63_752738	526	984	1	1
k63_752738	1023	1706	1	2
k63_752738	1760	2992	1	3
k63_752738	3034	3966	1	4
k63_752738	4171	4950	-1	5
k63_752738	5041	6489	-1	6
k63_752738	6486	6665	-1	7
k63_752738	7022	7147	-1	8
k63_646612	2	370	1	1
k63_646612	382	1221	1	2
k63_646612	1329	2372	1	3
k63_646612	2442	3209	1	4
k63_646612	3435	7256	1	5
k63_646612	7364	8842	1	6
k63_324473	507	2198	-1	1
k63_324473	2458	4359	-1	2
k63_324473	4578	5933	-1	3
k63_324473	6295	6663	-1	4
k63_324473	6913	7293	1	5
k63_324473	7511	9013	1	6
k63_324473	9107	9670	1	7
k63_324473	9714	10544	-1	8
k63_324473	10693	11565	-1	9
k63_324473	11854	13290	-1	10
k63_324473	13313	14503	-1	11
k63_324473	14649	15833	-1	12
k63_324473	16065	16370	1	13
k63_324473	16419	16529	-1	14
k63_1181822	3	1049	1	1
k63_1181822	1033	2262	1	2
k63_967393	1	1323	1	1
k63_967393	1335	2372	1	2
k63_967393	2372	2974	1	3
k63_967393	3127	3285	1	4
k63_217110	2	532	1	1
k63_217110	510	3074	1	2
k63_217110	3094	4194	1	3
k63_217110	4240	5064	1	4
k63_217110	5225	5305	1	5
k63_967475	1	207	1	1
k63_967475	652	1419	1	2
k63_967475	1462	2448	1	3
k63_860396	2	1933	-1	1
k63_860396	2045	3592	-1	2
k63_860396	3694	4599	-1	3
k63_1074543	1	531	1	1
k63_1074543	576	1727	1	2
k63_1074543	1824	2777	-1	3
k63_1074571	1	1773	-1	1
k63_1074571	2002	3066	1	2
k63_1074571	3253	4041	1	3
k63_1074571	4168	5115	1	4
k63_1074571	5262	6086	1	5
k63_1074571	6090	6836	1	6
k63_646730	1	681	1	1
k63_646730	730	1293	1	2
k63_646730	1459	2991	1	3
k63_646730	3235	3717	1	4
k63_646730	3746	4651	1	5
k63_646730	4866	5897	1	6
k63_646730	5962	6417	1	7
k63_646730	6814	8538	1	8
k63_753161	1	933	1	1
k63_753161	1312	2004	1	2
k63_753161	2206	3291	1	3
k63_324751	726	1418	1	1
k63_324751	1461	1637	1	2
k63_110022	455	1285	-1	1
k63_110022	1227	2237	-1	2
k63_110022	2263	2526	-1	3
k63_110022	2695	3498	1	4
k63_110022	3549	4469	1	5
k63_753294	3	707	-1	1
k63_753294	729	1817	-1	2
k63_110157	1	153	1	1
k63_110157	331	1941	1	2
k63_110157	1957	3051	1	3
k63_110157	3111	4016	-1	4
k63_753422	2	259	-1	1
k63_753422	333	2258	-1	2
k63_539947	167	268	-1	1
k63_539947	265	1179	-1	2
k63_539947	1182	2174	-1	3
k63_539947	2677	4188	1	4
k63_539947	4291	4845	1	5
k63_539947	5069	6361	1	6
k63_539947	6369	7082	-1	7
k63_1503828	3	1271	-1	1
k63_1503828	1532	2020	1	2
k63_1503828	2060	2584	1	3
k63_1503842	3	857	-1	1
k63_1503842	908	2239	-1	2
k63_1503842	2252	3031	-1	3
k63_1503842	3150	3635	-1	4
k63_1289341	1	564	1	1
k63_1289341	612	932	1	2
k63_1289341	1023	2018	1	3
k63_1289341	2036	2611	1	4
k63_1289341	2624	3718	1	5
k63_1289341	3782	4645	1	6
k63_1289341	4770	4877	-1	7
k63_1289341	4950	5120	-1	8
k63_1289341	5463	5669	-1	9
k63_1289341	6470	7195	-1	10
k63_1289341	7349	8095	1	11
k63_1289341	8204	9058	1	12
k63_1289341	9104	9418	1	13
k63_1289341	9446	9748	1	14
k63_1289341	9765	10589	1	15
k63_1289341	10641	11639	1	16
k63_1289341	11768	12526	-1	17
k63_1289341	12529	12981	-1	18
k63_325096	3	3872	-1	1
k63_325096	3906	4115	1	2
k63_325096	4081	5250	-1	3
k63_647227	3	194	-1	1
k63_647227	199	714	-1	2
k63_647227	801	1589	-1	3
k63_647227	2537	3157	1	4
k63_647227	3318	4598	1	5
k63_647227	4693	5097	-1	6
k63_647227	5131	6150	-1	7
k63_647227	6390	7025	-1	8
k63_647227	7051	7422	-1	9
k63_647227	7644	8036	-1	10
k63_647227	8281	9612	-1	11
k63_647227	9643	10119	-1	12
k63_647227	10238	10753	-1	13
k63_647227	10846	11214	-1	14
k63_647227	11623	12192	-1	15
k63_647227	12279	12680	-1	16
k63_647227	13068	13631	-1	17
k63_647227	13720	13953	-1	18
k63_647227	13964	14332	-1	19
k63_647227	14488	14763	-1	20
k63_647227	14871	15059	-1	21
k63_647227	15147	15554	-1	22
k63_647227	15594	16412	-1	23
k63_647227	16492	16848	-1	24
k63_647227	16977	17246	-1	25
k63_647227	17308	18123	-1	26
k63_647227	18343	18642	-1	27
k63_647227	18648	19295	-1	28
k63_647227	19335	19976	-1	29
k63_647227	20088	20399	-1	30
k63_647227	20518	21717	-1	31
k63_647227	21935	24052	-1	32
k63_647227	24108	24578	-1	33
k63_647227	24597	24968	-1	34
k63_647227	25228	26487	-1	35
k63_647227	26567	27199	-1	36
k63_647227	27210	27698	-1	37
k63_647227	27703	28206	-1	38
k63_540079	1	327	1	1
k63_540079	389	1774	-1	2
k63_540079	2133	3338	1	3
k63_540079	3490	4062	1	4
k63_968188	1	2274	-1	1
k63_968188	2288	3274	-1	2
k63_968188	3422	4198	-1	3
k63_1182409	3	815	-1	1
k63_1182409	941	1624	1	2
k63_110435	1	765	1	1
k63_110435	1135	2163	1	2
k63_110435	2156	4318	1	3
k63_110435	4537	5589	1	4
k63_110435	5680	7668	-1	5
k63_110435	7698	9044	-1	6
k63_110435	9162	10961	-1	7
k63_110435	11039	12652	-1	8
k63_110435	12791	13744	1	9
k63_110435	13773	14204	1	10
k63_540183	2	112	1	1
k63_540183	181	1146	-1	2
k63_540183	1338	2276	-1	3
k63_540183	2484	3335	-1	4
k63_968360	1	1371	1	1
k63_968360	1372	2550	-1	2
k63_968360	2959	7662	-1	3
k63_968392	1	411	1	1
k63_968392	718	1776	1	2
k63_968392	2154	3005	1	3
k63_325374	1	1266	1	1
k63_325374	1610	4129	1	2
k63_325374	4254	5948	1	3
k63_325374	5957	7684	1	4
k63_110687	50	1270	-1	1
k63_110687	1384	3210	-1	2
k63_110687	3207	4406	-1	3
k63_1504289	110	1237	1	1
k63_1504289	1424	2224	1	2
k63_1504289	2284	2556	-1	3
k63_1504289	2569	3363	-1	4
k63_1504289	3381	4052	-1	5
k63_1504289	4225	5499	-1	6
k63_1504289	6030	6410	1	7
k63_1504289	6575	7975	-1	8
k63_1504289	7977	8669	-1	9
k63_1504289	9219	9491	-1	10
k63_1504289	9791	10297	1	11
k63_1182660	3	821	-1	1
k63_1182660	848	1906	-1	2
k63_1182660	1934	2080	-1	3
k63_647572	3	500	-1	1
k63_647572	646	1905	1	2
k63_647572	1927	3300	1	3
k63_647572	3362	5503	-1	4
k63_647572	5563	7443	-1	5
k63_647572	7989	9533	1	6
k63_647572	9535	11091	1	7
k63_647572	11123	12514	1	8
k63_647572	12586	13029	-1	9
k63_647572	13333	13416	1	10
k63_1396862	275	709	-1	1
k63_1396862	734	2161	-1	2
k63_1396862	2222	4288	-1	3
k63_1396862	4368	5894	-1	4
k63_1396862	5904	6269	-1	5
k63_1396862	6611	7657	1	6
k63_1396862	7671	8870	1	7
k63_1396862	8973	10310	1	8
k63_1504374	607	1374	1	1
k63_1504374	1482	2081	1	2
k63_1504374	2142	2384	1	3
k63_1504374	2436	3038	1	4
k63_1504374	3265	3720	1	5
k63_1504374	3788	4522	-1	6
k63_1504374	4919	6079	1	7
k63_1504374	6211	7272	1	8
k63_1504374	7283	8356	1	9
k63_1504374	8394	9401	-1	10
k63_1504374	9406	10671	-1	11
k63_1504374	10652	11386	-1	12
k63_1504374	11436	12005	-1	13
k63_1504374	12236	12418	1	14
k63_1504374	12605	13375	1	15
k63_861342	3	1586	-1	1
k63_110852	58	1122	1	1
k63_110852	1486	3795	-1	2
k63_110852	3844	4308	-1	3
k63_110852	4388	4675	-1	4
k63_110852	4693	5538	-1	5
k63_110852	5569	6522	-1	6
k63_1504421	3	1871	1	1
k63_861354	1	684	-1	1
k63_861354	825	1622	-1	2
k63_861354	1864	5403	-1	3
k63_861354	5683	6084	-1	4
k63_861354	6292	6843	-1	5
k63_861354	6840	7208	-1	6
k63_861354	7328	9187	-1	7
k63_861354	9335	9796	-1	8
k63_110888	3	1631	-1	1
k63_647817	1	93	-1	1
k63_647817	192	1985	-1	2
k63_647817	2181	4736	-1	3
k63_647817	5034	6491	1	4
k63_647817	6569	6670	-1	5
k63_647817	6808	7677	1	6
k63_647817	7646	8386	1	7
k63_647817	8475	8627	-1	8
k63_1182839	1	732	-1	1
k63_1182839	845	2017	-1	2
k63_1182839	2339	2782	1	3
k63_861431	3	1148	1	1
k63_861431	1182	2354	-1	2
k63_861431	2647	6177	1	3
k63_861431	6383	7204	1	4
k63_861431	7213	7497	1	5
k63_1396950	2	433	-1	1
k63_1396950	718	1941	1	2
k63_1396950	1913	2773	1	3
k63_1396950	2921	4597	1	4
k63_1396950	4788	5510	-1	5
k63_1396950	5971	6114	1	6
k63_111090	3	467	-1	1
k63_111090	519	863	-1	2
k63_111090	920	1321	-1	3
k63_111090	1545	1658	-1	4
k63_111090	1788	2087	1	5
k63_754382	3	770	-1	1
k63_754382	1144	1731	1	2
k63_540881	3	1136	-1	1
k63_540881	1426	2772	1	2
k63_540881	2814	3347	-1	3
k63_4987	3	1061	-1	1
k63_4987	1199	1579	1	2
k63_4987	1589	2371	-1	3
k63_4987	2480	2653	-1	4
k63_432728	238	1206	-1	1
k63_432728	1207	1821	-1	2
k63_432728	2042	2350	-1	3
k63_432728	2535	4334	-1	4
k63_648155	3	1082	-1	1
k63_648155	1669	1872	-1	2
k63_111208	797	1561	-1	1
k63_111208	1565	1795	-1	2
k63_861783	1	357	-1	1
k63_861783	680	1918	1	2
k63_861783	2084	2512	-1	3
k63_1183179	1	99	-1	1
k63_1183179	387	2021	-1	2
k63_1183179	2167	2979	-1	3
k63_1183179	3030	3842	-1	4
k63_1183179	3958	4992	-1	5
k63_1183179	5501	6628	1	6
k63_1183179	6747	7547	1	7
k63_1183179	7857	8510	1	8
k63_5140	254	1444	1	1
k63_5140	1320	1778	-1	2
k63_5140	2257	2472	1	3
k63_5140	2635	3456	1	4
k63_5140	3456	4229	1	5
k63_5140	4391	4717	1	6
k63_5140	4714	5469	1	7
k63_5140	5726	5902	1	8
k63_1504691	92	1123	-1	1
k63_1504691	1647	2318	1	2
k63_1504691	2321	3283	-1	3
k63_1504691	3267	4073	-1	4
k63_1504691	4153	4917	-1	5
k63_1504691	5707	6480	1	6
k63_1504691	6788	9184	1	7
k63_1504691	9201	9911	1	8
k63_1504691	9913	10599	-1	9
k63_969078	3	314	-1	1
k63_969078	317	2443	-1	2
k63_5271	1	834	-1	1
k63_5271	1229	1471	1	2
k63_5271	1464	1925	1	3
k63_5271	1922	2779	1	4
k63_5271	2844	3863	1	5
k63_5271	3976	5100	1	6
k63_5271	5101	5949	1	7
k63_5271	6173	7099	1	8
k63_5271	7172	7249	1	9
k63_5292	3	524	-1	1
k63_5292	570	2051	-1	2
k63_5292	2048	3760	-1	3
k63_5292	4155	5342	-1	4
k63_5292	5362	6255	-1	5
k63_5292	6304	6918	-1	6
k63_5292	7118	10507	-1	7
k63_969287	80	361	1	1
k63_969287	565	852	1	2
k63_969287	949	1593	1	3
k63_969287	1711	2085	-1	4
k63_648709	2	181	-1	1
k63_648709	217	1194	-1	2
k63_648709	1265	1897	-1	3
k63_648709	1912	2814	-1	4
k63_648709	3373	4065	-1	5
k63_648709	4231	4860	-1	6
k63_648709	4857	5486	-1	7
k63_541499	1	1341	-1	1
k63_541499	1465	2712	-1	2
k63_541499	2779	4047	-1	3
k63_541499	4214	5698	-1	4
k63_541499	5768	6877	-1	5
k63_541499	7014	8219	-1	6
k63_541499	8310	9938	-1	7
k63_326396	3	92	-1	1
k63_326396	89	763	-1	2
k63_326396	778	1908	-1	3
k63_326396	2069	2959	-1	4
k63_326396	3416	4039	-1	5
k63_111781	59	544	1	1
k63_111781	1072	2277	1	2
k63_111781	2322	3590	1	3
k63_111781	3719	4438	1	4
k63_111781	4560	5087	1	5
k63_111781	5104	5412	1	6
k63_111781	5504	7729	1	7
k63_111781	7881	9392	1	8
k63_111781	9409	10899	1	9
k63_969442	131	751	-1	1
k63_969442	808	1272	-1	2
k63_969442	1475	2212	-1	3
k63_969442	2282	3406	-1	4
k63_969442	3529	4038	-1	5
k63_969442	4119	6575	-1	6
k63_969442	6762	7178	-1	7
k63_969442	7238	8056	-1	8
k63_969442	8160	9830	-1	9
k63_969442	10037	10972	1	10
k63_969442	11194	12438	1	11
k63_648858	145	381	-1	1
k63_648858	395	1633	-1	2
k63_648858	1749	1982	-1	3
k63_648858	2114	2905	-1	4
k63_648858	2895	3833	-1	5
k63_648858	4025	5020	-1	6
k63_648858	5462	6037	-1	7
k63_648858	6131	7453	-1	8
k63_648858	7889	8674	-1	9
k63_648858	9006	9353	1	10
k63_648858	9531	11171	1	11
k63_648858	11291	12292	1	12
k63_648858	12314	14470	1	13
k63_648858	14477	15658	-1	14
k63_648858	15642	16238	-1	15
k63_648858	16553	21808	1	16
k63_648858	21916	27615	1	17
k63_648858	27669	29219	-1	18
k63_648858	29630	30682	1	19
k63_648858	30835	31506	1	20
k63_648858	31493	32629	1	21
k63_648858	32780	34738	1	22
k63_648858	34970	37387	1	23
k63_648858	37384	39687	1	24
k63_648858	39855	40649	1	25
k63_648858	40749	40973	-1	26
k63_648858	40995	41282	-1	27
k63_648858	41305	41637	-1	28
k63_648858	41796	42509	1	29
k63_326629	29	1021	-1	1
k63_326629	1048	2076	-1	2
k63_326629	2673	4127	-1	3
k63_326629	4169	4774	-1	4
k63_326629	4939	5175	1	5
k63_1183773	1	2103	-1	1
k63_1183773	2289	3989	-1	2
k63_1183773	4004	5266	-1	3
k63_1183773	5319	5588	-1	4
k63_219101	1	276	1	1
k63_219101	360	1487	-1	2
k63_219101	1652	3352	-1	3
k63_219101	3815	5419	1	4
k63_219101	5550	5897	-1	5
k63_1397942	3	644	-1	1
k63_1397942	732	1436	1	2
k63_1397942	1543	2784	-1	3
k63_433458	202	1287	1	1
k63_433458	1487	2572	1	2
k63_433458	2806	3939	-1	3
k63_433462	3	656	1	1
k63_433462	713	2065	1	2
k63_433462	2033	2890	-1	3
k63_433462	3039	3860	1	4
k63_433462	4177	5577	-1	5
k63_433462	5944	6858	1	6
k63_433462	6862	7587	1	7
k63_433462	7764	9032	1	8
k63_433462	9288	10364	1	9
k63_433462	10391	11893	1	10
k63_433462	11952	12551	1	11
k63_433462	12727	13629	1	12
k63_433462	13713	14318	-1	13
k63_969683	1	1446	-1	1
k63_969683	1547	4021	-1	2
k63_969683	4301	5221	-1	3
k63_969683	5459	6313	-1	4
k63_969683	6491	7282	-1	5
k63_969683	7297	7389	-1	6
k63_969683	7389	7616	-1	7
k63_969683	7641	7856	-1	8
k63_219190	87	1043	-1	1
k63_219190	1223	2113	1	2
k63_219190	2425	3288	-1	3
k63_1505311	3	173	1	1
k63_1505311	443	3589	1	2
k63_112242	3	1604	-1	1
k63_112242	1738	2700	-1	2
k63_433519	1	336	-1	1
k63_433519	381	1358	-1	2
k63_433519	1666	2280	-1	3
k63_433519	2469	6137	-1	4
k63_433519	6238	8148	-1	5
k63_433519	8189	9856	-1	6
k63_433519	9834	11189	-1	7
k63_433519	11324	11956	-1	8
k63_112326	73	495	1	1
k63_112326	764	1687	-1	2
k63_433599	146	1156	1	1
k63_433599	1191	2003	1	2
k63_433599	2045	2482	-1	3
k63_433599	2466	3164	-1	4
k63_433599	3249	5021	-1	5
k63_969909	2	1123	1	1
k63_969909	1095	3191	1	2
k63_969909	3974	5302	1	3
k63_969909	5411	5626	1	4
k63_969909	5835	6902	1	5
k63_969909	6928	7806	1	6
k63_969909	8151	8615	1	7
k63_1184179	2	625	1	1
k63_1184179	801	2108	1	2
k63_1184179	2168	3757	1	3
k63_1184179	4097	5491	1	4
k63_755808	3	1595	1	1
k63_755808	1679	2407	-1	2
k63_649357	2	499	-1	1
k63_649357	612	1844	-1	2
k63_649357	2040	3353	-1	3
k63_1291087	2	736	1	1
k63_1291087	865	2079	1	2
k63_1291087	2102	2338	-1	3
k63_755979	1	3087	1	1
k63_755979	3233	4201	1	2
k63_755979	4269	5396	1	3
k63_755979	5765	7072	1	4
k63_755979	7229	9271	1	5
k63_1398627	1	3387	-1	1
k63_1184658	119	967	-1	1
k63_1184658	984	1598	-1	2
k63_327328	1	714	-1	1
k63_327328	890	1798	1	2
k63_327328	1795	3450	-1	3
k63_327328	3646	5574	1	4
k63_327328	5622	8558	-1	5
k63_327328	8627	9895	-1	6
k63_327328	9937	11709	-1	7
k63_327328	11714	13240	-1	8
k63_327328	13253	14170	-1	9
k63_327328	14195	14662	-1	10
k63_327328	14810	15529	-1	11
k63_327328	15534	15989	-1	12
k63_1505733	1	2244	-1	1
k63_327368	3	794	-1	1
k63_327368	930	1688	-1	2
k63_327368	1698	2270	-1	3
k63_327368	2541	3368	1	4
k63_327368	3441	4463	1	5
k63_327368	4460	5314	1	6
k63_327368	5431	6570	1	7
k63_327368	6682	7692	1	8
k63_327368	7732	9303	1	9
k63_327368	9339	9770	1	10
k63_327368	9919	10578	1	11
k63_327368	10644	13097	1	12
k63_327368	13285	13905	1	13
k63_327368	13936	14706	1	14
k63_327368	14738	15841	1	15
k63_327368	15856	16590	1	16
k63_6374	2	433	-1	1
k63_6374	456	1247	-1	2
k63_6374	1478	3019	1	3
k63_6374	3108	4043	1	4
k63_6374	4063	4719	1	5
k63_6374	4732	5760	1	6
k63_434005	2	244	1	1
k63_434005	384	1397	-1	2
k63_434005	1446	1793	-1	3
k63_434005	1921	2901	-1	4
k63_434005	3096	3941	-1	5
k63_434005	3966	5168	-1	6
k63_434005	5436	5684	1	7
k63_1291639	3	839	-1	1
k63_1291639	960	2951	-1	2
k63_863664	1	579	1	1
k63_863664	672	2180	1	2
k63_1184925	29	844	1	1
k63_1184925	1218	3671	1	2
k63_1184925	3731	4393	1	3
k63_1184925	4493	5440	1	4
k63_1184925	5458	6846	1	5
k63_1184925	7404	8423	1	6
k63_1184925	8560	9732	1	7
k63_1184925	9883	10800	1	8
k63_1184925	11162	13957	1	9
k63_1184925	13962	15959	-1	10
k63_1184925	16366	17169	1	11
k63_1184925	17277	18044	1	12
k63_1184925	18088	19044	1	13
k63_1184925	19183	19872	-1	14
k63_1184925	20000	20860	-1	15
k63_1184977	297	497	1	1
k63_1184977	533	1777	-1	2
k63_1184977	1961	3361	-1	3
k63_1184977	3381	4169	-1	4
k63_1184977	4166	4717	-1	5
k63_113371	3	521	-1	1
k63_113371	670	2175	-1	2
k63_756845	1	375	-1	1
k63_756845	715	1506	1	2
k63_756845	1619	2143	1	3
k63_1506242	3	437	-1	1
k63_1506242	758	2479	-1	2
k63_1506242	2637	3989	-1	3
k63_1506368	3	1628	-1	1
k63_1506368	1621	2160	-1	2
k63_1185427	295	1089	1	1
k63_1185427	1179	2000	-1	2
k63_1185427	2039	2917	-1	3
k63_1185427	3026	4054	-1	4
k63_1185427	4051	4380	-1	5
k63_1185427	4606	4812	1	6
k63_1185427	4809	5552	-1	7
k63_1185427	5912	6502	1	8
k63_1185427	6486	6869	1	9
k63_1185427	6947	7216	1	10
k63_1185427	7298	7993	1	11
k63_1185427	8112	8819	1	12
k63_1399504	2	1162	1	1
k63_1399504	1289	1495	1	2
k63_1399504	1544	2530	1	3
k63_1399504	2593	4620	1	4
k63_434610	1	180	1	1
k63_434610	313	1506	1	2
k63_434610	1541	1879	1	3
k63_434610	1876	2289	1	4
k63_434610	2354	3082	1	5
k63_1077444	3	980	1	1
k63_1077444	1287	2405	1	2
k63_1506761	1	1095	1	1
k63_1506761	1085	1834	-1	2
k63_1506761	1987	2415	-1	3
k63_757373	1	288	1	1
k63_757373	361	1440	-1	2
k63_757373	1751	2539	-1	3
k63_1506827	122	463	1	1
k63_1506827	466	963	1	2
k63_1506827	967	2019	1	3
k63_1506827	2046	2780	-1	4
k63_1506827	2909	3724	-1	5
k63_1506827	3853	4212	-1	6
k63_1506827	4495	5283	-1	7
k63_1506827	5298	6338	-1	8
k63_1506827	6382	7701	-1	9
k63_1506827	7658	8587	-1	10
k63_1506827	8584	8835	-1	11
k63_220619	3	1184	-1	1
k63_220619	1315	3624	-1	2
k63_220619	3691	4308	-1	3
k63_864536	1	720	1	1
k63_864536	737	2371	-1	2
k63_864536	2576	3706	-1	3
k63_864536	3971	5770	1	4
k63_864536	5796	6203	1	5
k63_1399946	1	273	1	1
k63_1399946	488	808	1	2
k63_1399946	922	1794	-1	3
k63_1399946	2011	2376	1	4
k63_1399946	2380	2700	1	5
k63_1399946	2803	3453	1	6
k63_1399946	3487	4389	1	7
k63_1399946	4468	5643	-1	8
k63_1399970	607	951	-1	1
k63_1399970	1128	2195	1	2
k63_1399970	2267	3712	1	3
k63_1399970	4334	6292	-1	4
k63_1399970	6738	7661	1	5
k63_1399970	7689	8090	1	6
k63_1399970	8105	9256	1	7
k63_328656	3	572	-1	1
k63_328656	569	991	-1	2
k63_328656	1302	2279	1	3
k63_328656	2906	3556	1	4
k63_328656	4035	4619	1	5
k63_328656	4766	5761	1	6
k63_7558	160	1935	1	1
k63_1186141	1	3003	1	1
k63_114229	243	1595	1	1
k63_864897	1	840	1	1
k63_864897	1039	1296	-1	2
k63_864897	1884	3557	-1	3
k63_864897	3778	4131	1	4
k63_1507381	3	296	1	1
k63_1507381	512	907	1	2
k63_1507381	864	1232	1	3
k63_1507381	1239	2909	1	4
k63_8073	2	100	1	1
k63_8073	380	2164	1	2
k63_221241	200	1228	-1	1
k63_221241	1347	3518	-1	2
k63_652037	1	1485	-1	1
k63_1293382	3	257	-1	1
k63_1293382	452	1177	-1	2
k63_1293382	1742	3112	1	3
k63_1293382	3248	4000	-1	4
k63_1293382	4131	4301	-1	5
k63_329671	224	544	1	1
k63_329671	621	1724	1	2
k63_329671	1726	2397	1	3
k63_329671	2590	3879	1	4
k63_329671	3925	4404	1	5
k63_329671	4550	5170	1	6
k63_329671	5226	6797	1	7
k63_329671	6966	8387	1	8
k63_329671	8547	8837	1	9
k63_329671	8955	9242	1	10
k63_329671	9239	9832	1	11
k63_329671	10167	11912	1	12
k63_114941	90	638	-1	1
k63_114941	717	1316	-1	2
k63_114941	1558	1650	1	3
k63_652197	2	1081	1	1
k63_652197	1106	1366	1	2
k63_652197	1477	2382	1	3
k63_652197	2379	3767	-1	4
k63_652197	3980	4249	1	5
k63_1293541	3	956	-1	1
k63_1293541	949	1335	-1	2
k63_1293541	1367	2455	-1	3
k63_1293541	2462	3214	-1	4
k63_1293541	3276	4319	-1	5
k63_1293541	4349	4864	-1	6
k63_1293541	4959	5219	-1	7
k63_1293541	5532	7865	-1	8
k63_1293541	8080	8370	-1	9
k63_1293541	8637	9608	-1	10
k63_1293541	9614	10645	-1	11
k63_1293541	10623	11039	-1	12
k63_1293541	11083	11367	-1	13
k63_1293541	11446	13500	-1	14
k63_1293541	13818	15134	-1	15
k63_1293541	15257	15751	-1	16
k63_1293541	16294	16914	1	17
k63_1293541	16911	18242	1	18
k63_1293541	18270	18944	-1	19
k63_1293541	18925	20433	-1	20
k63_1293541	20427	21443	-1	21
k63_1293541	21714	22523	1	22
k63_1293541	22698	23198	1	23
k63_1293541	23213	23392	1	24
k63_1293541	23399	24022	1	25
k63_1293580	2	283	1	1
k63_1293580	252	401	1	2
k63_1293580	702	923	-1	3
k63_1293580	1062	2126	1	4
k63_1293580	2257	3321	1	5
k63_1293580	3343	3822	-1	6
k63_329955	2	934	-1	1
k63_329955	1170	1700	1	2
k63_221876	3	1244	-1	1
k63_221876	1636	2103	1	2
k63_221876	2147	3418	-1	3
k63_221904	2	1138	-1	1
k63_221904	1286	2842	-1	2
k63_221904	3284	3583	1	3
k63_221904	3750	4055	1	4
k63_865898	1	624	-1	1
k63_865898	632	1732	-1	2
k63_865898	2055	2939	1	3
k63_865898	2936	3367	1	4
k63_972789	43	1851	-1	1
k63_972789	1848	2618	-1	2
k63_972789	2713	3102	-1	3
k63_972810	1	333	1	1
k63_972810	393	1757	-1	2
k63_221944	3	533	-1	1
k63_221944	756	1826	-1	2
k63_221944	1985	3577	-1	3
k63_221944	3732	4607	-1	4
k63_221944	4964	5149	-1	5
k63_221944	5419	6465	1	6
k63_222048	1	579	1	1
k63_222048	807	2942	1	2
k63_222048	3007	3999	1	3
k63_222048	4052	4489	1	4
k63_222048	4545	4850	-1	5
k63_222048	5130	5255	-1	6
k63_222048	5358	5810	-1	7
k63_222048	6220	6873	-1	8
k63_222048	7754	8770	1	9
k63_222048	8953	10506	1	10
k63_222096	1	522	1	1
k63_222096	649	1884	1	2
k63_1508475	410	1306	1	1
k63_1508475	1628	2899	1	2
k63_866116	3	1352	-1	1
k63_866116	1634	2248	-1	2
k63_866116	2411	2887	-1	3
k63_866116	2951	4204	-1	4
k63_866116	4627	4839	1	5
k63_866116	4885	7092	-1	6
k63_866116	7052	9652	-1	7
k63_866116	10038	10295	1	8
k63_866116	10423	10740	1	9
k63_866116	10904	11473	-1	10
k63_866116	11482	12435	-1	11
k63_866116	12893	14185	1	12
k63_866116	14201	15214	-1	13
k63_8888	1	2439	-1	1
k63_1079483	3	92	-1	1
k63_1079483	266	1477	-1	2
k63_1079483	1497	3560	-1	3
k63_8890	138	1358	1	1
k63_8890	1478	2224	1	2
k63_8890	2275	3132	1	3
k63_8890	3152	4276	1	4
k63_8890	4430	5308	1	5
k63_8890	5328	5588	-1	6
k63_8890	5593	6405	-1	7
k63_1079526	1	123	-1	1
k63_1079526	670	1116	1	2
k63_1079526	1179	2261	1	3
k63_1079526	2484	3707	1	4
k63_1079526	3777	4601	1	5
k63_115701	84	1970	-1	1
k63_866340	3	482	-1	1
k63_866340	934	2652	1	2
k63_866340	2955	3272	-1	3
k63_545663	2	844	1	1
k63_545663	841	2496	1	2
k63_545663	2769	3155	1	3
k63_545663	3188	3976	1	4
k63_652988	1	1569	1	1
k63_652988	1642	2640	1	2
k63_652988	2653	3516	1	3
k63_652988	3588	4229	1	4
k63_652988	4222	4845	1	5
k63_652988	4842	5612	-1	6
k63_652988	5625	5903	-1	7
k63_652988	5918	6895	-1	8
k63_652988	6942	7946	-1	9
k63_652988	7943	8683	-1	10
k63_652988	9219	9572	1	11
k63_652988	9595	10788	1	12
k63_115812	1	579	-1	1
k63_115812	589	1335	-1	2
k63_115812	1555	1842	-1	3
k63_115812	2014	2220	-1	4
k63_115812	2181	2696	-1	5
k63_222540	2	1792	1	1
k63_653051	1	273	1	1
k63_653051	239	1096	1	2
k63_653051	1101	2222	1	3
k63_1508997	1	678	-1	1
k63_1508997	879	1778	-1	2
k63_1508997	1930	3324	-1	3
k63_1508997	3469	4566	-1	4
k63_1508997	4796	5794	-1	5
k63_1508997	5945	6109	-1	6
k63_653113	2	505	1	1
k63_653113	859	1497	1	2
k63_653113	1677	2903	-1	3
k63_653113	2909	3391	-1	4
k63_1401887	185	475	-1	1
k63_1401887	927	3806	-1	2
k63_1401887	3825	4895	-1	3
k63_1401887	5169	6614	-1	4
k63_1401887	6903	8768	-1	5
k63_1401887	8803	9084	-1	6
k63_866830	2	850	-1	1
k63_866830	869	1474	-1	2
k63_866830	1657	2808	-1	3
k63_866830	2949	3947	-1	4
k63_331350	1	234	-1	1
k63_331350	252	392	-1	2
k63_331350	389	670	-1	3
k63_331350	833	967	1	4
k63_331350	1205	4615	1	5
k63_331350	4835	5293	-1	6
k63_436878	3	641	-1	1
k63_436878	658	2313	-1	2
k63_436878	2473	3795	-1	3
k63_436878	3874	4062	-1	4
k63_973967	191	1405	-1	1
k63_973967	1691	2185	-1	2
k63_867224	2	607	-1	1
k63_867224	693	1238	-1	2
k63_867224	1412	3859	-1	3
k63_867224	3924	4805	-1	4
k63_1509544	3	1409	1	1
k63_1509544	1439	2227	-1	2
k63_546469	1	162	1	1
k63_546469	722	1942	-1	2
k63_546469	2117	3079	-1	3
k63_546469	3101	3790	-1	4
k63_546469	3802	4815	-1	5
k63_546469	4925	6121	-1	6
k63_546469	6121	7110	-1	7
k63_546469	7160	7429	-1	8
k63_1509680	1	336	-1	1
k63_1509680	437	1873	-1	2
k63_1509680	1909	2211	-1	3
k63_223355	1	165	-1	1
k63_223355	342	1268	-1	2
k63_223355	1340	2203	-1	3
k63_223355	2502	3722	-1	4
k63_223355	3759	4166	-1	5
k63_867657	1	165	1	1
k63_867657	174	476	-1	2
k63_867657	533	1561	-1	3
k63_867657	1650	2693	-1	4
k63_867657	2824	3423	-1	5
k63_867657	3576	4118	-1	6
k63_867657	4279	5025	-1	7
k63_867657	5380	6162	1	8
k63_867657	6262	6876	-1	9
k63_867657	6880	7083	-1	10
k63_867657	7204	7623	-1	11
k63_867657	7654	7890	-1	12
k63_867657	8455	9318	-1	13
k63_867657	9365	10318	-1	14
k63_867657	10563	11381	1	15
k63_867657	11626	12687	1	16
k63_1509796	2	73	-1	1
k63_1509796	574	1572	-1	2
k63_1509796	1706	1954	-1	3
k63_1509796	1984	2145	-1	4
k63_760629	89	1552	1	1
k63_760629	1866	2762	1	2
k63_760629	2890	3834	1	3
k63_1402805	1	579	1	1
k63_1402805	938	2860	1	2
k63_1402805	2816	3043	-1	3
k63_1402805	3018	3437	-1	4
k63_1402805	3880	4071	1	5
k63_1402805	4295	5020	1	6
k63_1402805	4974	5327	1	7
k63_1402805	5876	6583	1	8
k63_1402805	7106	7405	1	9
k63_654240	2	913	1	1
k63_654240	910	1428	1	2
k63_654240	1437	1913	1	3
k63_654240	2081	2860	1	4
k63_654240	3032	3499	1	5
k63_654240	3582	5657	1	6
k63_1509963	2	202	1	1
k63_1509963	417	2333	1	2
k63_1509963	2429	2851	1	3
k63_1081201	1	564	1	1
k63_1081201	515	1411	1	2
k63_1081201	1589	2527	1	3
k63_1510108	1	2253	1	1
k63_1510108	2464	3027	1	2
k63_1510108	3134	3349	1	3
k63_223825	2	1531	1	1
k63_223825	1761	2597	1	2
k63_223825	2708	4525	1	3
k63_223825	4512	5657	-1	4
k63_223825	5660	5794	-1	5
k63_1295827	50	841	1	1
k63_1295827	1074	1223	1	2
k63_1295827	1171	3840	-1	3
k63_1295827	4007	4078	1	4
k63_1081436	3	941	-1	1
k63_1081436	1328	2476	-1	2
k63_1081436	2528	2674	1	3
k63_1081436	2759	3811	1	4
k63_1081436	3808	4578	1	5
k63_1081436	4700	4813	-1	6
k63_1081436	4818	5642	-1	7
k63_1510225	68	322	1	1
k63_1510225	618	1295	1	2
k63_1510225	1412	3016	1	3
k63_1510225	3110	3370	1	4
k63_117388	3	842	-1	1
k63_117388	960	1868	-1	2
k63_437719	33	737	1	1
k63_437719	709	900	1	2
k63_437719	935	1903	1	3
k63_437719	1946	2560	-1	4
k63_437719	2582	3865	-1	5
k63_437719	4147	4641	-1	6
k63_437719	4767	6710	-1	7
k63_437719	7521	7838	1	8
k63_437719	8038	9279	1	9
k63_974946	243	881	1	1
k63_974946	959	3076	1	2
k63_974946	3088	4068	1	3
k63_974946	4082	4321	1	4
k63_974946	4256	4522	-1	5
k63_974946	4796	5155	1	6
k63_1403247	274	960	-1	1
k63_1403247	1127	2422	-1	2
k63_761311	3	539	-1	1
k63_761311	951	1550	1	2
k63_761311	2025	2732	1	3
k63_761311	3718	3798	1	4
k63_1081637	262	1107	-1	1
k63_1081637	1230	2036	-1	2
k63_868158	1	450	1	1
k63_868158	645	1511	1	2
k63_868158	1547	2407	-1	3
k63_868158	2455	3222	-1	4
k63_868158	3330	4007	1	5
k63_437985	1	183	1	1
k63_437985	358	987	1	2
k63_437985	969	1553	1	3
k63_437985	1555	2598	-1	4
k63_437985	3113	3208	1	5
k63_1081994	2	1075	1	1
k63_1081994	1168	1356	1	2
k63_1081994	1646	3499	1	3
k63_1081994	3610	4542	1	4
k63_1081994	4753	5862	1	5
k63_868360	3	773	-1	1
k63_868360	1085	2026	-1	2
k63_655138	512	982	1	1
k63_655138	982	1689	1	2
k63_655138	1849	2031	-1	3
k63_655138	2051	2524	-1	4
k63_655138	2536	3477	-1	5
k63_868393	2	763	-1	1
k63_868393	777	1664	-1	2
k63_868393	1822	2730	-1	3
k63_868393	3325	9234	-1	4
k63_868393	9391	10308	-1	5
k63_868393	10360	10449	-1	6
k63_868393	10601	11215	-1	7
k63_868393	11391	12584	-1	8
k63_868393	12808	13806	-1	9
k63_868393	13969	15351	-1	10
k63_868393	15638	15838	1	11
k63_438273	3	2342	-1	1
k63_438273	2555	2929	-1	2
k63_438344	24	695	1	1
k63_438344	562	1347	-1	2
k63_438344	1590	2717	1	3
k63_438344	2822	3880	-1	4
k63_11441	243	947	1	1
k63_11441	1113	1817	1	2
k63_11441	2195	3043	1	3
k63_11441	3149	3457	1	4
k63_11441	3450	4319	1	5
k63_11441	4381	4950	1	6
k63_11441	5195	5959	1	7
k63_11441	6090	7451	-1	8
k63_11441	7492	8823	-1	9
k63_11441	9045	9704	1	10
k63_11441	9799	11733	1	11
k63_11441	11747	12535	1	12
k63_11441	12585	13592	1	13
k63_11441	13683	15548	1	14
k63_11441	15581	15820	1	15
k63_11441	15860	16600	1	16
k63_11441	16612	17517	-1	17
k63_11441	18282	18629	1	18
k63_11441	18690	19043	1	19
k63_11441	19145	19906	1	20
k63_11441	19957	21516	1	21
k63_11441	21597	22016	1	22
k63_11441	22013	23203	1	23
k63_11441	23200	23655	-1	24
k63_11441	23674	24018	-1	25
k63_11441	24322	26592	1	26
k63_11441	26849	27973	1	27
k63_11441	28014	28256	1	28
k63_1082330	1	795	-1	1
k63_1082330	823	1707	-1	2
k63_118523	1	702	1	1
k63_118523	695	1789	-1	2
k63_118523	2081	2470	1	3
k63_118523	2505	3263	1	4
k63_118523	3303	3476	-1	5
k63_438534	168	287	-1	1
k63_438534	484	1275	-1	2
k63_438534	1640	2992	-1	3
k63_438534	3197	5815	-1	4
k63_438534	5834	6364	-1	5
k63_438534	6929	7495	1	6
k63_438534	7577	8326	1	7
k63_438534	8397	8840	1	8
k63_438540	1	471	-1	1
k63_438540	501	1307	-1	2
k63_438540	1532	2317	1	3
k63_438540	2314	2979	1	4
k63_438540	3261	3461	1	5
k63_333507	3	236	-1	1
k63_333507	419	1237	1	2
k63_333507	1366	2430	-1	3
k63_333681	124	528	1	1
k63_333681	616	1446	1	2
k63_333681	1484	2686	-1	3
k63_333681	2749	4695	-1	4
k63_438732	3	629	-1	1
k63_438732	654	1868	-1	2
k63_438732	1898	2923	-1	3
k63_1190361	93	1121	1	1
k63_1190361	1243	2007	-1	2
k63_1404315	2	271	1	1
k63_1404315	486	1190	1	2
k63_1404315	1197	2036	1	3
k63_1404315	2036	2794	1	4
k63_1404315	2802	5768	-1	5
k63_11737	3	563	-1	1
k63_11737	740	2068	1	2
k63_868929	278	4579	1	1
k63_868929	4752	6731	1	2
k63_438837	2	145	1	1
k63_438837	129	1628	1	2
k63_438837	2490	5810	1	3
k63_438837	6136	7128	1	4
k63_438837	7242	7694	1	5
k63_438837	7748	8167	1	6
k63_438837	8672	12172	-1	7
k63_868987	3	4091	1	1
k63_868987	4105	4677	1	2
k63_868987	4707	4841	1	3
k63_868987	4838	4948	1	4
k63_868987	5249	5707	1	5
k63_762476	2	1417	1	1
k63_762476	1623	1871	-1	2
k63_762476	1868	2308	-1	3
k63_762476	2542	2949	-1	4
k63_762476	2987	4396	-1	5
k63_762476	4537	5010	-1	6
k63_762476	5052	5930	-1	7
k63_762476	5970	7493	-1	8
k63_762476	7615	8163	-1	9
k63_12121	218	838	1	1
k63_12121	924	1469	1	2
k63_12121	1536	2510	1	3
k63_12121	2562	4241	1	4
k63_12121	4256	5437	1	5
k63_12121	5437	6219	1	6
k63_1404909	3	782	-1	1
k63_1404909	1011	1730	1	2
k63_1404909	1723	2376	1	3
k63_1191202	267	1724	1	1
k63_1191202	1786	2649	1	2
k63_1191202	2675	3067	1	3
k63_976868	89	1780	1	1
k63_976868	1788	4454	1	2
k63_976868	4758	7781	-1	3
k63_976868	8094	9332	1	4
k63_976868	9337	10329	-1	5
k63_976868	10563	10844	-1	6
k63_225908	2	358	1	1
k63_225908	351	971	1	2
k63_225908	1511	4267	1	3
k63_225908	4413	4805	1	4
k63_225908	5029	6057	-1	5
k63_225908	6076	6876	-1	6
k63_226158	87	986	-1	1
k63_226158	1171	1773	-1	2
k63_226158	1784	2647	-1	3
k63_977329	1	471	1	1
k63_977329	518	1447	1	2
k63_977329	2068	2409	1	3
k63_977329	2406	3716	1	4
k63_977329	3854	6847	1	5
k63_977329	6933	8282	1	6
k63_977329	8412	9158	-1	7
k63_977329	9142	9441	-1	8
k63_977329	9463	9711	-1	9
k63_977329	9715	10944	-1	10
k63_226310	1	1893	-1	1
k63_226310	2171	3223	1	2
k63_226310	3582	4241	1	3
k63_226310	4419	5558	1	4
k63_226310	5592	6521	1	5
k63_226310	6630	7370	1	6
k63_226310	7445	8383	1	7
k63_763132	2	205	1	1
k63_763132	253	1455	-1	2
k63_763132	1667	3226	-1	3
k63_763132	3271	4506	-1	4
k63_763172	1	141	-1	1
k63_763172	391	1329	-1	2
k63_763172	1440	2006	-1	3
k63_763172	2073	2585	-1	4
k63_763172	2563	5316	-1	5
k63_763172	5448	5711	-1	6
k63_763172	5741	6586	-1	7
k63_763172	6769	7212	-1	8
k63_656770	2	259	1	1
k63_656770	256	651	1	2
k63_656770	908	2035	1	3
k63_656770	2084	3658	1	4
k63_1084058	3	2276	-1	1
k63_1084058	2562	2840	1	2
k63_977539	3	635	-1	1
k63_977539	776	1840	1	2
k63_977539	1837	2613	1	3
k63_1405845	3	1220	-1	1
k63_870646	76	771	1	1
k63_870646	829	1254	-1	2
k63_870646	1330	2118	-1	3
k63_870646	2136	2579	-1	4
k63_870646	2583	3170	1	5
k63_870646	3378	4583	1	6
k63_870646	4563	5801	-1	7
k63_870646	5858	6277	1	8
k63_870646	6343	7359	1	9
k63_870646	7609	8724	1	10
k63_870646	8755	9951	1	11
k63_870646	10112	10789	1	12
k63_977809	214	1098	1	1
k63_977809	1332	2780	1	2
k63_977809	2819	3655	1	3
k63_550044	236	409	-1	1
k63_550044	649	984	-1	2
k63_550044	988	1464	-1	3
k63_550044	1445	1744	-1	4
k63_550044	1778	2089	-1	5
k63_550044	2171	2557	-1	6
k63_550044	2554	3810	-1	7
k63_550044	3944	4285	-1	8
k63_550044	4377	5750	-1	9
k63_550044	5914	7332	-1	10
k63_550044	7383	8168	-1	11
k63_550044	8289	9284	-1	12
k63_550044	9484	9852	1	13
k63_550044	9894	10478	1	14
k63_977990	1	891	-1	1
k63_977990	893	1099	-1	2
k63_977990	1408	2244	-1	3
k63_763836	1	855	-1	1
k63_763836	1046	1648	-1	2
k63_763836	1944	2525	-1	3
k63_763836	2678	3241	-1	4
k63_763836	3285	3563	-1	5
k63_13697	3	1352	-1	1
k63_13697	1548	2543	1	2
k63_764155	1	870	1	1
k63_764155	864	1691	1	2
k63_764155	1715	2755	-1	3
k63_764155	2806	3597	-1	4
k63_764155	3601	3717	-1	5
k63_1513213	3	833	1	1
k63_1513213	879	1223	-1	2
k63_1513213	1207	1518	-1	3
k63_1513213	1799	2869	-1	4
k63_1513213	3388	3720	-1	5
k63_1513213	3764	4573	1	6
k63_1299031	3	365	-1	1
k63_1299031	628	1503	-1	2
k63_978348	3	1607	-1	1
k63_978348	2030	3421	1	2
k63_978348	3424	4881	1	3
k63_14163	1	261	-1	1
k63_14163	454	711	-1	2
k63_14163	1081	2745	-1	3
k63_14163	2787	4505	-1	4
k63_14163	4633	5280	-1	5
k63_14196	1	1455	-1	1
k63_14196	1615	2106	-1	2
k63_14196	2269	4161	-1	3
k63_14196	4389	5138	-1	4
k63_14196	5249	5605	-1	5
k63_14196	5803	8925	-1	6
k63_14196	9095	9961	-1	7
k63_14196	10039	10809	-1	8
k63_14196	10926	11414	-1	9
k63_14196	11903	12691	1	10
k63_14196	12779	13411	-1	11
k63_14196	13481	16030	-1	12
k63_1193254	2	268	1	1
k63_1193254	475	2127	1	2
k63_978438	3	611	-1	1
k63_978438	746	2896	-1	2
k63_1193298	3	1100	-1	1
k63_1193298	1097	2731	-1	2
k63_978469	1	747	1	1
k63_978469	891	2897	-1	2
k63_978469	2956	3624	-1	3
k63_978469	3660	4064	-1	4
k63_978469	4064	4399	-1	5
k63_978469	4569	5843	1	6
k63_978469	5866	6003	1	7
k63_657856	3	854	-1	1
k63_657856	2162	3727	-1	2
k63_657856	4327	5718	1	3
k63_657856	6142	7494	1	4
k63_657856	7653	8141	1	5
k63_657856	8308	9603	1	6
k63_657871	37	798	-1	1
k63_657871	1131	1931	1	2
k63_657871	1972	3858	-1	3
k63_657871	3978	5294	-1	4
k63_657871	5307	5792	-1	5
k63_1406951	2	844	-1	1
k63_1406951	923	2116	-1	2
k63_1406951	2109	2465	-1	3
k63_1406951	2468	3082	-1	4
k63_1406951	3338	3592	1	5
k63_1406951	3585	4046	1	6
k63_1406951	4012	4722	-1	7
k63_978698	1	489	-1	1
k63_978698	510	2015	-1	2
k63_227972	1	1362	-1	1
k63_227972	1586	2539	1	2
k63_227972	2663	4120	-1	3
k63_227972	4227	5393	-1	4
k63_227972	5444	6127	-1	5
k63_658219	2	1528	1	1
k63_658219	1583	3076	1	2
k63_658219	3120	4145	-1	3
k63_1513893	2	1567	-1	1
k63_228276	3	698	-1	1
k63_228276	981	2408	1	2
k63_121467	3	650	-1	1
k63_121467	757	1629	-1	2
k63_228396	336	1385	1	1
k63_228396	1404	3512	-1	2
k63_228396	3840	4532	1	3
k63_228396	4727	5101	-1	4
k63_121653	3	80	-1	1
k63_121653	624	1058	-1	2
k63_121653	1221	1598	-1	3
k63_121653	1824	2648	-1	4
k63_442146	1	165	-1	1
k63_442146	186	974	1	2
k63_442146	1105	1260	1	3
k63_442146	1447	2085	-1	4
k63_442146	2309	3358	1	5
k63_442146	3495	4460	-1	6
k63_442146	4680	5660	-1	7
k63_442146	5753	6313	-1	8
k63_442146	6538	7152	-1	9
k63_442146	7205	8401	-1	10
k63_442146	8388	9062	-1	11
k63_442146	9228	10106	-1	12
k63_442146	10119	11012	-1	13
k63_442146	11094	12284	-1	14
k63_442146	12452	13588	-1	15
k63_1514246	3	2351	-1	1
k63_1514246	2299	2730	-1	2
k63_1086171	1	60	-1	1
k63_1086171	417	1166	-1	2
k63_1086171	1243	2523	-1	3
k63_228602	3	635	-1	1
k63_228602	760	1065	-1	2
k63_228602	1117	1980	-1	3
k63_228602	2058	2465	-1	4
k63_228602	2526	2834	-1	5
k63_658766	1	198	1	1
k63_658766	398	1306	1	2
k63_658766	1331	1840	1	3
k63_1407770	28	903	1	1
k63_1407770	938	1966	1	2
k63_1407770	1996	2745	1	3
k63_1407770	2817	2894	-1	4
k63_872720	2	91	-1	1
k63_872720	75	1259	-1	2
k63_1300376	1	360	1	1
k63_1300376	357	1160	-1	2
k63_1300376	1413	1613	-1	3
k63_1300376	1808	2038	1	4
k63_1300376	2094	2645	1	5
k63_1300376	2831	4462	-1	6
k63_1300376	4775	5368	1	7
k63_1514948	1	288	-1	1
k63_1514948	317	553	-1	2
k63_1514948	567	1160	-1	3
k63_1514948	1157	1399	-1	4
k63_1514948	1417	2313	-1	5
k63_337475	3	476	-1	1
k63_337475	594	1580	-1	2
k63_337475	1546	2367	-1	3
k63_337475	2645	3574	-1	4
k63_337475	3785	4537	1	5
k63_337475	4585	5559	-1	6
k63_337475	5704	6582	-1	7
k63_337475	6710	6844	-1	8
k63_659294	3	956	1	1
k63_659294	1055	2281	1	2
k63_659294	2485	3759	1	3
k63_659294	3976	5700	1	4
k63_659294	5836	6612	1	5
k63_659294	6668	6988	1	6
k63_765976	262	1179	1	1
k63_765976	1169	1378	1	2
k63_765976	1433	2191	1	3
k63_765976	2166	2753	1	4
k63_765976	2817	3374	1	5
k63_765976	3457	3975	1	6
k63_765976	4111	5469	1	7
k63_765976	5502	7220	1	8
k63_765976	7272	7985	1	9
k63_1408125	1	1095	-1	1
k63_1408125	1118	3406	-1	2
k63_1408125	3551	4303	-1	3
k63_1515055	17	2395	-1	1
k63_659510	1	522	1	1
k63_659510	774	1970	1	2
k63_337736	1	435	1	1
k63_337736	588	881	-1	2
k63_337736	928	1545	-1	3
k63_337736	2017	3285	1	4
k63_337736	3499	4308	1	5
k63_337736	4353	4463	-1	6
k63_229512	2	892	1	1
k63_229512	930	1517	1	2
k63_229512	1604	1885	1	3
k63_229512	1882	3579	1	4
k63_229512	3595	5346	1	5
k63_229512	5374	5670	1	6
k63_766361	20	1252	-1	1
k63_766361	1524	2216	-1	2
k63_766361	2323	2628	-1	3
k63_766361	2639	3577	-1	4
k63_766361	3831	4562	1	5
k63_766361	4597	5634	1	6
k63_766361	5640	6089	1	7
k63_873452	3	683	-1	1
k63_873452	952	1818	1	2
k63_873452	1839	2603	1	3
k63_873452	2695	3135	-1	4
k63_443300	2	805	1	1
k63_443300	961	2673	1	2
k63_443300	2945	4063	1	3
k63_443300	4277	4957	1	4
k63_443300	5147	5503	1	5
k63_443300	5667	6416	-1	6
k63_443300	6608	7405	-1	7
k63_1408647	1	2598	1	1
k63_1408647	2625	3710	1	2
k63_1408647	3813	4577	1	3
k63_1408647	4580	5941	1	4
k63_1408647	5945	7234	1	5
k63_1408647	7257	7568	-1	6
k63_1408647	7577	8059	-1	7
k63_1408754	729	1049	-1	1
k63_1408754	1277	1498	1	2
k63_443592	403	873	1	1
k63_443592	958	1428	1	2
k63_443592	1587	1787	1	3
k63_443592	1849	2295	1	4
k63_443592	2298	3629	1	5
k63_443592	3749	4573	1	6
k63_443592	4738	5517	1	7
k63_443592	5519	7081	1	8
k63_443592	7246	8607	1	9
k63_443592	8792	9820	1	10
k63_443592	9780	10481	1	11
k63_443592	10541	11014	1	12
k63_443592	11067	12482	1	13
k63_443592	12606	13247	1	14
k63_443592	13353	13943	1	15
k63_443592	14060	15274	1	16
k63_443592	15304	16233	1	17
k63_1409024	112	1650	-1	1
k63_1409024	1653	3518	-1	2
k63_230342	429	902	-1	1
k63_230342	1039	2100	-1	2
k63_230342	2369	3571	-1	3
k63_443767	3	416	1	1
k63_443767	573	2381	-1	2
k63_443767	2397	4088	-1	3
k63_443767	4436	5242	1	4
k63_1516278	1	912	1	1
k63_1516278	942	2486	1	2
k63_660625	1	597	1	1
k63_660625	668	1486	-1	2
k63_660625	1486	1761	-1	3
k63_660625	1940	2725	-1	4
k63_660625	2770	4062	-1	5
k63_660625	4169	4672	-1	6
k63_1409300	1	900	1	1
k63_1409300	1033	1614	1	2
k63_1409300	1701	2438	1	3
k63_553815	1	2988	-1	1
k63_553815	3237	4079	-1	2
k63_553815	4284	4556	-1	3
k63_123665	2	289	-1	1
k63_123665	349	1368	-1	2
k63_123665	1810	5247	-1	3
k63_123665	5818	6234	1	4
k63_123665	6381	7175	1	5
k63_123665	7191	9026	1	6
k63_123665	9088	9372	1	7
k63_123665	9342	9743	1	8
k63_123665	9857	10747	1	9
k63_123665	10789	12834	1	10
k63_123665	12969	13979	1	11
k63_123665	14008	14223	1	12
k63_123665	14388	15515	1	13
k63_123665	15617	16891	1	14
k63_123665	16991	18556	1	15
k63_123665	18742	19047	1	16
k63_1409429	209	529	1	1
k63_1409429	755	2059	1	2
k63_1409429	2208	2810	1	3
k63_1409429	2975	4510	1	4
k63_1409429	4610	4993	1	5
k63_1409429	5198	7585	1	6
k63_230761	2	208	1	1
k63_230761	224	1294	1	2
k63_230761	1409	3022	1	3
k63_230761	3255	3419	1	4
k63_230761	3432	3674	1	5
k63_16990	392	817	1	1
k63_16990	1243	1590	1	2
k63_16990	1626	2417	-1	3
k63_16990	2442	3296	-1	4
k63_16990	3534	4712	1	5
k63_16990	5255	5971	1	6
k63_444143	3	1349	-1	1
k63_444143	1370	2284	-1	2
k63_444143	2269	2604	-1	3
k63_661122	94	453	1	1
k63_661122	519	1208	1	2
k63_661122	1298	1525	1	3
k63_1516738	132	2000	1	1
k63_1516738	2016	2732	1	2
k63_1516738	2788	3126	1	3
k63_1516738	3261	5717	1	4
k63_1516738	5710	6969	1	5
k63_1516738	6988	7173	1	6
k63_1516738	7279	7983	1	7
k63_1516738	8235	8600	1	8
k63_1516738	8820	9539	1	9
k63_661230	3	2201	-1	1
k63_661230	2570	3622	1	2
k63_661230	3712	4362	1	3
k63_661230	4407	5675	-1	4
k63_231134	3	350	1	1
k63_231134	666	1235	1	2
k63_231134	1248	3527	1	3
k63_231134	3533	4327	-1	4
k63_231134	4475	4843	-1	5
k63_231134	4867	5451	-1	6
k63_231134	5710	6411	-1	7
k63_231134	6392	6625	-1	8
k63_1302036	142	768	-1	1
k63_1302036	770	1078	-1	2
k63_1302036	1255	3192	1	3
k63_339570	21	968	1	1
k63_339570	1009	2082	1	2
k63_1302184	3	1112	-1	1
k63_1302184	1220	1552	-1	2
k63_767931	1	1770	1	1
k63_1409897	1	312	-1	1
k63_1409897	400	1209	1	2
k63_1409897	1374	2342	1	3
k63_1409897	2346	2981	1	4
k63_1409897	3021	3692	1	5
k63_17410	3	728	1	1
k63_17410	759	1352	1	2
k63_17410	1395	2087	1	3
k63_17410	2114	2926	1	4
k63_17410	2965	4797	1	5
k63_17410	4998	5693	1	6
k63_874955	2	1108	1	1
k63_874955	1105	2802	1	2
k63_874955	2909	3679	-1	3
k63_874955	3908	4174	-1	4
k63_874955	4240	4704	-1	5
k63_874955	4865	5842	1	6
k63_554471	204	1187	-1	1
k63_554471	1339	2178	-1	2
k63_554471	2220	2999	-1	3
k63_768122	3	437	1	1
k63_768122	1044	2216	1	2
k63_768122	2287	3000	1	3
k63_1196720	3	419	-1	1
k63_1196720	554	2140	-1	2
k63_1196720	2375	3340	1	3
k63_1196720	3333	4367	1	4
k63_1196720	4545	4871	1	5
k63_1196720	4961	6757	1	6
k63_1196720	6754	8235	1	7
k63_1196720	8264	9016	1	8
k63_1302637	1	153	-1	1
k63_1302637	216	1193	-1	2
k63_1302637	1326	2738	-1	3
k63_124663	3	626	-1	1
k63_124663	768	1760	-1	2
k63_124663	1800	2096	-1	3
k63_124663	2047	2349	-1	4
k63_124663	2371	2661	-1	5
k63_124663	2624	2926	-1	6
k63_124663	3112	3828	1	7
k63_124663	3836	3943	1	8
k63_1302862	365	1669	1	1
k63_445058	1	504	-1	1
k63_445058	736	1521	-1	2
k63_445058	1800	2303	1	3
k63_125043	187	1164	-1	1
k63_125043	1161	2087	-1	2
k63_125043	2578	2745	-1	3
k63_445255	2	511	-1	1
k63_445255	549	2318	-1	2
k63_445255	2522	3478	-1	3
k63_982929	1	3489	1	1
k63_662004	1	117	-1	1
k63_662004	472	912	-1	2
k63_662004	1255	2214	1	3
k63_662004	2264	3520	1	4
k63_662004	3528	4532	1	5
k63_662004	4538	5536	1	6
k63_662004	5567	6463	1	7
k63_662004	6628	6903	1	8
k63_662004	6983	7696	1	9
k63_662004	7774	8475	1	10
k63_662004	8731	10362	1	11
k63_662004	10425	10988	1	12
k63_662004	11008	11364	1	13
k63_662014	1	357	-1	1
k63_662014	851	1645	1	2
k63_662014	1715	2734	1	3
k63_662014	2999	3979	1	4
k63_983060	3	254	1	1
k63_983060	178	846	-1	2
k63_983060	1255	2160	1	3
k63_983060	2201	2539	-1	4
k63_983209	2	571	1	1
k63_983209	621	2051	1	2
k63_983209	2177	2347	-1	3
k63_983209	2689	2934	-1	4
k63_1518197	3	845	-1	1
k63_1518197	1043	1723	1	2
k63_1518197	1720	1917	1	3
k63_1518197	1989	2243	1	4
k63_445754	324	1250	1	1
k63_445754	1372	2838	1	2
k63_445754	2896	4830	-1	3
k63_445754	5293	6135	-1	4
k63_445875	1	165	1	1
k63_445875	242	2314	1	2
k63_126240	1	630	-1	1
k63_126240	843	2804	-1	2
k63_126240	2947	4464	-1	3
k63_233459	1	891	1	1
k63_233459	906	2297	1	2
k63_233459	2471	3112	1	3
k63_233459	3090	3611	-1	4
k63_1518589	115	1368	-1	1
k63_1518589	2173	2385	-1	2
k63_1518589	2477	3154	-1	3
k63_1518589	3151	3798	-1	4
k63_1518589	4039	4284	-1	5
k63_126714	2	295	1	1
k63_126714	292	1092	1	2
k63_126714	1196	2239	-1	3
k63_1091301	58	2031	1	1
k63_1091301	2044	3495	1	2
k63_1091301	3542	5161	1	3
k63_1091301	5191	6315	1	4
k63_1091301	6360	8321	1	5
k63_1091301	8511	9140	-1	6
k63_1198694	2	64	-1	1
k63_1198694	374	1012	1	2
k63_1198694	996	1283	1	3
k63_1198694	1758	2219	1	4
k63_663416	154	831	1	1
k63_663416	865	1131	1	2
k63_663416	1145	1342	1	3
k63_663416	1510	2184	1	4
k63_984668	120	2573	1	1
k63_556634	938	1375	1	1
k63_556634	1435	1830	1	2
k63_556634	2070	3350	1	3
k63_984820	160	1284	-1	1
k63_984820	1490	2248	1	2
k63_1304917	217	822	1	1
k63_1304917	870	1460	1	2
k63_1304917	1544	2098	1	3
k63_1304917	2095	2244	1	4
k63_1304917	2410	2841	1	5
k63_1304917	3088	3432	1	6
k63_1304917	3594	5534	1	7
k63_1304917	5647	6618	1	8
k63_770606	1	1875	1	1
k63_127241	3	98	-1	1
k63_127241	310	1560	1	2
k63_127241	1572	2810	1	3
k63_127241	2866	3366	1	4
k63_1519399	96	728	-1	1
k63_1519399	895	2178	1	2
k63_1519399	2278	3543	1	3
k63_1519399	3590	4420	1	4
k63_1519399	4655	4960	1	5
k63_1519399	5140	6159	1	6
k63_1519399	6196	6426	1	7
k63_1519399	6449	7645	-1	8
k63_1519399	7985	8098	1	9
k63_1412714	1	579	1	1
k63_1412714	576	1580	1	2
k63_1412714	1604	3388	-1	3
k63_1412714	4326	6146	1	4
k63_1412714	6241	7791	1	5
k63_1412714	8250	8447	1	6
k63_1412714	8447	9307	1	7
k63_1412714	9504	10274	1	8
k63_1412714	10536	11978	1	9
k63_1412714	12188	13504	1	10
k63_1412714	13753	14808	1	11
k63_1412714	14926	18078	1	12
k63_1519497	1	993	1	1
k63_1519497	1166	1828	1	2
k63_1519497	1843	2691	1	3
k63_1519497	2747	2875	1	4
k63_1519497	3087	4037	1	5
k63_1519497	4146	5027	1	6
k63_1519497	5064	6083	-1	7
k63_234525	185	913	1	1
k63_234525	1052	1303	-1	2
k63_234525	1352	2989	1	3
k63_234525	3075	3536	-1	4
k63_234525	3622	4002	-1	5
k63_234525	4199	5674	1	6
k63_1519665	114	323	-1	1
k63_1519665	692	1516	-1	2
k63_1519665	1775	2662	-1	3
k63_985583	1	924	1	1
k63_985583	921	1832	-1	2
k63_985583	2011	2472	1	3
k63_447451	3	473	-1	1
k63_447451	1121	3811	1	2
k63_447451	3968	6565	1	3
k63_447451	6625	6735	1	4
k63_1413200	32	781	-1	1
k63_1413200	1070	2086	-1	2
k63_1413200	2145	4385	-1	3
k63_1413200	4366	4506	-1	4
k63_1413200	4463	5029	-1	5
k63_1413200	5029	5466	-1	6
k63_1413200	5727	5954	-1	7
k63_1413200	6025	6627	-1	8
k63_1413200	6742	7386	1	9
k63_985942	3	197	-1	1
k63_985942	291	725	-1	2
k63_985942	892	1677	-1	3
k63_985942	1900	4299	-1	4
k63_447745	3	1253	-1	1
k63_447745	1253	1561	-1	2
k63_771796	1	1065	1	1
k63_771796	1263	2861	1	2
k63_771796	2866	3879	1	3
k63_771796	4177	4524	1	4
k63_771796	4521	4823	1	5
k63_1200575	2	280	1	1
k63_1200575	333	1460	1	2
k63_1521018	39	740	-1	1
k63_1521018	908	1354	-1	2
k63_1521018	1504	3948	-1	3
k63_1521018	4125	5219	-1	4
k63_1521018	5470	6549	1	5
k63_1521018	6603	6761	1	6
k63_235939	13	807	-1	1
k63_235939	1286	2116	1	2
k63_879187	34	897	1	1
k63_879187	915	1988	1	2
k63_1307246	3	347	-1	1
k63_1307246	455	2428	-1	2
k63_987473	3	536	-1	1
k63_987473	612	1448	-1	2
k63_987473	1651	2382	1	3
k63_987473	2402	4027	1	4
k63_987473	4032	5291	1	5
k63_987473	5298	5834	1	6
k63_987473	5834	7120	1	7
k63_666978	1	2451	1	1
k63_666978	2387	2566	-1	2
k63_666978	2547	2765	-1	3
k63_129906	32	511	-1	1
k63_129906	527	1993	-1	2
k63_129906	2083	2415	-1	3
k63_129906	2436	4634	-1	4
k63_129906	4869	5231	-1	5
k63_129906	5224	5466	-1	6
k63_129906	5483	7321	-1	7
k63_1522481	1	285	1	1
k63_1522481	260	823	1	2
k63_1522481	956	1738	1	3
k63_1522481	1911	2441	1	4
k63_1522481	2544	3326	1	5
k63_1522481	3268	4770	1	6
k63_1522481	4809	5948	1	7
k63_559729	2	2410	-1	1
k63_559729	2407	8100	-1	2
k63_559729	8553	9791	-1	3
k63_559729	9809	10375	-1	4
k63_559729	10826	11818	1	5
k63_559729	11920	12534	-1	6
k63_559729	12669	13544	-1	7
k63_559729	13808	15541	-1	8
k63_559729	15806	16747	-1	9
k63_559729	16767	17303	-1	10
k63_559729	17352	18809	-1	11
k63_1522615	1	894	1	1
k63_1522615	1223	2005	1	2
k63_1522615	2380	2847	-1	3
k63_1522615	3317	4297	1	4
k63_1522615	4619	10501	1	5
k63_1415885	2	622	1	1
k63_1415885	917	1930	-1	2
k63_1522777	2	1294	-1	1
k63_1522777	1517	1702	-1	2
k63_988774	3	2102	-1	1
k63_988774	2376	2555	-1	2
k63_774719	3	281	-1	1
k63_774719	297	1499	-1	2
k63_774719	1499	3877	-1	3
k63_347413	3	722	-1	1
k63_347413	843	1610	-1	2
k63_347413	1768	2295	-1	3
k63_1095658	1	387	1	1
k63_1095658	391	819	1	2
k63_1095658	869	2542	-1	3
k63_1095658	2995	3837	1	4
k63_1095658	4017	4370	1	5
k63_880918	49	942	-1	1
k63_880918	961	1677	-1	2
k63_880918	1967	3010	-1	3
k63_880918	3206	3922	1	4
k63_667783	1	138	-1	1
k63_667783	282	1952	1	2
k63_1203398	2	394	1	1
k63_1203398	1009	1767	-1	2
k63_1203398	2158	3318	1	3
k63_1203398	3463	5469	1	4
k63_1095812	122	1213	1	1
k63_1095812	1254	2462	-1	2
k63_881062	124	276	-1	1
k63_881062	714	1463	-1	2
k63_881062	1530	2321	-1	3
k63_881062	2332	3612	-1	4
k63_881062	3609	4439	-1	5
k63_881062	4504	5052	1	6
k63_881062	5111	5971	1	7
k63_881062	6003	6995	1	8
k63_881062	7026	7613	-1	9
k63_881062	7658	9244	-1	10
k63_881062	9544	9924	1	11
k63_237958	1	126	-1	1
k63_237958	282	1565	-1	2
k63_237958	1738	3843	-1	3
k63_1203879	3	1763	-1	1
k63_1203879	1808	2395	-1	2
k63_1203879	2408	3121	-1	3
k63_1203879	3134	3892	-1	4
k63_1203879	4030	4290	-1	5
k63_989766	3	371	-1	1
k63_989766	435	1412	-1	2
k63_989766	1824	2657	-1	3
k63_989766	2654	2971	-1	4
k63_1096372	2	835	1	1
k63_1096372	872	1666	-1	2
k63_1096372	1679	2038	-1	3
k63_1096372	2141	2980	1	4
k63_1096372	3041	3754	1	5
k63_1096372	3818	4804	1	6
k63_1096372	4913	5875	1	7
k63_1096372	5862	7601	1	8
k63_23799	3	1130	-1	1
k63_23799	1669	1809	-1	2
k63_238628	3	152	-1	1
k63_238628	372	1391	-1	2
k63_238628	1558	2955	-1	3
k63_238628	3122	4150	-1	4
k63_990210	15	1097	1	1
k63_990210	1287	2237	1	2
k63_990210	2294	2404	1	3
k63_990210	2359	2847	-1	4
k63_668764	1	234	1	1
k63_668764	318	2231	-1	2
k63_668764	2349	2579	-1	3
k63_881814	65	577	-1	1
k63_881814	677	1702	-1	2
k63_881814	1839	2276	-1	3
k63_881814	2312	4525	-1	4
k63_881814	4528	5346	-1	5
k63_990364	2	373	-1	1
k63_990364	539	1270	-1	2
k63_990364	1310	1891	-1	3
k63_990364	1996	2346	-1	4
k63_561571	1	2091	1	1
k63_561571	2173	3837	-1	2
k63_561571	3857	4288	-1	3
k63_561571	4413	7085	-1	4
k63_561571	7119	7676	-1	5
k63_561571	7745	9673	-1	6
k63_561571	9766	10506	-1	7
k63_561571	10766	11695	-1	8
k63_561571	11661	12215	-1	9
k63_561571	12232	13104	-1	10
k63_561571	13363	14592	1	11
k63_1417677	1	810	-1	1
k63_1417677	1016	1684	-1	2
k63_132131	3	1397	-1	1
k63_132131	1756	2676	1	2
k63_1205055	1	957	1	1
k63_1205055	992	1963	-1	2
k63_1524702	2	1927	-1	1
k63_1524702	2101	3039	-1	2
k63_349085	3	368	-1	1
k63_349085	368	2167	-1	2
k63_349085	2618	4600	-1	3
k63_451869	189	1457	-1	1
k63_451869	2386	3702	-1	2
k63_451869	3872	5503	-1	3
k63_451869	5710	6285	1	4
k63_451869	6568	8487	-1	5
k63_451869	8539	9738	-1	6
k63_451869	10031	10897	-1	7
k63_451869	11057	11764	-1	8
k63_451869	11787	13814	-1	9
k63_451869	13947	15197	-1	10
k63_451869	15378	15656	-1	11
k63_451869	15717	18509	-1	12
k63_451869	18585	19055	-1	13
k63_669599	3	65	-1	1
k63_669599	133	585	-1	2
k63_669599	1420	2082	-1	3
k63_776979	2	958	-1	1
k63_776979	1001	2401	-1	2
k63_776979	2519	4369	-1	3
k63_776979	5049	5852	1	4
k63_776979	5926	6009	1	5
k63_1205611	69	842	-1	1
k63_1205611	888	2573	-1	2
k63_1205611	2584	3909	-1	3
k63_1205611	3929	4249	-1	4
k63_1205611	4331	4555	-1	5
k63_1205611	4968	5705	1	6
k63_1205611	5997	6530	1	7
k63_1205611	6541	7569	-1	8
k63_1205611	7992	9398	-1	9
k63_1205611	9512	10729	-1	10
k63_1205611	10729	11613	-1	11
k63_1311019	1	918	1	1
k63_1311019	986	2446	1	2
k63_1311019	2585	2830	-1	3
k63_239972	1	753	1	1
k63_239972	750	1748	-1	2
k63_239972	1974	2213	1	3
k63_239972	2289	2489	-1	4
k63_452443	211	2391	-1	1
k63_452443	2716	3447	-1	2
k63_1311362	32	1033	1	1
k63_1311362	1066	2415	1	2
k63_25672	93	2033	-1	1
k63_25672	2187	2957	-1	2
k63_25672	3105	3971	-1	3
k63_25672	3965	4099	-1	4
k63_25672	4394	6199	-1	5
k63_883408	1	1872	1	1
k63_883408	2179	2958	1	2
k63_883408	3064	3837	1	3
k63_883408	4117	6402	1	4
k63_883408	6527	7174	1	5
k63_883408	7272	8129	1	6
k63_883408	8159	8944	1	7
k63_133587	101	895	1	1
k63_133587	911	1555	1	2
k63_133587	1763	2539	1	3
k63_453312	1	1530	1	1
k63_453312	1608	2210	-1	2
k63_563662	2	193	1	1
k63_563662	389	646	1	2
k63_563662	787	1845	1	3
k63_1312187	2	1141	1	1
k63_1312187	1179	1385	1	2
k63_1312187	1530	2300	1	3
k63_1312187	2393	3619	1	4
k63_1312187	3753	5297	-1	5
k63_1312187	5656	6225	1	6
k63_884189	3	1907	-1	1
k63_884189	2055	3158	-1	2
k63_884189	3109	3834	-1	3
k63_884189	4000	5130	-1	4
k63_884189	5145	6014	-1	5
k63_1419962	1	78	-1	1
k63_1419962	195	1526	-1	2
k63_1419962	1516	2403	-1	3
k63_26438	3	485	-1	1
k63_26438	838	1647	1	2
k63_453538	3	845	-1	1
k63_453538	1078	2436	-1	2
k63_453538	2909	3268	1	3
k63_453538	3338	4297	1	4
k63_453538	4339	4881	-1	5
k63_453538	4933	5970	-1	6
k63_453538	6685	6948	-1	7
k63_453538	7212	7346	-1	8
k63_351090	82	549	1	1
k63_351090	835	1938	1	2
k63_351090	1977	2999	1	3
k63_884741	2	853	1	1
k63_884741	850	1923	1	2
k63_884741	2050	2745	1	3
k63_884741	2883	3275	1	4
k63_351702	2	580	1	1
k63_351702	779	1837	1	2
k63_351702	1837	2352	1	3
k63_351702	2641	4587	1	4
k63_351702	4798	5883	1	5
k63_779223	191	1102	-1	1
k63_779223	1178	1792	-1	2
k63_779223	2138	3565	1	3
k63_779223	3758	5206	1	4
k63_1420871	3	221	-1	1
k63_1420871	208	1248	-1	2
k63_1420871	1238	1579	-1	3
k63_1420871	1593	3002	-1	4
k63_1420871	3075	3617	-1	5
k63_1420871	3855	4502	1	6
k63_1420871	4602	5681	1	7
k63_1420871	5702	6478	1	8
k63_1420871	6606	7016	1	9
k63_1420871	7006	7587	1	10
k63_671900	3	977	1	1
k63_671900	1142	2011	1	2
k63_671900	2153	2629	1	3
k63_671900	2793	4208	1	4
k63_671900	4265	4558	1	5
k63_671996	3	383	-1	1
k63_671996	377	1129	-1	2
k63_671996	1154	1585	-1	3
k63_1313459	155	403	1	1
k63_1313459	823	2220	1	2
k63_885418	1408	2922	1	1
k63_885418	2943	4085	1	2
k63_885418	4078	5916	1	3
k63_885418	5883	6464	1	4
k63_885418	6572	6949	1	5
k63_885418	6975	7748	1	6
k63_885418	7796	8209	1	7
k63_885418	8366	8905	1	8
k63_994175	1	1395	-1	1
k63_994175	1511	2440	-1	2
k63_994175	2745	3194	1	3
k63_994175	3417	4763	1	4
k63_994175	4923	6785	1	5
k63_994175	6875	10060	1	6
k63_994175	10310	11038	1	7
k63_994175	11066	12217	-1	8
k63_994175	12337	13278	-1	9
k63_994175	13495	14565	-1	10
k63_243439	121	906	-1	1
k63_243439	906	2369	-1	2
k63_994937	289	1476	1	1
k63_994937	1477	2808	1	2
k63_28719	1	648	1	1
k63_28719	846	1682	1	2
k63_28719	1780	2064	1	3
k63_28719	2132	3184	1	4
k63_28719	3262	4281	1	5
k63_28719	4332	5084	1	6
k63_566251	64	690	-1	1
k63_566251	677	2026	-1	2
k63_566251	2163	3332	-1	3
k63_674444	229	762	1	1
k63_674444	759	1820	1	2
k63_674444	1849	2490	-1	3
k63_887005	3	1040	1	1
k63_887005	1111	1698	1	2
k63_887005	1902	2600	1	3
k63_244470	24	2768	1	1
k63_244470	2979	3935	1	2
k63_244470	4177	5490	1	3
k63_244470	5545	6495	1	4
k63_244470	6495	7445	1	5
k63_244470	7509	8894	1	6
k63_244470	8891	10546	1	7
k63_245064	1	105	-1	1
k63_245064	529	1233	-1	2
k63_245064	1776	3230	1	3
k63_245064	3609	4415	1	4
k63_245064	4919	5464	1	5
k63_245064	5461	5841	-1	6
k63_782800	263	1057	-1	1
k63_782800	1117	1374	-1	2
k63_782800	1371	1901	-1	3
k63_782800	2077	3222	-1	4
k63_782800	3992	4117	1	5
k63_1530067	2	787	1	1
k63_1530067	849	2114	1	2
k63_675697	7	834	-1	1
k63_675697	893	1702	-1	2
k63_1102967	3	161	-1	1
k63_1102967	173	1207	-1	2
k63_1102967	1427	2251	-1	3
k63_1102967	2392	3156	1	4
k63_1102967	3374	10093	1	5
k63_355155	1	2817	1	1
k63_355155	2913	3083	1	2
k63_1210996	1	711	1	1
k63_1210996	907	4779	1	2
k63_1210996	4802	5125	1	3
k63_1210996	5252	5998	1	4
k63_675946	2	811	-1	1
k63_675946	1221	2228	-1	2
k63_1211266	126	1241	-1	1
k63_1211266	1491	2576	-1	2
k63_888860	422	2737	1	1
k63_888860	2774	3892	1	2
k63_888860	4314	6635	1	3
k63_888860	6638	7207	1	4
k63_888860	7280	7726	1	5
k63_457732	3	860	-1	1
k63_457732	924	1250	-1	2
k63_457732	1452	2240	-1	3
k63_457732	2255	3856	-1	4
k63_457732	4330	6876	1	5
k63_996993	1	303	1	1
k63_996993	419	2272	1	2
k63_996993	2303	3349	1	3
k63_996993	3490	4263	1	4
k63_997309	63	371	-1	1
k63_997309	416	790	-1	2
k63_997309	914	1675	-1	3
k63_997309	1874	2881	-1	4
k63_997309	2899	4062	-1	5
k63_31136	58	2862	-1	1
k63_31136	3222	3773	-1	2
k63_31136	3795	4343	-1	3
k63_31136	4512	5975	-1	4
k63_1318089	205	450	1	1
k63_1318089	527	1558	1	2
k63_1318089	1577	2494	1	3
k63_1318089	2614	4377	1	4
k63_1318089	4463	5542	1	5
k63_997564	157	900	-1	1
k63_997564	1065	3218	-1	2
k63_997564	3175	3993	-1	3
k63_997564	4255	4917	-1	4
k63_569200	2	1228	1	1
k63_569200	1409	2053	-1	2
k63_569200	2119	3039	-1	3
k63_569200	3056	3211	-1	4
k63_569730	1	513	-1	1
k63_569730	516	1235	-1	2
k63_569730	1400	2197	-1	3
k63_569730	2199	2354	-1	4
k63_677552	1	126	1	1
k63_677552	176	1012	1	2
k63_677552	1026	1886	1	3
k63_1532146	1	1335	-1	1
k63_1532146	1305	2057	-1	2
k63_785311	129	674	1	1
k63_785311	832	1872	1	2
k63_998559	3	908	-1	1
k63_998559	1055	2122	-1	2
k63_998559	2269	2376	-1	3
k63_998559	2389	2514	-1	4
k63_998559	2627	5797	-1	5
k63_998559	6067	9123	-1	6
k63_1426053	1	1953	1	1
k63_998762	1	1875	-1	1
k63_998762	2067	3080	-1	2
k63_998762	3136	4278	-1	3
k63_998762	4453	4917	-1	4
k63_1532533	2	676	1	1
k63_1532533	760	1098	-1	2
k63_1532533	1303	2718	-1	3
k63_1532533	3242	3838	-1	4
k63_1532533	4006	5340	-1	5
k63_1532533	5503	5886	-1	6
k63_1532533	5931	6764	-1	7
k63_1532533	6844	7443	-1	8
k63_140843	345	1448	1	1
k63_140843	1493	2293	1	2
k63_140843	2341	3156	1	3
k63_140843	3294	4439	1	4
k63_140843	4539	8645	1	5
k63_140843	8710	9048	1	6
k63_140843	9176	9985	1	7
k63_140843	10030	11079	1	8
k63_140843	11169	11540	-1	9
k63_140843	12072	19400	1	10
k63_140843	19615	19803	1	11
k63_140843	19934	21922	1	12
k63_140843	22088	23134	1	13
k63_140843	23305	23778	1	14
k63_140843	23822	24634	1	15
k63_140843	24729	25760	1	16
k63_678320	2	631	1	1
k63_678320	836	1942	1	2
k63_678320	2015	2938	1	3
k63_678320	2922	4082	1	4
k63_678320	4153	4701	1	5
k63_678320	4673	6004	1	6
k63_678320	6013	6729	-1	7
k63_890999	3	1970	-1	1
k63_890999	2214	3239	1	2
k63_890999	3253	3723	1	3
k63_678472	2	607	1	1
k63_678472	668	1918	1	2
k63_678472	2042	2347	-1	3
k63_678498	3	281	-1	1
k63_678498	259	978	-1	2
k63_678498	1106	2221	-1	3
k63_678498	2428	3240	-1	4
k63_678498	3264	4025	-1	5
k63_141173	3	497	-1	1
k63_141173	552	860	-1	2
k63_141173	1043	1408	-1	3
k63_141173	1469	1840	-1	4
k63_141173	2109	2711	-1	5
k63_141173	2689	3294	-1	6
k63_141173	3317	4066	-1	7
k63_141173	4552	5265	1	8
k63_141173	5350	6105	1	9
k63_141173	6219	6662	1	10
k63_999303	3	1715	-1	1
k63_999303	1848	2639	-1	2
k63_999303	2636	4009	-1	3
k63_999303	4085	4879	-1	4
k63_678796	3	908	-1	1
k63_678796	1279	2151	1	2
k63_678796	2162	3247	1	3
k63_460200	1	978	1	1
k63_460200	1206	3122	1	2
k63_1533580	180	1010	-1	1
k63_1533580	1014	1814	-1	2
k63_1533580	2050	3186	1	3
k63_1533580	3165	4004	1	4
k63_1533580	4017	4457	1	5
k63_249449	3	764	-1	1
k63_249449	1003	1986	-1	2
k63_249449	2007	2105	-1	3
k63_1000298	89	1831	1	1
k63_249885	3	719	-1	1
k63_249885	912	1634	-1	2
k63_249885	1894	2592	-1	3
k63_249885	2767	3510	-1	4
k63_249885	3663	4355	-1	5
k63_249885	4406	5251	-1	6
k63_249885	5372	6913	-1	7
k63_1534315	1	882	1	1
k63_1534315	917	1600	1	2
k63_1534315	1762	2592	1	3
k63_1534315	2604	2747	1	4
k63_572990	1	441	1	1
k63_572990	456	1268	1	2
k63_572990	1176	1385	-1	3
k63_572990	1498	2541	1	4
k63_572990	2584	3183	1	5
k63_572990	3201	3302	1	6
k63_787975	235	1764	-1	1
k63_461856	3	131	-1	1
k63_461856	456	2132	1	2
k63_461856	2264	2818	1	3
k63_461856	3099	4091	1	4
k63_461856	4260	4460	1	5
k63_34003	3	272	-1	1
k63_34003	281	1111	-1	2
k63_34003	1506	2333	-1	3
k63_34003	2440	3255	-1	4
k63_573223	1	897	1	1
k63_573223	1040	1765	1	2
k63_573223	1932	2516	1	3
k63_1108227	500	1348	1	1
k63_1108227	1478	2161	1	2
k63_1108227	2252	3148	1	3
k63_573820	3	644	1	1
k63_573820	676	2289	1	2
k63_573820	2320	4209	1	3
k63_573820	4158	5303	1	4
k63_789160	135	884	1	1
k63_789160	1005	1697	1	2
k63_789160	1782	2213	1	3
k63_789160	2256	4160	1	4
k63_144991	145	465	1	1
k63_144991	552	1529	1	2
k63_1430147	3	671	-1	1
k63_1430147	673	1941	-1	2
k63_1430147	2091	3056	-1	3
k63_463904	131	943	1	1
k63_463904	894	2798	1	2
k63_1002551	151	711	-1	1
k63_1002551	1165	1731	1	2
k63_1002551	1598	1960	-1	3
k63_1002551	1957	3147	-1	4
k63_1002551	3426	4679	-1	5
k63_790313	2	82	1	1
k63_790313	215	544	1	2
k63_790313	564	7043	-1	3
k63_790313	7103	8290	-1	4
k63_790313	8343	8606	-1	5
k63_895354	157	438	-1	1
k63_895354	528	2783	-1	2
k63_895354	2826	3302	-1	3
k63_895354	3571	4449	-1	4
k63_895354	4705	4830	1	5
k63_1109703	3	980	1	1
k63_1109703	1430	2254	1	2
k63_35929	432	1604	-1	1
k63_790528	2	925	1	1
k63_790528	937	1956	1	2
k63_790528	2176	2766	1	3
k63_790528	2954	3619	1	4
k63_896515	3	407	1	1
k63_896515	404	1864	1	2
k63_896515	2376	4598	1	3
k63_792335	263	568	1	1
k63_792335	794	1825	1	2
k63_792335	1947	2936	-1	3
k63_792335	2959	4266	-1	4
k63_684421	2	562	1	1
k63_684421	610	1500	1	2
k63_684421	1519	2592	1	3
k63_684421	2589	3740	-1	4
k63_684421	3830	4408	-1	5
k63_684421	4427	5026	-1	6
k63_684421	5271	5738	1	7
k63_897748	236	454	1	1
k63_897748	541	1173	1	2
k63_897748	1176	1958	1	3
k63_897748	2028	3128	1	4
k63_897795	2	370	1	1
k63_897795	578	1738	1	2
k63_897795	2031	2678	1	3
k63_897795	2706	2828	1	4
k63_1112073	3	398	-1	1
k63_1112073	444	1199	-1	2
k63_1112073	1147	1269	-1	3
k63_1112073	1375	2226	-1	4
k63_1112073	2231	2959	-1	5
k63_1112073	3085	4122	-1	6
k63_1112073	4283	5326	-1	7
k63_1112073	5369	6406	-1	8
k63_1112073	6512	6682	-1	9
k63_148459	69	2129	1	1
k63_148459	2146	4632	-1	2
k63_577605	1	162	-1	1
k63_577605	235	825	-1	2
k63_577605	1006	2151	-1	3
k63_1004883	115	921	-1	1
k63_1004883	923	1501	-1	2
k63_898181	1	1359	1	1
k63_898181	1557	2384	1	2
k63_898181	2600	5233	1	3
k63_898181	5343	6443	-1	4
k63_1538629	1	726	1	1
k63_1538629	779	1873	-1	2
k63_1538629	1893	2936	-1	3
k63_898544	2	640	-1	1
k63_898544	751	1521	-1	2
k63_898544	1574	2428	-1	3
k63_898544	2501	3265	-1	4
k63_898544	3425	4210	-1	5
k63_898544	4213	4965	-1	6
k63_898544	4996	5880	-1	7
k63_1326358	2	64	-1	1
k63_1326358	281	862	1	2
k63_1326358	859	1947	1	3
k63_1326358	2059	3204	1	4
k63_1326358	3213	3863	1	5
k63_1326358	3867	4682	1	6
k63_1326358	4687	5337	1	7
k63_1326358	5421	5804	1	8
k63_466308	2	220	1	1
k63_466308	447	1448	1	2
k63_466308	1629	1859	1	3
k63_466308	1850	2020	-1	4
k63_899319	3	905	-1	1
k63_899319	1062	1976	1	2
k63_686624	153	2312	-1	1
k63_1434765	1	108	-1	1
k63_1434765	648	1826	-1	2
k63_1434765	2014	2568	-1	3
k63_1327456	1	759	1	1
k63_1327456	744	2522	1	2
k63_1113862	1	153	-1	1
k63_1113862	256	1359	-1	2
k63_1113862	1446	2042	-1	3
k63_687293	18	1001	-1	1
k63_687293	1118	2464	-1	2
k63_687293	3222	4427	1	3
k63_687293	4520	4867	1	4
k63_687293	5458	7245	1	5
k63_687293	7268	7387	1	6
k63_687293	7463	7948	1	7
k63_39924	1	135	1	1
k63_39924	83	3040	1	2
k63_1115129	3	668	-1	1
k63_1115129	803	949	-1	2
k63_1115129	1040	1846	1	3
k63_1115129	1877	2383	1	4
k63_1222256	439	3135	1	1
k63_1222256	3372	3860	1	2
k63_151747	434	2287	1	1
k63_580483	3	764	-1	1
k63_580483	980	2440	-1	2
k63_900839	14	718	-1	1
k63_900839	946	2409	1	2
k63_900839	2409	4412	1	3
k63_900839	4859	5113	1	4
k63_900839	5181	6533	1	5
k63_1436277	1	3510	1	1
k63_1436277	3507	4043	1	2
k63_1222492	1	246	-1	1
k63_1222492	451	2094	-1	2
k63_1222492	2099	3070	-1	3
k63_1222492	3072	3350	-1	4
k63_468749	1	357	1	1
k63_468749	512	1486	1	2
k63_468749	1526	2521	1	3
k63_468749	2803	5223	1	4
k63_468749	5276	5842	1	5
k63_468749	5892	7031	1	6
k63_901969	1	600	-1	1
k63_901969	647	1768	-1	2
k63_901969	2288	2839	1	3
k63_901969	2928	3260	1	4
k63_901989	1	84	-1	1
k63_901989	295	1299	1	2
k63_901989	1423	1752	-1	3
k63_798391	3	68	1	1
k63_798391	73	849	1	2
k63_798391	850	2583	1	3
k63_798391	2609	3391	1	4
k63_798391	3715	4500	1	5
k63_798391	4643	5428	1	6
k63_798391	5500	6183	1	7
k63_798391	6186	7652	1	8
k63_903567	1	357	1	1
k63_903567	354	1883	-1	2
k63_153779	1	99	1	1
k63_153779	293	544	1	2
k63_153779	1043	1384	1	3
k63_153779	1381	2064	1	4
k63_691218	219	1877	-1	1
k63_1332377	3	98	-1	1
k63_1332377	462	1547	1	2
k63_1332377	1604	2953	1	3
k63_43511	3	269	1	1
k63_43511	276	1703	-1	2
k63_43511	1700	2449	-1	3
k63_1225483	225	1436	1	1
k63_1225483	2269	3048	1	2
k63_1439719	2	766	-1	1
k63_1439719	763	1452	-1	2
k63_1439719	1462	2793	-1	3
k63_1439840	223	2169	1	1
k63_1439840	2185	2994	-1	2
k63_1439840	2984	4219	-1	3
k63_1439840	4444	5823	-1	4
k63_1439840	5863	6228	-1	5
k63_1439840	6248	7117	-1	6
k63_1439840	7146	8066	-1	7
k63_1439840	8258	8866	-1	8
k63_1439840	8962	9636	-1	9
k63_583983	1	234	1	1
k63_583983	633	1469	-1	2
k63_583983	2158	5010	-1	3
k63_1546488	3	638	-1	1
k63_1546488	711	1658	-1	2
k63_1546488	1977	2423	1	3
k63_1546488	2551	4569	1	4
k63_1546488	4571	5140	1	5
k63_1546488	5199	5546	1	6
k63_1546488	5548	6867	1	7
k63_1546488	6860	7255	1	8
k63_1546488	7256	7867	1	9
k63_1546488	8258	10042	1	10
k63_1546488	10061	10969	1	11
k63_1546488	11090	11809	1	12
k63_1546488	11931	12623	1	13
k63_1546488	12623	14017	1	14
k63_1546488	14084	14371	1	15
k63_1546488	14526	14963	1	16
k63_1546488	15072	16160	-1	17
k63_1119776	64	420	-1	1
k63_1119776	427	1533	-1	2
k63_1119776	1738	2649	-1	3
k63_1441453	9	773	-1	1
k63_1441453	1055	1357	-1	2
k63_1441453	1405	1989	-1	3
k63_585176	1	954	-1	1
k63_585176	1028	2173	-1	2
k63_585176	2254	2796	-1	3
k63_585176	3156	3449	1	4
k63_803010	191	712	-1	1
k63_803010	978	3209	-1	2
k63_372801	3	200	-1	1
k63_372801	453	1565	-1	2
k63_372801	1768	3144	-1	3
k63_1121111	1	816	1	1
k63_1121111	1003	2016	1	2
k63_1121111	2046	2906	1	3
k63_1121185	174	2099	-1	1
k63_1121185	2382	2960	1	2
k63_1443323	6	1505	-1	1
k63_1443323	1518	2963	-1	2
k63_1229429	3	1037	-1	1
k63_1229429	1052	1549	-1	2
k63_475347	3	2132	1	1
k63_908672	1	1281	1	1
k63_908672	1515	1763	1	2
k63_375531	3	752	1	1
k63_375531	866	1546	1	2
k63_375531	1572	2099	1	3
k63_589031	3	1058	-1	1
k63_589031	1228	3324	-1	2
k63_376722	3	1499	-1	1
k63_807375	145	1056	1	1
k63_807375	1069	2592	1	2
k63_478570	205	573	1	1
k63_478570	564	1073	1	2
k63_478570	1070	1570	1	3
k63_1232382	1	423	1	1
k63_1232382	426	1754	1	2
k63_1232382	2378	4297	1	3
k63_1552920	347	1120	-1	1
k63_1552920	2370	2945	1	2
k63_808851	3	818	-1	1
k63_808851	845	1915	-1	2
k63_808851	2034	3143	-1	3
k63_808851	3303	3374	-1	4
k63_163187	78	1025	-1	1
k63_163187	1181	2794	-1	2
k63_163187	2895	4091	1	3
k63_163187	4133	5332	-1	4
k63_163187	5693	9976	1	5
k63_163187	10053	10769	1	6
k63_163187	10856	11041	1	7
k63_270549	3	1367	-1	1
k63_270549	1452	2156	-1	2
k63_270549	2282	2524	-1	3
k63_270549	2574	2795	-1	4
k63_270549	2841	3761	-1	5
k63_701171	3	1052	-1	1
k63_701171	1098	2255	-1	2
k63_701171	2347	2649	-1	3
k63_701171	2696	3421	-1	4
k63_701200	1	1383	1	1
k63_701200	1573	2811	1	2
k63_1449524	3	239	-1	1
k63_1449524	322	1809	-1	2
k63_272250	2	1510	1	1
k63_272250	1629	2468	1	2
k63_272250	2599	2919	1	3
k63_272250	3055	4419	-1	4
k63_272250	4811	5707	-1	5
k63_272250	6431	7315	1	6
k63_272250	7473	8147	1	7
k63_594937	2	322	-1	1
k63_594937	700	1131	1	2
k63_481463	114	1469	1	1
k63_481463	1563	2474	1	2
k63_481463	2526	3362	1	3
k63_381545	3	671	1	1
k63_381545	747	1547	1	2
k63_381545	1586	1885	1	3
k63_272887	112	933	1	1
k63_272887	957	2471	1	2
k63_1131126	3	338	1	1
k63_1131126	335	3253	1	2
k63_1131126	3541	3642	-1	3
k63_595856	97	984	-1	1
k63_595856	1062	1739	1	2
k63_595856	1763	2362	-1	3
k63_813564	1	855	1	1
k63_813564	1226	2074	1	2
k63_813564	2245	2766	1	3
k63_813564	2956	3732	1	4
k63_813564	3832	4083	1	5
k63_483550	280	1098	1	1
k63_483550	1134	2138	1	2
k63_483550	2192	3361	-1	3
k63_483550	3444	4319	-1	4
k63_598584	318	731	1	1
k63_598584	753	1991	1	2
k63_598584	2130	3269	1	3
k63_598584	3266	3631	1	4
k63_385813	1	1338	1	1
k63_385813	1492	2664	1	2
k63_385813	2913	3440	1	3
k63_385813	3502	4188	1	4
k63_1347926	3	908	-1	1
k63_1347926	964	2340	-1	2
k63_1347926	2529	2951	1	3
k63_1347926	2948	3763	-1	4
k63_1347926	4109	5398	-1	5
k63_1347926	5542	6252	1	6
k63_386744	3	1487	1	1
k63_386744	1489	2307	1	2
k63_386744	2377	3456	1	3
k63_386744	3964	4425	1	4
k63_486285	217	606	1	1
k63_486285	603	731	1	2
k63_486285	831	1550	1	3
k63_486285	1571	1663	1	4
k63_1240977	118	1464	1	1
k63_1240977	1587	1916	-1	2
k63_1240977	1922	2293	-1	3
k63_1240977	2448	2912	1	4
k63_1135621	128	955	1	1
k63_1135621	983	2104	1	2
k63_487613	245	934	1	1
k63_487613	931	1725	1	2
k63_487613	1722	2879	1	3
k63_388461	3	314	-1	1
k63_388461	330	1328	-1	2
k63_388461	1793	2074	1	3
k63_388461	2370	3428	1	4
k63_388461	3530	4549	1	5
k63_388461	4742	6121	1	6
k63_388461	6290	6889	1	7
k63_388461	6912	7202	1	8
k63_388461	7228	8352	-1	9
k63_388461	8367	8795	-1	10
k63_488443	202	1995	-1	1
k63_488443	2396	4333	-1	2
k63_488443	4623	6605	1	3
k63_488443	6613	8184	1	4
k63_923258	3	326	-1	1
k63_923258	328	816	-1	2
k63_923258	964	1746	-1	3
k63_923258	2059	2847	1	4
k63_923258	2951	3682	-1	5
k63_923258	3696	4730	-1	6
k63_923258	4744	5187	-1	7
k63_923258	5427	6548	1	8
k63_923258	6640	7812	-1	9
k63_923258	8344	11313	-1	10
k63_1029922	3	179	-1	1
k63_1029922	358	1461	-1	2
k63_1029922	1601	1873	-1	3
k63_1029922	1870	2076	-1	4
k63_1029922	2134	2934	-1	5
k63_1029922	2976	3866	-1	6
k63_1029922	3974	4807	-1	7
k63_1029922	4833	5165	-1	8
k63_1029922	5162	5620	-1	9
k63_1461427	3	62	-1	1
k63_1461427	304	1293	1	2
k63_1461427	1329	1544	1	3
k63_1461427	1544	2596	1	4
k63_1461427	2653	3516	-1	5
k63_1244999	1	2343	-1	1
k63_1352312	1	2148	1	1
k63_178898	3	2309	-1	1
k63_1464487	2	646	1	1
k63_1464487	691	1596	-1	2
k63_1464487	1891	2031	-1	3
k63_179857	1	726	1	1
k63_179857	908	2113	1	2
k63_395526	2	724	1	1
k63_395526	789	1133	1	2
k63_395526	1197	2048	-1	3
k63_1037205	265	1566	-1	1
k63_1570433	1	411	1	1
k63_1570433	447	1187	-1	2
k63_1570433	1199	2071	-1	3
k63_1570433	2176	3828	-1	4
k63_1570433	3821	4039	-1	5
k63_1144990	3	1079	-1	1
k63_1144990	1340	1924	-1	2
k63_931795	3	458	-1	1
k63_931795	482	2725	-1	2
k63_934255	101	790	-1	1
k63_934255	859	1275	-1	2
k63_934255	1486	2889	-1	3
k63_934255	3048	4376	-1	4
k63_934255	4536	5636	-1	5
k63_934255	5999	6532	1	6
k63_934255	6661	7716	1	7
k63_77317	3	3086	-1	1
k63_615080	2	1282	-1	1
k63_615080	1442	2737	-1	2
k63_617175	3	605	-1	1
k63_617175	782	1801	-1	2
k63_1576255	204	983	1	1
k63_1576255	1152	1892	1	2
k63_1576255	2015	5242	1	3
k63_1576255	5406	6464	1	4
k63_1045904	3	1382	-1	1
k63_1045904	1520	2443	-1	2
k63_1045904	2458	3546	-1	3
k63_1045904	3808	5205	1	4
k63_1045904	5264	5683	1	5
k63_1045904	5750	6013	1	6
k63_1045904	6189	6917	1	7
k63_1045904	7289	7633	1	8
k63_1045904	7644	8237	1	9
k63_1045904	8343	8441	1	10
k63_1580382	3	755	-1	1
k63_1580382	821	1390	-1	2
k63_1580382	1434	3683	-1	3
k63_1580765	1	1047	1	1
k63_1580765	1161	2177	1	2
k63_1580765	2263	2475	1	3
k63_1368907	2	331	-1	1
k63_1368907	603	2240	-1	2
k63_1368907	2259	2975	-1	3
k63_1368907	3195	4133	-1	4
k63_1368907	4356	6287	-1	5
k63_1368907	6775	7887	1	6
k63_1368907	7976	8893	-1	7
k63_1368907	9097	9282	1	8
k63_1368907	9260	10294	-1	9
k63_1368907	10332	11177	-1	10
k63_1368907	11170	11262	-1	11
k63_1368907	11404	12318	-1	12
k63_1368907	12439	13656	-1	13
k63_1368907	13898	14356	-1	14
k63_87343	2	331	1	1
k63_87343	357	683	1	2
k63_87343	759	1130	1	3
k63_87343	1177	1938	1	4
k63_1264844	1	456	1	1
k63_1264844	546	1739	1	2
k63_1264844	2084	2239	1	3
k63_1264844	2273	3079	1	4
k63_1264844	3081	3317	1	5
k63_1264844	3373	3453	1	6
k63_1586012	3	110	-1	1
k63_1586012	110	2371	-1	2
k63_1586012	2548	4140	-1	3
k63_734359	3	1097	-1	1
k63_734359	1141	2313	-1	2
k63_415962	94	1041	1	1
k63_415962	1162	2421	1	2
k63_515853	3	383	-1	1
k63_515853	492	638	-1	2
k63_515853	635	1906	-1	3
k63_1059704	2	142	1	1
k63_1059704	337	1509	1	2
k63_1059704	1506	2006	1	3
k63_1059704	2090	2791	1	4
k63_963669	2	586	-1	1
k63_963669	674	1789	-1	2
k63_1596891	599	1984	1	1
k63_1596891	2059	2475	1	2
k63_856536	2	640	-1	1
k63_856536	727	2334	-1	2
k63_856536	2570	3082	1	3
k63_856536	3002	3193	-1	4
k63_856536	3825	5660	1	5
k63_856536	5756	6379	1	6
k63_856536	6464	7870	1	7
k63_856536	7967	8167	1	8
k63_856536	8342	8518	1	9
k63_856536	8600	9256	1	10
k63_856536	9353	10066	-1	11
k63_856536	10066	10707	-1	12
k63_856536	10704	11456	-1	13
k63_856536	11644	13065	-1	14
k63_856536	13095	13379	1	15
k63_856536	13422	14282	-1	16
k63_749202	1	2007	-1	1
k63_1602367	88	1110	1	1
k63_1602367	1156	2154	-1	2
k63_1602367	2156	3052	-1	3
k63_1602367	3139	4326	-1	4
k63_1602367	4393	5166	-1	5
k63_1070419	3	2549	-1	1
k63_1070419	3503	4261	-1	2
k63_1070419	4486	5529	1	3
k63_1070419	5558	6907	-1	4
k63_1070419	7087	7353	-1	5
k63_1070419	7393	7602	-1	6
k63_1603075	1	102	1	1
k63_1603075	233	1006	1	2
k63_1603075	1065	1886	-1	3
k63_1071016	2	1591	-1	1
k63_1071066	474	1718	1	1
k63_1071066	1789	4143	1	2
k63_1071066	4193	5023	-1	3
k63_1071066	5186	6286	-1	4
k63_1071066	6455	7867	1	5
k63_1071066	7876	9537	1	6
k63_1604017	3	1556	-1	1
k63_1604017	1695	2741	-1	2
