Contig	Start	End	Strand	Pos
k63_137	3	1253	-1	1
k63_137	1582	1815	-1	2
k63_1403854	2	3070	-1	1
k63_421	1	720	-1	1
k63_421	1008	1781	1	2
k63_351724	535	741	1	1
k63_351724	1002	1148	-1	2
k63_351724	1429	2166	-1	3
k63_1521380	3	95	-1	1
k63_1521380	307	2076	-1	2
k63_1521380	2124	2354	1	3
k63_937004	2	481	1	1
k63_937004	586	1506	1	2
k63_117679	1	183	-1	1
k63_117679	848	967	-1	2
k63_117679	1150	2484	1	3
k63_117679	2553	2843	1	4
k63_352572	706	1575	1	1
k63_1155	1	1452	1	1
k63_1155	1470	2768	-1	2
k63_352664	3	179	-1	1
k63_352664	326	850	1	2
k63_352664	879	1484	1	3
k63_352664	1550	2356	1	4
k63_1054149	164	535	-1	1
k63_1054149	849	1808	1	2
k63_1054149	1776	1949	-1	3
k63_1054149	1998	3494	1	4
k63_1302	140	1222	1	1
k63_1302	1365	1847	1	2
k63_1302	1924	2280	1	3
k63_1302	2449	2853	-1	4
k63_1302	2956	4383	-1	5
k63_1302	4397	4702	-1	6
k63_1302	4718	5119	-1	7
k63_1302	5139	6800	-1	8
k63_1639322	53	718	-1	1
k63_1639322	841	1707	-1	2
k63_1639322	1816	2679	-1	3
k63_1639322	2863	3543	1	4
k63_1639322	3536	3703	-1	5
k63_586433	1	294	1	1
k63_586433	499	1407	1	2
k63_586433	1549	2631	1	3
k63_586433	2667	4421	1	4
k63_586433	4467	4724	1	5
k63_586433	4926	5120	1	6
k63_586433	5403	6164	-1	7
k63_821575	54	998	1	1
k63_821575	1523	1825	1	2
k63_470961	335	916	1	1
k63_470961	1248	2318	-1	2
k63_470961	2375	3340	-1	3
k63_470961	3379	4395	-1	4
k63_470961	5650	6138	1	5
k63_470961	6525	6692	-1	6
k63_470961	7117	9384	1	7
k63_1288564	1	99	1	1
k63_1288564	571	1740	1	2
k63_1288564	1692	2264	1	3
k63_1288564	2627	2728	1	4
k63_1054863	46	843	-1	1
k63_1054863	1171	1863	-1	2
k63_353898	218	1477	-1	1
k63_353898	1724	2308	1	2
k63_1405037	1	477	-1	1
k63_1405037	1069	1356	-1	2
k63_1405037	1443	2309	-1	3
k63_1405037	2449	3303	-1	4
k63_1523456	1	1434	1	1
k63_1523456	1540	1821	1	2
k63_1523456	1814	2221	1	3
k63_1523456	2308	3150	-1	4
k63_1523456	3473	5167	1	5
k63_939020	1	309	-1	1
k63_939020	700	1719	1	2
k63_939020	1951	3117	1	3
k63_939020	3463	4098	1	4
k63_1640479	2	316	1	1
k63_1640479	313	1062	1	2
k63_1640479	1157	2059	-1	3
k63_119266	246	1568	1	1
k63_119266	1620	2948	1	2
k63_119266	3004	3273	-1	3
k63_939165	226	1425	1	1
k63_939165	1590	2528	1	2
k63_939165	2578	2979	1	3
k63_119460	3	401	1	1
k63_119460	738	2084	1	2
k63_119460	2086	3279	1	3
k63_119460	3335	4429	-1	4
k63_119460	4557	4913	-1	5
k63_1640779	121	1002	-1	1
k63_1640779	1140	2345	-1	2
k63_1640779	2731	3678	-1	3
k63_1640779	3737	4822	-1	4
k63_1640779	5454	5735	1	5
k63_1640779	5842	7827	-1	6
k63_1640779	8160	9761	-1	7
k63_1640779	10053	11063	1	8
k63_1640779	11297	11920	1	9
k63_1640779	11738	12259	-1	10
k63_1640779	12271	13392	1	11
k63_1640779	13499	14716	-1	12
k63_939581	1	456	-1	1
k63_939581	824	2176	1	2
k63_939581	2255	3466	1	3
k63_355099	2	319	1	1
k63_355099	409	702	-1	2
k63_355099	977	1636	1	3
k63_355099	1633	2082	-1	4
k63_355099	2200	3600	-1	5
k63_355099	3657	4520	-1	6
k63_355099	4715	5458	-1	7
k63_1172013	291	662	1	1
k63_1172013	789	1679	-1	2
k63_939687	2	355	-1	1
k63_939687	659	2080	-1	2
k63_939877	1	519	-1	1
k63_939877	580	1443	-1	2
k63_939877	1630	3138	-1	3
k63_939877	3187	3732	-1	4
k63_939877	3740	4246	-1	5
k63_939877	4251	4502	-1	6
k63_939877	4735	5781	-1	7
k63_939877	5781	6023	-1	8
k63_939877	6107	6658	-1	9
k63_939877	6984	7559	1	10
k63_939877	7596	8084	1	11
k63_939877	8121	8636	1	12
k63_939877	8994	9827	-1	13
k63_1056260	2	310	1	1
k63_1056260	276	1340	1	2
k63_1056260	1607	2395	-1	3
k63_1290220	646	831	-1	1
k63_1290220	946	1917	1	2
k63_1290220	1914	2441	1	3
k63_1290220	2438	3502	1	4
k63_1290220	3444	3782	1	5
k63_1290220	3812	3925	1	6
k63_1290220	3964	5067	1	7
k63_1290220	5184	5684	-1	8
k63_1290241	159	743	-1	1
k63_1290241	740	1732	-1	2
k63_1290241	1826	3376	-1	3
k63_1290241	3393	3962	-1	4
k63_1290241	3959	4051	-1	5
k63_1290241	4147	5082	-1	6
k63_1290241	5069	6493	-1	7
k63_1290241	6490	7239	-1	8
k63_1290241	7366	8436	-1	9
k63_1290241	8499	8948	-1	10
k63_940037	2	559	1	1
k63_940037	816	977	1	2
k63_940037	1635	1922	-1	3
k63_940037	2190	2420	1	4
k63_940037	3080	3382	-1	5
k63_940037	3624	4136	-1	6
k63_940037	4178	4951	1	7
k63_1290267	358	780	1	1
k63_1290267	781	1521	1	2
k63_1290267	1526	2233	1	3
k63_1290267	2423	2668	1	4
k63_1290267	3347	3610	-1	5
k63_1290267	3704	4456	-1	6
k63_1290267	4733	5014	1	7
k63_1290267	5054	5629	1	8
k63_1290267	5825	7366	-1	9
k63_1290267	7648	8676	1	10
k63_1290267	8955	9206	1	11
k63_1290267	9229	9816	1	12
k63_120296	187	438	1	1
k63_120296	454	978	1	2
k63_120296	1056	1337	1	3
k63_120296	1476	2669	1	4
k63_120296	2796	2918	1	5
k63_120296	3021	4109	1	6
k63_705985	2	139	1	1
k63_705985	253	828	1	2
k63_705985	959	1930	1	3
k63_705985	2137	2520	1	4
k63_705985	2606	2932	1	5
k63_120362	2	394	-1	1
k63_120362	613	804	1	2
k63_120362	721	1764	-1	3
k63_120362	1851	2522	-1	4
k63_120362	2684	3196	-1	5
k63_120362	3184	3447	-1	6
k63_1056665	3	1388	1	1
k63_1056665	1790	2839	-1	2
k63_1056665	2887	3423	-1	3
k63_1056665	3795	4373	-1	4
k63_3956	1	1050	-1	1
k63_3956	1145	2278	-1	2
k63_3956	2374	3777	-1	3
k63_474013	251	1279	-1	1
k63_474013	1492	1905	-1	2
k63_1172581	2	1093	-1	1
k63_1172581	1305	2258	-1	2
k63_1172581	2457	2876	1	3
k63_1172581	2978	3364	1	4
k63_1172581	3714	4448	-1	5
k63_1172581	4813	5565	-1	6
k63_1172581	6042	6290	1	7
k63_1172581	6591	7631	1	8
k63_1172581	7612	8925	1	9
k63_1172581	8922	10274	1	10
k63_1172581	10287	10370	-1	11
k63_4190	1	321	-1	1
k63_4190	1223	1867	-1	2
k63_4190	2012	2260	-1	3
k63_4190	2442	4508	1	4
k63_1172589	3	410	1	1
k63_1172589	527	1237	1	2
k63_1172589	1285	2064	-1	3
k63_1172589	2111	2479	-1	4
k63_1172589	2813	3412	1	5
k63_1172589	3469	4554	1	6
k63_1172589	4584	4889	1	7
k63_1172589	4891	6249	-1	8
k63_1172589	6262	6699	-1	9
k63_1172589	6744	6908	-1	10
k63_1172589	6962	8056	-1	11
k63_1172589	8148	8234	-1	12
k63_1290987	1	579	1	1
k63_1290987	563	772	1	2
k63_1290987	949	1395	1	3
k63_1290987	1355	2689	1	4
k63_4363	264	2027	1	1
k63_4363	2404	2688	1	2
k63_1291230	3	389	-1	1
k63_1291230	425	1162	-1	2
k63_1291230	1333	2142	-1	3
k63_1291230	2144	2812	-1	4
k63_1291230	3001	3312	-1	5
k63_1291230	3309	4979	-1	6
k63_1291230	4979	5455	-1	7
k63_1291230	5822	5890	1	8
k63_1525404	101	1240	-1	1
k63_1525404	1532	2245	1	2
k63_1525404	2290	4341	1	3
k63_1525404	4562	4714	1	4
k63_1525404	5002	5481	1	5
k63_1406430	2	139	1	1
k63_1406430	121	591	1	2
k63_1406430	734	1093	1	3
k63_1406430	1408	3249	1	4
k63_1406430	3246	4559	1	5
k63_1406430	4569	5072	1	6
k63_1406430	5163	6083	1	7
k63_1406430	6230	6454	1	8
k63_1406430	6457	6726	1	9
k63_1406430	6729	9677	1	10
k63_1406430	9667	10005	1	11
k63_1406430	10888	11757	1	12
k63_1406430	11747	14374	1	13
k63_1291261	26	796	-1	1
k63_1291261	961	2067	1	2
k63_1291261	2348	3418	1	3
k63_1057740	3	2651	-1	1
k63_121438	2	1039	-1	1
k63_121438	1138	2439	-1	2
k63_121438	2444	3625	-1	3
k63_237604	3	1643	1	1
k63_237604	1872	2858	-1	2
k63_237604	2889	6173	-1	3
k63_825467	296	1150	-1	1
k63_825467	1147	2724	-1	2
k63_825467	2858	3685	-1	3
k63_1406705	3	1616	1	1
k63_1406705	1887	2429	1	2
k63_1406705	2683	3084	1	3
k63_1173062	139	729	-1	1
k63_1173062	848	1369	-1	2
k63_1173062	1684	3735	1	3
k63_1173062	4198	5280	1	4
k63_1173062	5412	5975	1	5
k63_1173062	6124	6522	1	6
k63_1173062	6601	7251	-1	7
k63_1173062	7574	8437	-1	8
k63_1173062	8622	8828	-1	9
k63_1058094	1	831	-1	1
k63_1058094	942	2798	-1	2
k63_1173367	121	1680	-1	1
k63_1173367	1730	1843	-1	2
k63_1173367	1919	2308	-1	3
k63_1526285	135	1148	-1	1
k63_1526285	1282	2574	-1	2
k63_1526285	2633	3271	-1	3
k63_1526285	3416	4291	-1	4
k63_826073	1	498	-1	1
k63_826073	565	762	1	2
k63_826073	783	1049	1	3
k63_826073	1203	2459	-1	4
k63_826073	2527	3903	-1	5
k63_826073	3919	4872	-1	6
k63_826073	5132	5578	1	7
k63_826073	5605	6279	1	8
k63_826073	6339	7262	-1	9
k63_826073	7474	8418	1	10
k63_826073	8799	9896	1	11
k63_826073	10053	10247	1	12
k63_590348	57	923	-1	1
k63_590348	1280	2623	1	2
k63_590348	2696	3118	1	3
k63_590348	3105	3470	1	4
k63_590348	3520	4353	1	5
k63_590348	4515	5324	1	6
k63_590348	5425	6180	1	7
k63_590348	6435	8051	1	8
k63_590348	8149	9165	1	9
k63_590348	9206	9964	1	10
k63_590348	9954	11297	1	11
k63_590348	11582	12673	1	12
k63_590348	12680	13348	1	13
k63_590348	13400	14173	-1	14
k63_590348	14529	15800	1	15
k63_590348	15934	17316	1	16
k63_590348	17337	18209	1	17
k63_590348	18558	18914	-1	18
k63_590348	19602	19844	1	19
k63_590348	20019	20516	1	20
k63_475172	2	604	1	1
k63_475172	746	2236	1	2
k63_1643262	155	1279	-1	1
k63_1643262	1658	2047	1	2
k63_238019	3	842	-1	1
k63_238019	1460	1942	1	2
k63_1526418	3	851	1	1
k63_1526418	1129	2187	1	2
k63_1526418	2358	2999	-1	3
k63_1526418	3113	3919	-1	4
k63_942319	1	231	1	1
k63_942319	288	572	1	2
k63_942319	696	1736	-1	3
k63_942319	2445	3116	1	4
k63_942319	3152	3487	1	5
k63_826246	2	1372	1	1
k63_826246	1551	2339	1	2
k63_826246	2481	2669	1	3
k63_826246	2816	3022	1	4
k63_1526574	268	444	-1	1
k63_1526574	718	1224	-1	2
k63_1526574	1879	3216	1	3
k63_1643524	2	835	1	1
k63_1643524	973	2301	1	2
k63_1643524	2454	2621	-1	3
k63_122341	95	811	-1	1
k63_122341	942	1589	-1	2
k63_122341	1774	2553	-1	3
k63_122341	2550	3665	-1	4
k63_5699	1	1185	-1	1
k63_5699	1178	1858	-1	2
k63_5699	1967	2101	-1	3
k63_1407422	146	1387	-1	1
k63_1407422	1384	2628	-1	2
k63_1407422	2724	4985	-1	3
k63_1407422	5116	5811	-1	4
k63_1407422	5856	6305	-1	5
k63_1407422	6565	6969	1	6
k63_1407422	7313	8563	-1	7
k63_1407422	8570	9799	-1	8
k63_1407422	9832	11073	-1	9
k63_1407422	11125	12330	-1	10
k63_1407422	12698	12832	1	11
k63_1407422	12851	13210	1	12
k63_1407422	13236	14174	1	13
k63_1407422	14199	14753	1	14
k63_1407422	14797	15117	1	15
k63_1407422	15157	15915	-1	16
k63_1407422	15975	17225	-1	17
k63_1407422	17243	17422	-1	18
k63_475616	1	624	-1	1
k63_475616	849	2087	1	2
k63_475616	2164	3420	1	3
k63_475616	3486	4142	1	4
k63_1643691	2	388	1	1
k63_1643691	670	963	1	2
k63_1643691	1239	1400	1	3
k63_1643691	1658	3223	1	4
k63_1643691	3618	4682	1	5
k63_1643691	4855	5679	-1	6
k63_1643691	6004	6540	-1	7
k63_1643691	6660	6791	-1	8
k63_1643691	7234	8448	1	9
k63_1643691	8524	9468	1	10
k63_1292809	3	896	-1	1
k63_1292809	997	1323	-1	2
k63_1292809	2692	3102	1	3
k63_122759	198	332	1	1
k63_122759	346	591	1	2
k63_122759	519	677	-1	3
k63_122759	983	1300	1	4
k63_122759	1322	1534	1	5
k63_122759	1605	1874	1	6
k63_122789	2	193	1	1
k63_122789	286	876	1	2
k63_122789	905	1660	1	3
k63_826845	3	1388	1	1
k63_826845	1551	1934	-1	2
k63_826845	1931	2578	-1	3
k63_826845	2756	3061	-1	4
k63_826845	3345	3932	-1	5
k63_826845	4012	4698	-1	6
k63_1643919	493	882	1	1
k63_1643919	1117	3006	-1	2
k63_1643919	3198	3350	-1	3
k63_1643919	3437	3763	-1	4
k63_1643919	3805	4035	-1	5
k63_1643919	4234	4398	1	6
k63_1643919	4515	4997	-1	7
k63_1643919	4994	5476	-1	8
k63_1293073	2	400	1	1
k63_1293073	561	3365	1	2
k63_1293073	3517	4131	1	3
k63_1293073	4315	5169	1	4
k63_1293073	5170	6351	1	5
k63_476005	1	183	-1	1
k63_476005	173	1573	-1	2
k63_476005	1606	1842	-1	3
k63_476005	2139	2963	-1	4
k63_476005	3227	3568	1	5
k63_476005	3788	4921	1	6
k63_476080	165	815	1	1
k63_476080	1384	1959	1	2
k63_358237	323	1531	-1	1
k63_358237	1685	1864	-1	2
k63_358237	2181	2435	1	3
k63_358237	2467	2721	1	4
k63_1644162	567	917	-1	1
k63_1644162	1401	1556	1	2
k63_1644162	1573	2640	1	3
k63_6379	2	1519	1	1
k63_6379	1531	2358	1	2
k63_6379	2622	3164	1	3
k63_943321	141	449	1	1
k63_943321	504	1376	-1	2
k63_943321	1603	2352	-1	3
k63_943321	2673	4091	1	4
k63_943321	4095	5066	-1	5
k63_943321	5053	6000	-1	6
k63_943321	6012	7736	-1	7
k63_123141	264	1685	1	1
k63_123141	1745	2881	1	2
k63_123141	2990	3997	1	3
k63_123141	4160	4501	-1	4
k63_123141	4558	5049	-1	5
k63_123141	5247	5582	1	6
k63_123141	5626	6165	1	7
k63_123141	6178	6459	1	8
k63_123141	6527	7303	1	9
k63_123141	7373	8230	1	10
k63_827255	2	862	1	1
k63_827255	1071	1499	-1	2
k63_827255	1526	2119	-1	3
k63_827255	2135	2407	-1	4
k63_827255	2644	3165	1	5
k63_827255	3354	5384	1	6
k63_1059610	181	477	1	1
k63_1059610	514	1548	-1	2
k63_1059610	1608	1841	1	3
k63_1644387	191	925	1	1
k63_1644387	1101	1463	-1	2
k63_1293507	2	1123	-1	1
k63_1293507	1274	2161	-1	2
k63_1293507	2267	3181	-1	3
k63_1293507	3387	3821	-1	4
k63_1293507	3973	4272	-1	5
k63_1293507	4314	4826	-1	6
k63_1293507	4898	6607	-1	7
k63_1293507	6654	6839	-1	8
k63_476401	164	1831	1	1
k63_1407957	131	526	1	1
k63_1407957	533	1192	1	2
k63_1407957	1195	2028	1	3
k63_1407957	2284	2526	-1	4
k63_1407957	2510	2863	-1	5
k63_1407957	2857	7545	-1	6
k63_1407957	7586	7786	-1	7
k63_1407957	7946	8665	-1	8
k63_1293585	2	289	1	1
k63_1293585	409	1248	1	2
k63_1293585	1478	1708	1	3
k63_708624	56	1216	-1	1
k63_708624	1568	2701	1	2
k63_708624	2765	3043	1	3
k63_708624	3586	3825	1	4
k63_708624	4030	5682	1	5
k63_708624	6080	7924	1	6
k63_708644	3	578	1	1
k63_708644	800	1942	1	2
k63_708644	2162	2875	-1	3
k63_708725	3	68	-1	1
k63_708725	248	1135	1	2
k63_708725	1208	3439	-1	3
k63_1408207	410	1021	1	1
k63_1408207	1094	1603	-1	2
k63_1408207	1885	2181	1	3
k63_708851	104	253	1	1
k63_708851	367	1455	1	2
k63_708851	1487	2350	1	3
k63_708851	2395	3978	1	4
k63_708851	4078	4554	1	5
k63_708851	4756	5436	-1	6
k63_708851	5536	7026	-1	7
k63_708851	6980	8701	-1	8
k63_708851	8735	9445	-1	9
k63_708851	9534	10052	-1	10
k63_1060095	3	425	-1	1
k63_1060095	535	825	-1	2
k63_1060095	924	1112	-1	3
k63_1060095	1199	1777	-1	4
k63_1060095	1781	2302	-1	5
k63_1060095	2452	3216	-1	6
k63_1060095	3512	4027	-1	7
k63_1060095	4119	4346	-1	8
k63_1060095	4391	4699	-1	9
k63_123785	2	1684	-1	1
k63_123785	1799	1897	-1	2
k63_944044	2	1807	-1	1
k63_944044	1950	2870	-1	2
k63_944142	3	2033	1	1
k63_708975	478	990	1	1
k63_708975	1124	2023	1	2
k63_708975	2090	2740	-1	3
k63_708975	2822	3208	-1	4
k63_827996	1	624	1	1
k63_827996	615	833	1	2
k63_827996	849	2120	1	3
k63_827996	2184	3143	-1	4
k63_709001	2	1354	1	1
k63_709001	1356	1664	1	2
k63_709001	1978	2226	1	3
k63_709053	469	1767	1	1
k63_709053	1858	3048	1	2
k63_1528264	1115	2749	-1	1
k63_477271	3	563	1	1
k63_477271	586	1164	-1	2
k63_477271	1196	1654	-1	3
k63_477271	1729	2187	-1	4
k63_1060571	3	1529	-1	1
k63_1060571	1647	2402	-1	2
k63_1060571	2734	2847	-1	3
k63_477320	172	414	-1	1
k63_477320	445	780	-1	2
k63_477320	777	920	-1	3
k63_477320	1272	2198	-1	4
k63_1528336	3	542	-1	1
k63_1528336	542	1666	-1	2
k63_1528336	1703	2524	-1	3
k63_1528336	2527	3282	-1	4
k63_1528336	3287	3877	-1	5
k63_1528336	3880	4281	-1	6
k63_709171	292	864	1	1
k63_709171	821	1507	1	2
k63_709171	1585	2358	-1	3
k63_709211	415	2130	1	1
k63_709211	2127	2396	1	2
k63_1528605	105	1283	1	1
k63_1528605	1354	2049	-1	2
k63_1528605	2223	2756	-1	3
k63_1528605	2781	3641	1	4
k63_1528605	3697	4329	1	5
k63_1528605	4361	5047	-1	6
k63_1528605	5383	5784	1	7
k63_1528605	5994	7703	1	8
k63_1528605	8091	9944	1	9
k63_1528605	9945	11870	1	10
k63_1528605	11966	12466	-1	11
k63_1528605	12453	13343	-1	12
k63_1528605	13524	13823	1	13
k63_1528605	14123	14800	1	14
k63_359995	3	251	1	1
k63_359995	524	865	1	2
k63_359995	805	1170	1	3
k63_359995	1376	1618	-1	4
k63_359995	1747	1890	1	5
k63_1294866	1	180	-1	1
k63_1294866	311	1537	-1	2
k63_360012	2	187	-1	1
k63_360012	576	761	-1	2
k63_360012	776	1879	-1	3
k63_360012	2347	2952	1	4
k63_360012	4076	4777	1	5
k63_360012	5028	5207	1	6
k63_360012	5204	5449	1	7
k63_360012	5853	6311	1	8
k63_360012	6430	6582	1	9
k63_592162	3	86	-1	1
k63_592162	188	1105	-1	2
k63_592162	1216	1515	1	3
k63_592162	1570	3189	1	4
k63_239757	108	941	1	1
k63_239757	1001	1411	1	2
k63_239757	1525	1953	1	3
k63_239757	1974	2087	-1	4
k63_478146	114	1409	-1	1
k63_478146	1434	2180	-1	2
k63_360649	2	2362	1	1
k63_360649	2355	3809	1	2
k63_360649	3916	5352	-1	3
k63_360649	5692	6750	-1	4
k63_829595	1	249	-1	1
k63_829595	532	816	1	2
k63_829595	755	964	1	3
k63_829595	1211	2545	1	4
k63_829595	2613	2825	1	5
k63_478301	123	1307	-1	1
k63_478301	1341	3908	-1	2
k63_478301	3905	4675	-1	3
k63_478301	4934	5347	-1	4
k63_1529401	333	2198	1	1
k63_1529401	2619	3584	1	2
k63_1529401	3624	4526	1	3
k63_1529401	4652	6058	-1	4
k63_1529401	6562	7887	1	5
k63_1529401	7894	8130	1	6
k63_1175740	744	1919	-1	1
k63_239910	39	845	1	1
k63_239910	1037	2560	-1	2
k63_239910	2728	3585	-1	3
k63_239910	3854	5215	1	4
k63_592550	89	1003	-1	1
k63_592550	1038	1970	-1	2
k63_592550	2111	4048	-1	3
k63_361013	2	1390	1	1
k63_361013	1393	2601	1	2
k63_361013	2717	3100	-1	3
k63_945931	81	572	1	1
k63_945931	580	1398	1	2
k63_945931	2246	2953	1	3
k63_945931	2938	3954	1	4
k63_945931	3969	5186	1	5
k63_945931	5238	5351	1	6
k63_945931	5372	5617	1	7
k63_945931	5614	6252	1	8
k63_945931	6249	7256	1	9
k63_945931	7259	7900	1	10
k63_478502	9	1025	-1	1
k63_478502	1205	1513	-1	2
k63_1646946	2	121	1	1
k63_1646946	89	1351	-1	2
k63_1646946	1348	2676	-1	3
k63_1646946	2837	3391	-1	4
k63_1646946	3849	4292	1	5
k63_1646946	4876	6807	1	6
k63_1646946	6917	7174	1	7
k63_1646946	7503	8153	1	8
k63_1646946	8283	8579	1	9
k63_1646946	8472	8828	-1	10
k63_1646946	9068	9208	-1	11
k63_1646946	9524	10483	-1	12
k63_1646946	10514	10945	-1	13
k63_1646946	10999	12828	-1	14
k63_1646946	12828	13154	-1	15
k63_1646946	13184	14410	-1	16
k63_1529571	1	801	-1	1
k63_1529571	1578	1835	-1	2
k63_1529571	2131	3174	-1	3
k63_1529571	3131	3919	-1	4
k63_1529571	4473	5762	-1	5
k63_8894	3	1421	1	1
k63_8894	1496	2581	1	2
k63_8894	2633	3442	1	3
k63_8894	3443	3832	1	4
k63_8894	3863	5707	1	5
k63_8894	6183	8324	-1	6
k63_240127	496	1980	-1	1
k63_240127	1983	3218	-1	2
k63_946149	453	2006	1	1
k63_946203	82	885	-1	1
k63_946203	912	2366	-1	2
k63_946203	2647	3630	-1	3
k63_946203	4145	4435	1	4
k63_946203	4588	5376	1	5
k63_946203	5539	6894	1	6
k63_946203	6933	8003	-1	7
k63_946203	8176	8277	1	8
k63_946203	8290	8511	1	9
k63_946203	8567	8656	1	10
k63_946203	8626	9351	-1	11
k63_1062418	107	784	-1	1
k63_1062418	1223	1390	1	2
k63_1062418	1456	2232	-1	3
k63_1062418	2339	2899	-1	4
k63_1062418	2902	3603	-1	5
k63_1062418	3638	3829	-1	6
k63_1062418	4271	4480	-1	7
k63_9107	1	282	-1	1
k63_9107	288	1511	-1	2
k63_9107	1511	2662	-1	3
k63_9107	2757	3566	-1	4
k63_9107	4040	5728	1	5
k63_9107	5763	6107	1	6
k63_9107	6115	6375	-1	7
k63_9107	6639	7628	1	8
k63_9107	7674	7745	1	9
k63_1062450	458	1285	-1	1
k63_1062450	1290	1490	-1	2
k63_1062450	2182	2748	1	3
k63_1176034	51	2729	1	1
k63_478878	32	604	-1	1
k63_478878	854	1495	-1	2
k63_478878	1584	2495	-1	3
k63_126150	1	2328	1	1
k63_126259	487	1560	1	1
k63_126259	1557	2270	1	2
k63_1647695	1	831	1	1
k63_1647695	1017	1949	1	2
k63_1647695	2140	2439	1	3
k63_946708	509	1534	1	1
k63_946708	1612	2655	1	2
k63_946708	2848	3960	1	3
k63_9611	123	683	-1	1
k63_9611	680	1744	-1	2
k63_9611	1854	2429	-1	3
k63_9611	2582	3691	-1	4
k63_1297059	2	1018	1	1
k63_1297059	999	2732	1	2
k63_1297059	2760	2819	1	3
k63_240642	2	298	1	1
k63_240642	767	2065	1	2
k63_240642	2129	2455	-1	3
k63_240642	2413	2571	-1	4
k63_240642	2848	3129	1	5
k63_1530695	111	1061	-1	1
k63_1530695	1352	2686	-1	2
k63_1297114	587	1990	1	1
k63_1297114	2705	3004	1	2
k63_1410327	370	1677	1	1
k63_1410327	1862	2758	1	2
k63_1410327	2844	3521	1	3
k63_1648265	3	1388	-1	1
k63_1648265	1959	2486	-1	2
k63_1648265	2822	3895	1	3
k63_1648265	4011	4448	1	4
k63_1648299	136	1134	-1	1
k63_1648299	1374	2105	-1	2
k63_1176804	193	387	-1	1
k63_1176804	502	714	1	2
k63_1176804	1109	2353	-1	3
k63_1176804	2478	3656	1	4
k63_1176804	3862	4293	1	5
k63_1176804	4764	5705	-1	6
k63_1176804	6009	7157	1	7
k63_1176804	7442	8407	1	8
k63_1176804	8471	9436	1	9
k63_1176804	9519	10448	-1	10
k63_1176804	10737	11969	1	11
k63_1176804	12067	13113	-1	12
k63_1176804	13260	14663	-1	13
k63_1176804	14987	16129	-1	14
k63_1176804	16187	17593	-1	15
k63_1176804	18036	18896	1	16
k63_1410405	1	678	-1	1
k63_1410405	823	1410	-1	2
k63_1410405	1410	2978	-1	3
k63_127207	1	303	-1	1
k63_127207	324	869	-1	2
k63_127207	836	1225	-1	3
k63_127207	1489	2526	-1	4
k63_1297349	3	92	-1	1
k63_1297349	368	850	1	2
k63_1297349	1174	1917	1	3
k63_1297349	1956	2057	1	4
k63_1297349	2063	3148	1	5
k63_1297349	3728	4639	1	6
k63_240841	1	210	-1	1
k63_240841	289	1563	-1	2
k63_593512	2	88	1	1
k63_593512	271	579	1	2
k63_593512	525	860	1	3
k63_593512	936	1628	-1	4
k63_593512	1712	2233	1	5
k63_240862	3	95	-1	1
k63_240862	337	573	1	2
k63_240862	616	1791	1	3
k63_240862	1877	2233	1	4
k63_240862	2322	2651	-1	5
k63_240862	2833	3612	1	6
k63_240862	3632	3952	-1	7
k63_1648568	3	434	-1	1
k63_1648568	431	1582	-1	2
k63_947771	2	61	-1	1
k63_947771	266	1471	-1	2
k63_480247	158	370	-1	1
k63_480247	632	1243	1	2
k63_480247	1964	2671	-1	3
k63_1297748	3	854	-1	1
k63_1297748	858	1328	-1	2
k63_1297748	1538	2254	1	3
k63_362991	2	982	1	1
k63_362991	1144	1950	1	2
k63_362991	2195	2773	1	3
k63_947923	380	1435	1	1
k63_947923	1849	2574	1	2
k63_947923	2786	5101	-1	3
k63_947923	5313	6236	-1	4
k63_947923	6369	6881	-1	5
k63_947923	7041	8057	-1	6
k63_947923	8375	10120	1	7
k63_1064461	2	331	-1	1
k63_1064461	597	2720	-1	2
k63_1064461	2820	4631	-1	3
k63_1064461	4801	8166	-1	4
k63_1064461	8426	11977	-1	5
k63_1064461	12401	14017	-1	6
k63_1064461	14419	15489	-1	7
k63_363230	2	241	1	1
k63_363230	256	1680	-1	2
k63_10812	1	2772	-1	1
k63_10812	2833	4122	-1	2
k63_948319	115	1596	-1	1
k63_948319	1596	2180	-1	2
k63_1177671	392	1726	-1	1
k63_1649410	88	846	-1	1
k63_1649410	912	2291	-1	2
k63_1649410	2479	2688	1	3
k63_948577	2	118	1	1
k63_948577	115	912	1	2
k63_948577	1096	2106	1	3
k63_128418	489	1166	1	1
k63_128418	1166	1366	1	2
k63_128418	1445	1933	-1	3
k63_128418	2255	2704	-1	4
k63_128418	2975	4135	-1	5
k63_128418	4158	4643	-1	6
k63_11290	2	94	1	1
k63_11290	131	487	-1	2
k63_11290	514	963	-1	3
k63_11290	1133	2308	-1	4
k63_11290	2449	3549	-1	5
k63_11290	3611	4693	-1	6
k63_11290	4735	6570	-1	7
k63_11290	6958	7719	1	8
k63_11290	7911	8198	1	9
k63_11290	8445	9188	-1	10
k63_11290	9392	9541	1	11
k63_1532353	1	120	-1	1
k63_1532353	247	1827	-1	2
k63_1532353	2038	2826	1	3
k63_1532353	2877	3914	-1	4
k63_948845	233	1249	1	1
k63_948845	1286	1534	1	2
k63_948845	1937	2791	1	3
k63_948875	87	2021	-1	1
k63_1532400	1	87	-1	1
k63_1532400	622	1017	1	2
k63_1532400	1077	1727	1	3
k63_1532400	1762	2616	1	4
k63_948950	2	88	1	1
k63_948950	420	713	-1	2
k63_948950	970	1281	-1	3
k63_481565	2	586	1	1
k63_481565	784	1656	1	2
k63_481565	1875	2927	-1	3
k63_481565	3294	4505	-1	4
k63_481565	4745	5638	1	5
k63_712156	2	481	1	1
k63_712156	483	3461	1	2
k63_832966	112	2118	-1	1
k63_832966	2558	3466	1	2
k63_832966	3459	4163	-1	3
k63_832966	4241	5452	-1	4
k63_832966	5449	6426	-1	5
k63_832966	6432	6884	-1	6
k63_1649934	3	1409	-1	1
k63_1649934	1694	1900	1	2
k63_1533137	2	1363	1	1
k63_1533137	1413	1604	-1	2
k63_1533137	1951	2283	1	3
k63_594865	3	779	-1	1
k63_594865	788	1867	-1	2
k63_594865	2009	2731	-1	3
k63_594865	2735	3088	-1	4
k63_594865	3088	3684	-1	5
k63_594865	3703	4593	-1	6
k63_594865	4744	6207	-1	7
k63_594865	6521	6826	-1	8
k63_364801	1	2160	-1	1
k63_364801	2451	3872	1	2
k63_12388	299	1726	-1	1
k63_12388	1876	2250	-1	2
k63_12483	72	314	1	1
k63_12483	902	2005	1	2
k63_12483	2081	2314	1	3
k63_12483	2311	2481	-1	4
k63_949963	1	369	-1	1
k63_949963	529	1368	-1	2
k63_949963	1352	1933	-1	3
k63_1650173	425	859	-1	1
k63_1650173	948	1148	-1	2
k63_1650173	1373	2119	-1	3
k63_1650173	2132	4045	-1	4
k63_1650173	3988	4368	-1	5
k63_1650173	4509	4922	-1	6
k63_1299919	1	225	-1	1
k63_1299919	273	668	-1	2
k63_1299919	714	1502	-1	3
k63_1299919	1750	3153	1	4
k63_1299919	3405	4532	1	5
k63_1299919	4640	5689	1	6
k63_1299919	5851	6219	1	7
k63_1299919	6276	7640	-1	8
k63_712761	2	622	1	1
k63_712761	622	1461	1	2
k63_712761	1544	2497	1	3
k63_482700	426	2657	1	1
k63_482700	2789	3733	1	2
k63_482700	3832	5127	1	3
k63_482700	5142	5699	1	4
k63_482700	5801	6688	-1	5
k63_482700	6909	7880	-1	6
k63_482700	7887	8252	-1	7
k63_365311	139	696	1	1
k63_365311	738	1922	-1	2
k63_129949	59	919	-1	1
k63_129949	1313	1690	1	2
k63_129949	1756	2232	1	3
k63_129949	2236	3312	1	4
k63_129949	3351	4163	1	5
k63_129949	4194	4502	1	6
k63_1178701	206	616	1	1
k63_1178701	722	1192	1	2
k63_1178701	1242	3332	1	3
k63_1178701	3360	3671	1	4
k63_1178701	3681	4295	1	5
k63_1178701	4312	5184	1	6
k63_1178701	5181	5465	1	7
k63_1178701	5499	6329	1	8
k63_1178701	6359	6643	1	9
k63_1178701	6648	6998	1	10
k63_1178701	7002	7778	1	11
k63_1178701	7765	8196	1	12
k63_1178701	8204	8401	1	13
k63_1178701	8404	8892	1	14
k63_1178701	8889	9257	1	15
k63_1178701	9257	9580	1	16
k63_1178701	9567	10472	1	17
k63_1178701	10495	10680	1	18
k63_1178701	10700	11098	1	19
k63_1178701	11088	11678	1	20
k63_1178701	11738	12100	1	21
k63_1178701	12100	12636	1	22
k63_1178701	12688	12873	1	23
k63_1178701	13141	13584	1	24
k63_1178701	13590	14315	1	25
k63_483056	90	1220	-1	1
k63_483056	1411	2523	1	2
k63_483056	2676	3512	1	3
k63_483056	3606	4403	1	4
k63_1300270	60	686	-1	1
k63_1300270	936	2468	-1	2
k63_1300270	2543	3460	-1	3
k63_1300270	3728	4039	1	4
k63_1300270	4059	4298	1	5
k63_1300270	4561	5646	1	6
k63_1300270	5685	6644	1	7
k63_1300270	6744	7520	-1	8
k63_1650519	585	1982	-1	1
k63_1534025	122	1537	-1	1
k63_1534025	1799	2833	1	2
k63_1534025	3100	3687	1	3
k63_13226	1	750	1	1
k63_13226	834	1178	1	2
k63_13226	1281	2297	1	3
k63_13226	2350	3126	1	4
k63_13226	3190	3297	1	5
k63_1178929	182	511	1	1
k63_1178929	1081	2160	-1	2
k63_1178929	2167	2469	-1	3
k63_1178929	2509	2745	-1	4
k63_834585	1	117	1	1
k63_834585	130	1887	-1	2
k63_595538	2	469	-1	1
k63_595538	585	824	-1	2
k63_595538	949	3489	1	3
k63_595538	3529	5067	-1	4
k63_130712	2	292	1	1
k63_130712	329	754	1	2
k63_130712	856	2022	1	3
k63_130712	2094	2309	1	4
k63_1067519	275	1828	1	1
k63_1067519	1850	2395	-1	2
k63_366505	2	91	1	1
k63_366505	279	476	1	2
k63_366505	702	1556	1	3
k63_366505	1595	2356	-1	4
k63_1651038	340	738	1	1
k63_1651038	795	1361	1	2
k63_1651038	1453	1650	-1	3
k63_1651038	1735	1830	1	4
k63_713570	125	1741	-1	1
k63_366557	3	1385	-1	1
k63_366557	1382	2602	-1	2
k63_366557	2577	3518	-1	3
k63_366557	3835	4506	-1	4
k63_366557	4666	5340	-1	5
k63_366557	5478	5798	-1	6
k63_14202	255	557	-1	1
k63_14202	658	1905	-1	2
k63_14252	210	653	1	1
k63_14252	752	1930	1	2
k63_14252	2009	2284	1	3
k63_14436	122	481	-1	1
k63_14436	524	721	-1	2
k63_14436	725	1225	-1	3
k63_14436	1413	2726	-1	4
k63_14436	2874	3758	-1	5
k63_14436	4131	4898	-1	6
k63_14888	123	419	-1	1
k63_14888	455	1369	-1	2
k63_14888	1401	1811	-1	3
k63_14888	2040	3269	-1	4
k63_132129	3	839	-1	1
k63_132129	1178	1387	1	2
k63_132129	1419	1979	-1	3
k63_1535992	206	1387	-1	1
k63_1535992	1792	2856	1	2
k63_1535992	2912	3127	-1	3
k63_1535992	3167	3475	-1	4
k63_1535992	3591	3902	-1	5
k63_1535992	3883	4026	-1	6
k63_1535992	4205	5236	-1	7
k63_1535992	5304	5489	-1	8
k63_1535992	5504	6400	-1	9
k63_1535992	6512	7867	-1	10
k63_1535992	7933	8667	-1	11
k63_132254	51	590	1	1
k63_132254	782	1138	-1	2
k63_132254	1101	2132	-1	3
k63_132254	2457	2567	-1	4
k63_132254	3399	3470	-1	5
k63_1302218	1	1245	-1	1
k63_1302218	1633	2730	1	2
k63_1302218	2778	3536	-1	3
k63_1302218	3742	4335	1	4
k63_1302218	4482	5108	1	5
k63_1302218	5176	5901	1	6
k63_1302218	5915	6331	-1	7
k63_1302264	325	510	1	1
k63_1302264	635	874	-1	2
k63_1302264	944	1855	-1	3
k63_367834	313	1173	1	1
k63_367834	1284	2297	1	2
k63_367834	2492	3019	1	3
k63_367834	3322	4233	1	4
k63_368064	1	483	-1	1
k63_368064	499	798	-1	2
k63_368064	788	1051	-1	3
k63_368064	1056	1403	-1	4
k63_368064	1683	2714	-1	5
k63_368064	2856	3557	-1	6
k63_368064	3570	4115	-1	7
k63_368064	4722	5630	-1	8
k63_368064	5649	6608	-1	9
k63_368064	6682	8409	-1	10
k63_368064	8819	9049	-1	11
k63_1069265	249	596	1	1
k63_1069265	845	2065	-1	2
k63_1069265	2147	3316	-1	3
k63_1069265	3659	4468	1	4
k63_1069265	4465	4953	-1	5
k63_836446	3	1679	-1	1
k63_836446	1855	2061	1	2
k63_836446	2209	2577	-1	3
k63_836446	2594	3394	-1	4
k63_836446	3465	3827	-1	5
k63_836551	118	501	-1	1
k63_836551	712	1773	-1	2
k63_836551	2199	3101	-1	3
k63_836551	3153	3626	-1	4
k63_244227	165	866	-1	1
k63_244227	962	1747	-1	2
k63_244227	1894	2676	-1	3
k63_1536748	3	335	-1	1
k63_1536748	601	897	-1	2
k63_1536748	903	1286	-1	3
k63_836716	463	1236	-1	1
k63_836716	1270	2346	-1	2
k63_1180629	232	1290	-1	1
k63_1180629	1712	2710	-1	2
k63_1180629	2872	3060	-1	3
k63_1180654	64	2340	-1	1
k63_1180654	2562	3035	-1	2
k63_1180654	3087	4010	-1	3
k63_1180654	4261	4512	-1	4
k63_1652165	162	1355	1	1
k63_1652165	1410	1577	-1	2
k63_1652165	1617	2159	-1	3
k63_15976	197	1249	1	1
k63_714874	1	897	-1	1
k63_714874	894	1517	-1	2
k63_714874	1632	1853	-1	3
k63_714874	2069	2551	1	4
k63_714874	2569	3309	1	5
k63_714874	3443	3790	1	6
k63_1652295	1	726	1	1
k63_1652295	1294	1656	1	2
k63_1652295	1845	2711	1	3
k63_1652295	2878	3408	1	4
k63_1652295	3424	4155	1	5
k63_1652295	4315	5400	-1	6
k63_1652295	5652	6074	1	7
k63_1652295	6087	7106	-1	8
k63_1652295	7483	8412	1	9
k63_1652295	8415	9887	-1	10
k63_1652295	9887	9997	-1	11
k63_952873	1	447	-1	1
k63_952873	1154	3664	1	2
k63_837134	596	1345	-1	1
k63_837134	1739	2203	1	2
k63_837134	2260	3042	-1	3
k63_16393	1	849	1	1
k63_16393	1016	1192	-1	2
k63_16393	1620	2351	-1	3
k63_486099	206	847	-1	1
k63_486099	1006	2415	-1	2
k63_486116	1	1104	1	1
k63_486116	1108	1518	1	2
k63_486116	1700	1999	1	3
k63_486116	1983	2486	1	4
k63_486116	2761	3555	-1	5
k63_486116	3729	4070	-1	6
k63_486116	4129	4299	-1	7
k63_369028	58	990	1	1
k63_369028	987	1778	1	2
k63_369028	1879	2550	1	3
k63_369028	2547	3422	1	4
k63_369028	3489	4259	-1	5
k63_369028	4428	5075	-1	6
k63_369028	5397	6299	1	7
k63_369028	6426	7715	-1	8
k63_369028	7965	8372	-1	9
k63_369028	8582	9652	-1	10
k63_369028	9794	10411	-1	11
k63_369028	10599	11027	1	12
k63_369028	11331	12362	-1	13
k63_369028	12515	13486	-1	14
k63_369028	13587	14483	-1	15
k63_369028	14881	15669	1	16
k63_369028	15715	16455	1	17
k63_369028	16496	16969	1	18
k63_369028	17312	17701	-1	19
k63_369028	17879	18319	-1	20
k63_369028	18326	18727	-1	21
k63_1070406	324	506	1	1
k63_1070406	580	675	-1	2
k63_1070406	964	1770	1	3
k63_1070406	1923	2702	-1	4
k63_1070406	2897	3103	1	5
k63_1070406	3503	4456	1	6
k63_1070406	4633	4983	-1	7
k63_597541	328	615	1	1
k63_597541	623	781	1	2
k63_597541	823	1542	-1	3
k63_597541	2247	2453	-1	4
k63_133927	2	700	-1	1
k63_133927	1079	1831	-1	2
k63_133927	1921	2277	-1	3
k63_133927	2327	2713	-1	4
k63_16904	2	298	-1	1
k63_16904	331	597	-1	2
k63_16904	551	1567	-1	3
k63_16904	1609	2127	1	4
k63_16904	2685	2867	1	5
k63_1414873	1	402	-1	1
k63_1414873	452	1390	-1	2
k63_1181530	10	564	-1	1
k63_1181530	669	1187	-1	2
k63_1181530	1184	3715	-1	3
k63_1181530	3712	3918	-1	4
k63_1538900	241	642	1	1
k63_1538900	759	1046	-1	2
k63_1538900	1565	2764	1	3
k63_1071683	1	366	1	1
k63_1071683	399	1076	1	2
k63_1071683	1144	1419	1	3
k63_1071683	1424	2161	1	4
k63_487586	257	1384	-1	1
k63_487586	1476	2468	-1	2
k63_487586	2502	3881	-1	3
k63_487586	4393	4581	1	4
k63_487586	4619	5803	1	5
k63_487586	5754	7148	1	6
k63_487586	7232	7510	-1	7
k63_487586	7507	8238	-1	8
k63_487586	8350	8547	-1	9
k63_1653523	423	2093	1	1
k63_1653523	2152	3141	1	2
k63_1653523	3751	5283	1	3
k63_1653523	5537	5785	1	4
k63_1653523	5836	6030	-1	5
k63_370799	2	199	-1	1
k63_370799	379	708	-1	2
k63_370799	752	1168	-1	3
k63_370799	1180	1887	-1	4
k63_370799	1952	3196	-1	5
k63_18425	369	818	-1	1
k63_18425	1003	1845	-1	2
k63_18425	2089	2772	1	3
k63_18425	3009	3149	1	4
k63_488354	191	430	1	1
k63_488354	427	1335	-1	2
k63_488354	1421	2338	-1	3
k63_488354	2342	2815	-1	4
k63_488354	2942	4432	-1	5
k63_1072744	2	2143	1	1
k63_1072744	2277	2870	1	2
k63_1072744	2979	4493	1	3
k63_1072744	4712	6520	1	4
k63_1072744	6523	7530	1	5
k63_1072744	7532	8623	-1	6
k63_1072744	8872	9753	1	7
k63_1072744	9750	10118	1	8
k63_1072744	10111	10629	1	9
k63_1072744	11015	11923	1	10
k63_1072744	11955	12458	1	11
k63_1072744	12474	12857	1	12
k63_18688	2	184	-1	1
k63_18688	373	738	1	2
k63_18688	901	1656	-1	3
k63_18688	1669	2328	-1	4
k63_18688	2359	4221	-1	5
k63_18688	4291	5442	-1	6
k63_18688	5402	5596	-1	7
k63_18688	5593	6510	-1	8
k63_18688	6503	7546	-1	9
k63_18688	7667	8602	1	10
k63_18688	8605	9717	1	11
k63_1182562	3	3341	-1	1
k63_1073012	1	471	-1	1
k63_1073012	1044	2225	-1	2
k63_1073012	2257	3435	-1	3
k63_1073012	3474	3683	-1	4
k63_1073012	3680	3943	-1	5
k63_1073012	3973	4833	-1	6
k63_1073013	394	1980	1	1
k63_136145	150	1343	-1	1
k63_136145	1411	2595	-1	2
k63_1182695	303	2093	-1	1
k63_1182695	2944	3684	-1	2
k63_246446	1	1182	-1	1
k63_246446	1651	2121	1	2
k63_19210	3	692	-1	1
k63_19210	1143	1892	1	2
k63_371774	3	1250	-1	1
k63_371774	1355	1546	-1	2
k63_371774	1982	3382	1	3
k63_371774	3433	4650	1	4
k63_371774	4744	4866	-1	5
k63_840408	85	1170	1	1
k63_840408	1167	1655	-1	2
k63_840408	1785	2051	1	3
k63_840408	2133	2681	-1	4
k63_840408	2702	2995	-1	5
k63_840408	3165	3944	1	6
k63_840408	4109	4990	1	7
k63_840408	5170	5571	1	8
k63_840408	5585	7195	1	9
k63_840408	7369	8286	1	10
k63_840408	8374	8817	1	11
k63_840408	8906	9127	-1	12
k63_840460	2	1186	1	1
k63_840460	1254	1496	1	2
k63_840460	1707	2027	1	3
k63_1416514	278	646	1	1
k63_1416514	759	1100	1	2
k63_1416514	1250	2428	-1	3
k63_371954	2	694	1	1
k63_371954	749	3619	-1	2
k63_840500	110	940	1	1
k63_840500	983	2191	1	2
k63_840500	2399	3124	1	3
k63_840500	3205	3954	1	4
k63_1073430	213	899	-1	1
k63_1073430	1448	2647	1	2
k63_1073430	2649	3776	1	3
k63_372001	2	232	1	1
k63_372001	277	636	1	2
k63_372001	967	2238	1	3
k63_372001	2279	3499	1	4
k63_372001	3659	5074	1	5
k63_246682	2	994	1	1
k63_246682	1039	2202	-1	2
k63_246682	2534	2689	-1	3
k63_246682	2738	3202	-1	4
k63_246682	3739	4050	-1	5
k63_246682	4632	5078	1	6
k63_136496	608	2917	1	1
k63_136496	3005	4057	-1	2
k63_1073544	2	250	-1	1
k63_1073544	322	834	1	2
k63_1073544	822	1268	1	3
k63_840765	1	255	-1	1
k63_840765	833	979	-1	2
k63_840765	1207	1797	1	3
k63_840765	1973	3340	1	4
k63_840765	3622	4023	1	5
k63_840765	4094	4189	1	6
k63_840857	1	81	-1	1
k63_840857	113	244	-1	2
k63_840857	454	3252	1	3
k63_840857	3285	3479	1	4
k63_840857	3546	3836	1	5
k63_840857	3901	4638	-1	6
k63_599696	3	551	-1	1
k63_599696	823	1227	1	2
k63_599696	1348	1737	1	3
k63_599696	1724	2164	1	4
k63_599696	2560	2949	1	5
k63_599696	3138	4070	-1	6
k63_599696	4105	5115	-1	7
k63_599696	5494	5802	-1	8
k63_599696	6513	6995	1	9
k63_717418	172	651	1	1
k63_717418	648	1517	1	2
k63_717418	1636	2088	1	3
k63_717418	2519	2671	1	4
k63_1416821	2	709	1	1
k63_1416821	830	1540	-1	2
k63_1416821	1918	2316	-1	3
k63_1541574	2	850	-1	1
k63_1541574	882	2306	-1	2
k63_1541574	2310	2462	-1	3
k63_1541574	2730	3023	1	4
k63_1541574	3593	6157	1	5
k63_1541574	6260	6502	1	6
k63_957091	58	462	-1	1
k63_957091	494	2851	-1	2
k63_957091	3065	4042	-1	3
k63_957091	4192	4263	1	4
k63_1183550	191	1342	-1	1
k63_1183550	1588	3630	-1	2
k63_1183550	3692	4987	-1	3
k63_1183550	5422	5856	-1	4
k63_1183550	5987	6055	-1	5
k63_1541997	2	3613	1	1
k63_841591	2	124	1	1
k63_841591	210	497	1	2
k63_841591	517	1524	-1	3
k63_137407	1	519	-1	1
k63_137407	735	1127	-1	2
k63_137407	1283	2650	-1	3
k63_137407	2710	3978	-1	4
k63_137407	4361	5356	-1	5
k63_20408	2	652	1	1
k63_20408	732	1745	1	2
k63_20408	1779	2384	-1	3
k63_20408	2612	3205	-1	4
k63_20408	3488	4111	-1	5
k63_372968	1	240	1	1
k63_372968	425	1459	1	2
k63_372968	1800	2252	1	3
k63_372968	2585	3433	-1	4
k63_372968	3468	4385	-1	5
k63_1654818	26	586	-1	1
k63_1654818	1189	1326	-1	2
k63_1654818	1506	1811	1	3
k63_1654818	2135	2869	1	4
k63_1654818	2901	3881	-1	5
k63_1654818	4169	4807	1	6
k63_1654818	4808	4894	1	7
k63_1417309	3	503	1	1
k63_1417309	566	1639	1	2
k63_1417309	1668	2093	1	3
k63_1417309	2219	3073	1	4
k63_1417309	3081	3704	-1	5
k63_1417309	3786	4841	-1	6
k63_138100	3	380	1	1
k63_138100	464	616	-1	2
k63_138100	659	1201	-1	3
k63_138100	1198	2193	-1	4
k63_373748	105	299	1	1
k63_373748	360	1658	1	2
k63_373748	1752	2015	1	3
k63_373748	2012	2557	1	4
k63_138276	3	593	-1	1
k63_138276	840	1166	-1	2
k63_138276	1170	1679	-1	3
k63_138276	2121	2675	-1	4
k63_138276	2665	3858	-1	5
k63_138276	3855	4991	-1	6
k63_138276	4999	5268	-1	7
k63_138276	5441	5701	-1	8
k63_138276	5708	6265	-1	9
k63_138276	6249	6617	-1	10
k63_1184101	342	626	-1	1
k63_1184101	619	1437	-1	2
k63_1184101	1427	2647	-1	3
k63_1184101	3050	3211	-1	4
k63_1184101	3340	3540	-1	5
k63_1184101	3572	4747	-1	6
k63_1184101	4787	6223	-1	7
k63_1184101	6427	7623	1	8
k63_1184101	7665	8159	1	9
k63_1543003	3	107	1	1
k63_1543003	137	1312	1	2
k63_1543003	1397	2260	-1	3
k63_1543003	2645	2938	-1	4
k63_1543003	2962	3891	-1	5
k63_1543003	3946	4971	-1	6
k63_1543003	5056	5193	-1	7
k63_491160	130	1014	1	1
k63_491160	1002	1532	1	2
k63_491160	1730	3355	1	3
k63_491160	3410	3928	1	4
k63_491160	3976	5190	1	5
k63_491160	5296	5901	-1	6
k63_491160	6257	6316	1	7
k63_958358	8	1522	-1	1
k63_958358	2138	2932	1	2
k63_958358	3097	4224	-1	3
k63_958358	4289	5167	-1	4
k63_958358	5227	5802	-1	5
k63_1655514	50	1153	-1	1
k63_1655514	1191	2300	-1	2
k63_1655514	3017	6787	1	3
k63_21764	2	457	-1	1
k63_600843	126	605	-1	1
k63_600843	611	1366	-1	2
k63_600843	1446	2699	-1	3
k63_600843	3235	3381	-1	4
k63_138844	2	328	1	1
k63_138844	619	1581	1	2
k63_718648	2	208	1	1
k63_718648	397	588	1	2
k63_718648	872	2410	-1	3
k63_718648	2514	2771	-1	4
k63_718648	3182	3895	-1	5
k63_718648	4167	4514	1	6
k63_718648	4564	4929	1	7
k63_718648	5412	5600	-1	8
k63_21926	2	475	-1	1
k63_21926	525	1610	-1	2
k63_21926	1662	2675	-1	3
k63_1306641	3	359	1	1
k63_1306641	356	1249	1	2
k63_1306641	1254	2459	1	3
k63_1306641	2501	4291	1	4
k63_1306641	4242	5108	1	5
k63_1306641	5554	7062	1	6
k63_1543597	1	66	1	1
k63_1543597	92	343	1	2
k63_1543597	340	696	1	3
k63_1543597	746	1603	1	4
k63_1543597	1615	1875	1	5
k63_248225	1	1287	1	1
k63_248225	1338	2468	-1	2
k63_843312	1	615	1	1
k63_843312	687	1322	1	2
k63_843312	1446	2045	1	3
k63_843312	2029	2928	1	4
k63_375047	1	282	-1	1
k63_375047	946	1395	-1	2
k63_375047	1535	1621	-1	3
k63_843405	523	1713	-1	1
k63_843405	2025	3428	1	2
k63_843405	3517	3867	1	3
k63_719052	1	516	1	1
k63_719052	619	1608	1	2
k63_22894	801	1250	-1	1
k63_22894	1650	2099	1	2
k63_22894	2107	2835	-1	3
k63_22894	2929	3330	1	4
k63_843854	1	165	1	1
k63_843854	273	1427	-1	2
k63_843854	1586	2134	-1	3
k63_140027	1	663	1	1
k63_140027	855	2189	1	2
k63_140027	2408	3319	-1	3
k63_140027	3449	4360	-1	4
k63_140027	5306	6637	-1	5
k63_140027	7015	8073	1	6
k63_959764	80	664	1	1
k63_959764	736	2142	1	2
k63_959764	2201	3106	1	3
k63_959764	3278	4000	-1	4
k63_959764	4011	4895	-1	5
k63_719320	1	2970	-1	1
k63_719320	3153	3572	1	2
k63_719320	3705	5843	-1	3
k63_719320	6046	6597	-1	4
k63_719320	6627	8345	-1	5
k63_719320	8757	10442	1	6
k63_719320	10509	11618	1	7
k63_719320	12067	12294	-1	8
k63_719320	12476	13150	1	9
k63_719320	13277	14287	-1	10
k63_719320	14351	14659	-1	11
k63_719320	15280	15873	-1	12
k63_1185044	3	131	1	1
k63_1185044	421	1281	-1	2
k63_1185044	1413	1718	-1	3
k63_1185081	175	1206	-1	1
k63_375920	2	451	1	1
k63_375920	612	1019	1	2
k63_375920	1060	1716	-1	3
k63_375920	1935	3500	1	4
k63_375920	3662	4894	1	5
k63_375920	4980	6101	1	6
k63_375920	6251	6775	1	7
k63_375920	6878	7276	-1	8
k63_249465	133	1641	1	1
k63_249465	1674	2630	1	2
k63_249465	2651	4033	-1	3
k63_249465	4054	5004	-1	4
k63_1419479	1	624	-1	1
k63_1419479	903	3170	1	2
k63_1419479	3404	3952	1	3
k63_1419479	4017	4334	1	4
k63_1419479	4361	4750	1	5
k63_1419479	4760	4855	1	6
k63_249853	1	732	1	1
k63_249853	869	3163	1	2
k63_249853	3657	4289	1	3
k63_493407	2	298	1	1
k63_493407	554	1729	1	2
k63_493420	42	989	-1	1
k63_493420	1034	1804	-1	2
k63_493420	1816	3021	-1	3
k63_493420	3059	4282	-1	4
k63_493420	4356	5279	-1	5
k63_1419654	3	209	-1	1
k63_1419654	321	2159	-1	2
k63_376610	3	1025	-1	1
k63_376610	1449	1919	1	2
k63_376610	1891	2253	-1	3
k63_1076668	295	660	1	1
k63_1076668	989	1681	1	2
k63_1076668	1756	2190	-1	3
k63_1076668	2396	3115	1	4
k63_1076668	3197	4465	1	5
k63_1076668	4695	5159	1	6
k63_376821	495	662	-1	1
k63_376821	719	1441	1	2
k63_376821	1465	1719	1	3
k63_250157	664	1629	-1	1
k63_250157	1639	2583	-1	2
k63_24433	2	253	1	1
k63_24433	537	1727	1	2
k63_24433	2303	3337	1	3
k63_24433	3699	5060	-1	4
k63_1308033	56	358	-1	1
k63_1308033	339	458	-1	2
k63_1308033	585	881	1	3
k63_1308033	1147	2208	1	4
k63_493995	1	516	1	1
k63_493995	567	1070	-1	2
k63_493995	1079	1798	1	3
k63_1657401	289	1506	-1	1
k63_1657401	1508	1831	-1	2
k63_1419987	220	1908	1	1
k63_1419987	1917	2900	1	2
k63_1419987	2941	3903	-1	3
k63_494090	1	1125	-1	1
k63_494090	1254	2207	-1	2
k63_494090	2667	3983	1	3
k63_494090	3980	4918	1	4
k63_494090	5431	6471	1	5
k63_494090	6722	7708	1	6
k63_845618	390	1166	1	1
k63_845618	1456	2337	1	2
k63_845618	2505	3092	1	3
k63_845618	3498	3695	1	4
k63_845618	3704	4366	-1	5
k63_1420038	222	428	1	1
k63_1420038	500	1732	1	2
k63_1420038	1929	2174	-1	3
k63_1420038	2367	2582	1	4
k63_1420038	2662	3177	1	5
k63_1420038	3234	3521	1	6
k63_1420038	3747	3848	1	7
k63_24863	3	893	1	1
k63_24863	890	2029	1	2
k63_24863	2172	2828	1	3
k63_24863	2998	3711	-1	4
k63_24863	3766	4302	-1	5
k63_24863	4461	5927	-1	6
k63_24863	5943	6884	-1	7
k63_24863	7016	8668	-1	8
k63_24863	8843	10366	-1	9
k63_24863	10521	11342	-1	10
k63_24863	11339	12007	-1	11
k63_24863	12007	13020	-1	12
k63_24863	13017	13370	-1	13
k63_24863	13469	13786	-1	14
k63_845899	160	546	1	1
k63_845899	658	1485	-1	2
k63_494449	2	331	-1	1
k63_494449	699	2474	-1	2
k63_494449	2728	3723	1	3
k63_25212	312	1574	-1	1
k63_25212	1707	2699	-1	2
k63_25212	2903	4207	-1	3
k63_25212	4349	4681	-1	4
k63_25212	4810	5967	-1	5
k63_25212	6075	6539	-1	6
k63_25212	7295	8635	-1	7
k63_25212	8862	9221	1	8
k63_25212	9331	9636	1	9
k63_25212	9685	11217	1	10
k63_25212	11372	11815	1	11
k63_25212	11869	12585	1	12
k63_25212	12667	13161	1	13
k63_25212	13183	13950	1	14
k63_25212	14065	15222	1	15
k63_25212	15427	15879	-1	16
k63_25212	16124	16504	-1	17
k63_25212	16557	17267	-1	18
k63_25212	17377	18204	-1	19
k63_25212	18645	19634	1	20
k63_25212	19655	21937	1	21
k63_846308	342	521	-1	1
k63_846308	589	1503	-1	2
k63_846308	1530	2492	-1	3
k63_846308	2557	4344	-1	4
k63_1077650	2	244	1	1
k63_1077650	568	774	1	2
k63_1077650	834	1715	1	3
k63_1077650	1819	2163	1	4
k63_1077650	2397	4043	1	5
k63_1077650	4323	4475	1	6
k63_1308767	193	384	1	1
k63_1308767	613	1044	-1	2
k63_1308767	1100	1657	-1	3
k63_1308767	1768	3027	-1	4
k63_1308767	3223	4557	-1	5
k63_1308767	4567	4707	-1	6
k63_1308767	4762	5274	-1	7
k63_1308767	5361	6086	-1	8
k63_1308767	6144	6830	-1	9
k63_1186712	2	301	1	1
k63_1186712	386	1192	1	2
k63_1186712	1269	2051	1	3
k63_1186712	2104	2895	1	4
k63_1186712	2975	3820	1	5
k63_720901	237	1307	1	1
k63_720901	1463	1792	1	2
k63_720901	1842	2306	-1	3
k63_142910	1	294	-1	1
k63_142910	879	2063	1	2
k63_142910	2085	2261	1	3
k63_142910	2446	2724	1	4
k63_142910	2980	3501	1	5
k63_251650	401	1243	1	1
k63_251650	1572	2408	1	2
k63_1186942	144	455	-1	1
k63_1186942	404	1606	-1	2
k63_143036	44	1498	1	1
k63_378565	145	894	1	1
k63_378565	896	1318	1	2
k63_378565	1447	2775	1	3
k63_378565	2987	4060	-1	4
k63_378565	4091	4495	-1	5
k63_1547917	80	1138	-1	1
k63_1547917	1131	1412	-1	2
k63_1547917	1437	3086	-1	3
k63_1547917	3258	3638	-1	4
k63_1547917	4148	4387	-1	5
k63_1547917	4594	5130	-1	6
k63_603246	113	2182	1	1
k63_1187141	206	1195	-1	1
k63_1187141	1482	1868	-1	2
k63_1078104	158	901	1	1
k63_1078104	901	2385	1	2
k63_1078104	2397	3167	1	3
k63_1078104	3218	3559	1	4
k63_1078104	3552	3953	1	5
k63_1078104	4051	5196	-1	6
k63_847317	1	75	-1	1
k63_847317	121	1521	-1	2
k63_847317	2283	2585	-1	3
k63_1187196	2	1183	-1	1
k63_1421286	298	2196	-1	1
k63_1421286	2205	2555	-1	2
k63_1421286	2740	3654	-1	3
k63_1309419	143	1177	1	1
k63_1309419	1226	1624	-1	2
k63_1309419	1871	2251	1	3
k63_1309419	2386	3279	1	4
k63_1309419	3312	3980	1	5
k63_1187579	3	152	-1	1
k63_1187579	272	472	-1	2
k63_1187579	691	930	1	3
k63_1187579	1260	1607	-1	4
k63_1187579	1821	2075	1	5
k63_1187653	3	935	1	1
k63_1187653	1208	1606	-1	2
k63_1187653	1678	1950	-1	3
k63_1187653	2211	2450	-1	4
k63_1187653	2469	2870	-1	5
k63_1658923	3	395	-1	1
k63_1658923	820	1053	1	2
k63_1658923	1180	1416	1	3
k63_1658923	1647	2003	-1	4
k63_1658923	2358	2561	1	5
k63_1658923	2648	5017	1	6
k63_1658923	5643	5777	1	7
k63_496925	102	1484	-1	1
k63_496925	1515	1823	-1	2
k63_496925	1894	2496	-1	3
k63_144490	3	332	-1	1
k63_144490	507	1478	-1	2
k63_1078609	272	1387	-1	1
k63_1078609	1601	1792	-1	2
k63_1549091	1	1794	-1	1
k63_1549091	1811	2269	-1	2
k63_252945	406	1443	1	1
k63_252945	2075	2179	-1	2
k63_604044	1	750	-1	1
k63_604044	875	1828	-1	2
k63_604044	1892	2509	-1	3
k63_604044	2530	3549	-1	4
k63_604044	4019	5113	1	5
k63_604044	5239	6228	1	6
k63_604044	6342	7400	1	7
k63_604044	7540	8094	1	8
k63_604044	8175	9206	-1	9
k63_604044	9212	10642	-1	10
k63_1078707	2	424	1	1
k63_1078707	523	696	1	2
k63_1078707	818	1072	1	3
k63_1078707	1455	2447	1	4
k63_1078707	2486	3175	1	5
k63_1078707	3454	3645	-1	6
k63_1078707	3626	3817	-1	7
k63_1078707	3860	4024	-1	8
k63_27493	182	1267	-1	1
k63_27493	1489	2127	1	2
k63_604148	235	759	-1	1
k63_604148	947	1972	-1	2
k63_604148	2007	2291	1	3
k63_604148	2369	3205	-1	4
k63_604148	3303	3866	1	5
k63_604148	3922	5586	-1	6
k63_604148	5959	6540	-1	7
k63_253275	539	814	-1	1
k63_253275	851	1159	-1	2
k63_253275	1526	2209	-1	3
k63_253275	2261	2779	-1	4
k63_253275	2816	3037	-1	5
k63_253275	3052	3387	-1	6
k63_253275	3661	4434	-1	7
k63_253275	4575	4859	-1	8
k63_253275	5090	6892	-1	9
k63_604179	190	327	1	1
k63_604179	772	1581	-1	2
k63_604199	1	654	-1	1
k63_604199	1370	1747	-1	2
k63_604199	1894	3492	-1	3
k63_604199	3855	4886	-1	4
k63_604199	5421	6602	1	5
k63_27859	246	1001	1	1
k63_27859	1555	1782	-1	2
k63_27859	1847	2065	-1	3
k63_27859	2090	3778	-1	4
k63_27859	4231	4419	1	5
k63_1659422	190	1701	1	1
k63_1310058	3	1496	1	1
k63_604358	375	629	1	1
k63_604358	630	1028	1	2
k63_604358	1131	1997	1	3
k63_604358	2100	3299	-1	4
k63_604358	3277	4086	-1	5
k63_604358	4161	4349	-1	6
k63_604358	4609	5367	1	7
k63_604358	5535	6800	1	8
k63_604358	6952	7128	-1	9
k63_604360	206	616	1	1
k63_604360	616	1179	1	2
k63_604360	1365	3416	-1	3
k63_604360	3714	4100	1	4
k63_604360	4301	4360	1	5
k63_253631	2	598	1	1
k63_253631	598	1260	1	2
k63_253631	1257	1529	1	3
k63_253631	1529	2146	1	4
k63_253631	2149	2364	1	5
k63_253631	2367	3983	1	6
k63_145267	291	521	1	1
k63_145267	689	1858	1	2
k63_145267	1915	2508	1	3
k63_145267	2458	3012	-1	4
k63_145267	3106	3774	-1	5
k63_145267	3914	4762	-1	6
k63_145267	4765	5535	-1	7
k63_145267	5720	7252	-1	8
k63_145267	7517	8677	1	9
k63_145267	8959	9573	1	10
k63_1079179	3	1091	1	1
k63_1079179	1315	1497	-1	2
k63_1079179	1525	1683	1	3
k63_1079179	1952	3118	1	4
k63_1079179	3182	3544	1	5
k63_604576	153	842	-1	1
k63_604576	877	2313	-1	2
k63_604576	2628	5105	1	3
k63_380976	84	728	1	1
k63_380976	733	1746	1	2
k63_380976	1856	2824	1	3
k63_380976	3000	3581	1	4
k63_380976	3655	4785	1	5
k63_380976	4800	5375	1	6
k63_380976	5415	5945	1	7
k63_380983	157	594	1	1
k63_380983	909	1751	1	2
k63_380983	1887	2837	1	3
k63_380983	3071	3820	1	4
k63_145635	36	920	-1	1
k63_145635	1597	2265	1	2
k63_1188588	1	363	1	1
k63_1188588	529	1344	-1	2
k63_1188588	1762	2757	1	3
k63_1188588	2949	4370	1	4
k63_1079482	51	1274	1	1
k63_1079482	1520	2734	1	2
k63_1079482	2825	3148	1	3
k63_1188683	149	1018	-1	1
k63_1188683	1195	1701	-1	2
k63_850109	1	96	1	1
k63_850109	157	396	1	2
k63_850109	393	593	-1	3
k63_850109	590	715	-1	4
k63_850109	953	2914	1	5
k63_850109	2902	3075	1	6
k63_722820	654	1829	-1	1
k63_722820	2020	2796	-1	2
k63_722824	244	570	-1	1
k63_722824	577	1128	-1	2
k63_722824	1184	1909	1	3
k63_722824	2099	4345	1	4
k63_1660088	3	437	-1	1
k63_1660088	745	1323	1	2
k63_29104	2	1201	1	1
k63_29104	1361	2326	1	2
k63_1310982	1	741	1	1
k63_1310982	720	983	1	2
k63_1310982	1429	1719	1	3
k63_1310982	1740	2747	1	4
k63_966752	149	1180	-1	1
k63_966752	1197	2075	-1	2
k63_966752	2358	2729	-1	3
k63_966752	2780	3955	-1	4
k63_966752	3996	4616	-1	5
k63_499471	1	216	-1	1
k63_499471	217	378	-1	2
k63_499471	435	764	-1	3
k63_499471	768	1367	-1	4
k63_499471	1368	2024	-1	5
k63_966834	73	774	-1	1
k63_966834	915	1133	-1	2
k63_966834	1304	1723	-1	3
k63_966834	1705	2130	-1	4
k63_966834	2389	3606	1	5
k63_966834	3731	4537	1	6
k63_966834	4721	6352	1	7
k63_1080116	1	1026	-1	1
k63_1080116	1281	2252	-1	2
k63_1080116	2284	2607	-1	3
k63_1080116	2644	3483	-1	4
k63_1080116	3772	4059	-1	5
k63_382599	1	123	1	1
k63_382599	246	575	-1	2
k63_382599	821	1582	1	3
k63_1660798	1	189	1	1
k63_1660798	378	1160	1	2
k63_1660798	1363	2991	1	3
k63_30402	2	1165	-1	1
k63_30402	1167	2483	-1	2
k63_30494	246	1376	1	1
k63_30494	1500	2453	-1	2
k63_605956	173	316	1	1
k63_605956	344	1126	-1	2
k63_605956	1175	3034	-1	3
k63_605956	3281	3946	-1	4
k63_605956	3998	4165	-1	5
k63_383544	347	1498	1	1
k63_383544	1651	2475	1	2
k63_383544	2498	3199	1	3
k63_852018	34	1011	-1	1
k63_852018	1147	2196	-1	2
k63_852029	2	163	-1	1
k63_852029	448	1509	-1	2
k63_852029	1882	2847	1	3
k63_724044	235	477	1	1
k63_724044	781	1734	1	2
k63_724044	1686	1883	-1	3
k63_724044	1997	5320	-1	4
k63_724044	5431	5850	-1	5
k63_724044	5962	7059	-1	6
k63_724044	7061	8467	-1	7
k63_724044	8464	9534	-1	8
k63_724044	9534	10106	-1	9
k63_148224	327	2693	-1	1
k63_148224	2798	3064	-1	2
k63_500849	3	92	1	1
k63_500849	89	1735	1	2
k63_852251	109	1449	1	1
k63_852251	1857	2006	-1	2
k63_1661628	1042	2199	1	1
k63_1661628	2358	2954	1	2
k63_1661628	3400	3897	-1	3
k63_852344	47	2482	-1	1
k63_852344	2800	3900	1	2
k63_852344	4125	4520	-1	3
k63_852344	4493	5512	-1	4
k63_852344	5584	6108	1	5
k63_852344	5950	6693	-1	6
k63_852455	1	399	1	1
k63_852455	427	1017	1	2
k63_852455	1017	2816	1	3
k63_852455	3051	4409	-1	4
k63_852455	4649	5245	-1	5
k63_256762	361	3510	-1	1
k63_256762	3507	4790	-1	2
k63_31569	1	87	-1	1
k63_31569	795	1331	-1	2
k63_31569	1575	1706	1	3
k63_969004	55	579	-1	1
k63_969004	829	1092	1	2
k63_969004	1316	1975	-1	3
k63_969004	2522	3025	1	4
k63_501697	1	777	-1	1
k63_501697	934	2733	-1	2
k63_501697	3084	3794	-1	3
k63_1553722	202	633	-1	1
k63_1553722	630	1958	-1	2
k63_1553722	2024	3415	-1	3
k63_1424903	162	506	-1	1
k63_1424903	694	2010	-1	2
k63_1424903	2061	2471	-1	3
k63_1424903	2853	4391	-1	4
k63_1424903	4408	5133	-1	5
k63_853428	2	2065	1	1
k63_853428	2161	2496	1	2
k63_257386	218	1309	1	1
k63_257386	1402	2439	1	2
k63_257386	2969	3403	1	3
k63_257386	3427	3954	1	4
k63_257386	4140	4442	1	5
k63_257386	4480	4692	1	6
k63_257386	4634	5071	1	7
k63_257386	5388	6440	1	8
k63_257386	7043	7834	-1	9
k63_257386	7919	9727	1	10
k63_257386	9950	10642	-1	11
k63_257386	11011	12249	-1	12
k63_1554115	2	3316	-1	1
k63_1554115	3368	6745	-1	2
k63_1554115	6885	8006	-1	3
k63_1554234	205	1083	-1	1
k63_1554234	1604	3190	-1	2
k63_1554234	3363	3743	-1	3
k63_1554234	4248	4364	-1	4
k63_1554234	4403	4663	1	5
k63_1554234	5095	6549	-1	6
k63_1554234	6756	7244	1	7
k63_1554234	7521	7676	-1	8
k63_1554234	7743	8543	-1	9
k63_1554234	8540	8722	-1	10
k63_32381	1	168	1	1
k63_32381	331	930	1	2
k63_32381	939	1826	1	3
k63_32381	1895	2965	-1	4
k63_32381	2991	3785	-1	5
k63_32381	3860	7222	-1	6
k63_32381	7604	8668	-1	7
k63_32381	8781	10196	-1	8
k63_32381	10227	10532	1	9
k63_32381	10657	11811	-1	10
k63_32381	11891	12196	-1	11
k63_1554300	1	999	1	1
k63_1554300	1336	1650	1	2
k63_257750	2	100	1	1
k63_257750	354	467	1	2
k63_257750	464	934	1	3
k63_257750	959	1231	-1	4
k63_257750	1417	4008	1	5
k63_257750	4001	4948	1	6
k63_257750	4945	5655	1	7
k63_32653	1	870	-1	1
k63_32653	837	1334	-1	2
k63_32653	1359	2507	-1	3
k63_725185	294	1154	-1	1
k63_725185	1923	3392	-1	2
k63_150318	175	1020	-1	1
k63_150318	1276	1704	1	2
k63_150318	1901	2479	-1	3
k63_150318	2569	3939	-1	4
k63_150318	4147	4878	1	5
k63_150318	5053	5403	1	6
k63_150318	5440	6792	-1	7
k63_503117	1	510	-1	1
k63_503117	559	1416	-1	2
k63_854624	238	498	1	1
k63_854624	495	2291	-1	2
k63_854624	2371	2808	-1	3
k63_1313520	1	840	1	1
k63_1313520	922	2052	1	2
k63_1313520	2310	4298	1	3
k63_1313520	4397	5239	1	4
k63_1313520	5932	6339	-1	5
k63_1313520	6809	7489	1	6
k63_1313520	7555	7986	-1	7
k63_1313520	8035	9783	-1	8
k63_1313520	9859	11205	-1	9
k63_1313520	11458	12540	-1	10
k63_1313520	12777	12986	-1	11
k63_1313520	13064	14233	-1	12
k63_1662999	3	842	-1	1
k63_1662999	845	2212	-1	2
k63_1662999	2218	2667	-1	3
k63_1662999	2686	3636	1	4
k63_1662999	3731	4654	1	5
k63_1662999	4719	5336	-1	6
k63_1662999	5549	6247	1	7
k63_1425811	1	768	-1	1
k63_1425811	744	2030	-1	2
k63_1425811	2128	2961	-1	3
k63_608177	2	454	1	1
k63_608177	650	1621	-1	2
k63_608177	2009	2293	1	3
k63_608177	2471	3310	1	4
k63_608177	3576	3893	-1	5
k63_608177	4541	6592	-1	6
k63_608177	6592	7062	-1	7
k63_608177	7374	8096	1	8
k63_608177	8203	8499	1	9
k63_608177	8403	9065	-1	10
k63_608177	9241	9816	-1	11
k63_503529	3	893	-1	1
k63_503529	951	1751	-1	2
k63_386671	60	611	-1	1
k63_386671	619	1122	-1	2
k63_386671	1154	1408	-1	3
k63_386671	1524	2540	-1	4
k63_386671	2540	2782	-1	5
k63_386671	2934	3488	-1	6
k63_386671	3801	6281	1	7
k63_386671	6407	6997	-1	8
k63_386671	6972	7466	-1	9
k63_386671	7469	8020	-1	10
k63_386671	8311	9249	1	11
k63_386671	9242	10471	1	12
k63_608599	3	179	1	1
k63_608599	271	900	-1	2
k63_608599	1158	3125	1	3
k63_608599	3190	3432	1	4
k63_608599	3492	3659	-1	5
k63_1083033	2	130	-1	1
k63_1083033	290	697	-1	2
k63_1083033	755	1090	-1	3
k63_1083033	1373	1903	1	4
k63_1083033	2004	2912	-1	5
k63_1083033	3075	3449	-1	6
k63_1083033	3433	4125	-1	7
k63_1083033	4312	4692	-1	8
k63_1083033	4822	5124	-1	9
k63_608862	3	311	-1	1
k63_608862	676	1254	-1	2
k63_608862	1260	1463	-1	3
k63_608862	2093	2293	1	4
k63_608862	2441	3511	1	5
k63_1556531	219	425	1	1
k63_1556531	454	2412	1	2
k63_1556531	2458	2913	1	3
k63_1556531	3040	3390	1	4
k63_1663792	1	192	1	1
k63_1663792	556	1986	-1	2
k63_1663792	2594	3700	-1	3
k63_1663792	3771	3971	-1	4
k63_1663792	4409	4480	1	5
k63_1192575	1	123	1	1
k63_1192575	624	1034	-1	2
k63_1192575	1041	1238	-1	3
k63_1192575	1289	1846	-1	4
k63_1192575	1855	3930	-1	5
k63_1192575	3927	5018	-1	6
k63_1192575	5518	6156	1	7
k63_1192575	6317	6592	-1	8
k63_1556714	376	1341	1	1
k63_1556714	1436	1744	1	2
k63_1556714	1822	2631	1	3
k63_972740	213	602	-1	1
k63_972740	845	2188	1	2
k63_972740	2642	3343	1	3
k63_972740	3487	3645	1	4
k63_152528	126	293	1	1
k63_152528	348	590	-1	2
k63_152528	753	2021	1	3
k63_152653	328	1593	-1	1
k63_152653	1819	2244	1	2
k63_505512	87	1565	1	1
k63_505512	1888	3330	1	2
k63_505512	3532	4254	1	3
k63_505512	4380	5075	1	4
k63_973164	39	1784	-1	1
k63_973164	2460	4340	1	2
k63_973164	4348	5931	1	3
k63_973164	6199	6411	1	4
k63_35403	190	1011	-1	1
k63_35403	1292	2008	-1	2
k63_35403	2204	2890	-1	3
k63_35403	3128	4624	-1	4
k63_856769	1	669	-1	1
k63_856769	688	1572	-1	2
k63_856769	1572	2522	-1	3
k63_856769	2738	3811	-1	4
k63_856769	4238	4396	1	5
k63_388628	3	335	-1	1
k63_388628	666	839	-1	2
k63_388628	964	3726	-1	3
k63_388628	4115	6280	-1	4
k63_388628	6604	6810	-1	5
k63_727009	3	719	-1	1
k63_727009	1009	1386	1	2
k63_727009	1450	2661	1	3
k63_727009	2761	4626	1	4
k63_727009	4634	5614	1	5
k63_1193302	2	3259	1	1
k63_1193302	3455	4249	1	2
k63_1193302	4666	5214	1	3
k63_1193302	5483	6235	1	4
k63_1193302	6256	6930	1	5
k63_1193302	6999	7727	1	6
k63_1193302	7733	7948	1	7
k63_1193302	8122	8601	1	8
k63_1193302	8739	9017	-1	9
k63_1193302	9344	9550	1	10
k63_1193302	9650	10720	-1	11
k63_1193302	11066	11524	1	12
k63_1193302	11685	12218	1	13
k63_1427484	1	105	1	1
k63_1427484	177	1532	1	2
k63_1427484	1529	2113	-1	3
k63_1427484	2207	3265	-1	4
k63_1427484	3407	4063	1	5
k63_1427484	4084	4917	1	6
k63_1427484	4923	5870	1	7
k63_1427484	6038	7765	1	8
k63_1664850	1	225	-1	1
k63_1664850	253	507	-1	2
k63_1664850	889	1593	1	3
k63_1664863	148	450	1	1
k63_1664863	569	1213	1	2
k63_1664863	1244	3535	1	3
k63_1664863	3703	4494	1	4
k63_1664863	4487	5161	1	5
k63_153979	224	1096	1	1
k63_153979	1128	1595	1	2
k63_153979	1648	2139	1	3
k63_153979	2196	3002	-1	4
k63_154173	230	1018	-1	1
k63_154173	1207	2052	-1	2
k63_154173	2238	2642	-1	3
k63_154173	2760	3101	-1	4
k63_154173	3154	3588	-1	5
k63_974246	150	1277	1	1
k63_974246	1319	2371	1	2
k63_974246	2407	3198	1	3
k63_974246	3195	4190	1	4
k63_974246	4221	6257	1	5
k63_974246	6305	7408	1	6
k63_974246	7422	8306	1	7
k63_974246	8306	9703	1	8
k63_974246	9820	10776	1	9
k63_974246	11015	11557	1	10
k63_974246	11881	14676	-1	11
k63_974246	14911	15918	-1	12
k63_974246	15947	16549	-1	13
k63_974246	16705	17499	-1	14
k63_858000	3	755	-1	1
k63_858000	759	3041	-1	2
k63_1084665	299	1375	1	1
k63_1084665	1402	2385	1	2
k63_1084665	2501	3844	1	3
k63_1084665	3856	4548	1	4
k63_1084665	4562	4651	1	5
k63_727918	314	1270	1	1
k63_727918	1294	1737	1	2
k63_727918	1908	3032	1	3
k63_727918	3213	4367	-1	4
k63_727918	4558	5718	-1	5
k63_727918	5755	5892	-1	6
k63_1428111	274	1005	1	1
k63_1428111	1084	3600	1	2
k63_1428111	3721	4206	-1	3
k63_1428111	4451	5626	-1	4
k63_1665604	2	103	1	1
k63_1665604	164	499	1	2
k63_1665604	863	1369	1	3
k63_1665604	1382	1759	1	4
k63_1665604	1951	2322	1	5
k63_262299	83	823	1	1
k63_262299	967	1761	1	2
k63_262299	1853	2740	-1	3
k63_262299	3010	3891	1	4
k63_262299	4029	4967	1	5
k63_975208	638	1714	1	1
k63_975208	1711	2883	1	2
k63_975208	2926	4338	1	3
k63_975208	4570	5187	-1	4
k63_975208	5206	5493	-1	5
k63_975208	5660	5920	-1	6
k63_37748	2	535	-1	1
k63_37748	655	1455	-1	2
k63_37748	1643	2083	-1	3
k63_975917	3	902	-1	1
k63_975917	899	2398	-1	2
k63_1085513	78	446	-1	1
k63_1085513	517	927	-1	2
k63_1085513	935	2425	-1	3
k63_1085513	2487	3005	-1	4
k63_1085513	3310	4434	-1	5
k63_156193	237	1010	1	1
k63_156193	1031	1825	1	2
k63_156193	1840	2262	-1	3
k63_1085624	1	165	1	1
k63_1085624	260	1276	1	2
k63_1085624	1512	1736	1	3
k63_1085624	1729	2433	1	4
k63_1085624	2768	3034	-1	5
k63_509253	2	64	-1	1
k63_509253	107	238	-1	2
k63_509253	694	1539	1	3
k63_611987	694	1665	1	1
k63_611987	1945	2898	-1	2
k63_1560914	2	829	1	1
k63_1560914	1028	1861	1	2
k63_1560914	2529	3017	1	3
k63_612081	2	577	1	1
k63_612081	605	1864	1	2
k63_612081	1901	3283	-1	3
k63_612081	3624	4328	-1	4
k63_612081	4525	4767	-1	5
k63_612081	4919	5803	-1	6
k63_509887	117	524	-1	1
k63_509887	532	1668	-1	2
k63_509887	2212	2553	1	3
k63_509887	2603	3502	1	4
k63_509887	3659	4096	1	5
k63_860740	2	649	1	1
k63_860740	673	2859	1	2
k63_1561619	1	1485	-1	1
k63_1561619	1473	2681	-1	2
k63_1318826	131	1891	1	1
k63_1318826	1948	2406	1	2
k63_1318826	2478	2951	1	3
k63_158501	150	1595	1	1
k63_1667592	1	264	1	1
k63_1667592	321	1643	1	2
k63_1667592	1700	2617	-1	3
k63_978934	2	127	1	1
k63_978934	405	1832	-1	2
k63_40656	185	529	1	1
k63_40656	691	909	1	2
k63_40656	997	1617	1	3
k63_40656	1948	2772	1	4
k63_40656	2797	3630	-1	5
k63_40656	3693	4472	1	6
k63_40656	4491	4718	-1	7
k63_40656	4853	5128	-1	8
k63_40656	5209	7089	1	9
k63_862561	65	451	-1	1
k63_862561	458	706	-1	2
k63_862561	1002	2192	-1	3
k63_862561	2207	3343	-1	4
k63_862631	351	1544	1	1
k63_1563310	3	1106	1	1
k63_1563310	2215	4875	-1	2
k63_266642	3	203	-1	1
k63_266642	660	1364	1	2
k63_266642	1468	3126	-1	3
k63_266642	3213	3524	-1	4
k63_266642	3870	4796	-1	5
k63_266642	5042	5167	-1	6
k63_266642	5284	5559	-1	7
k63_1431138	3	1145	-1	1
k63_1431138	1533	2576	-1	2
k63_1431138	2633	3133	-1	3
k63_1431138	3707	7432	-1	4
k63_1431138	7689	8972	-1	5
k63_1431138	9232	10134	1	6
k63_1431138	10315	11619	-1	7
k63_1431138	12085	13911	1	8
k63_1431138	14018	15826	1	9
k63_1431138	16154	17353	1	10
k63_1431138	17476	18657	-1	11
k63_1431138	19029	19832	1	12
k63_1431138	19892	20665	-1	13
k63_1431138	20896	21831	-1	14
k63_1431138	21923	22591	-1	15
k63_1431138	22591	23538	-1	16
k63_1431138	23758	25092	-1	17
k63_1431138	25076	25546	-1	18
k63_863854	2	838	-1	1
k63_863854	831	1427	-1	2
k63_863854	1939	2034	-1	3
k63_1320451	211	570	1	1
k63_1320451	534	722	1	2
k63_1320451	1031	2164	1	3
k63_1320451	2206	2445	1	4
k63_1431560	298	2787	-1	1
k63_1431560	3842	3967	-1	2
k63_1431560	3978	4418	-1	3
k63_1431560	4514	4702	1	4
k63_1431560	4770	4877	1	5
k63_1431560	5096	5344	1	6
k63_1320505	227	1774	-1	1
k63_1320505	2106	2234	-1	2
k63_1198169	97	1041	1	1
k63_160956	3	611	-1	1
k63_160956	932	1981	-1	2
k63_160956	1997	2239	-1	3
k63_160956	2252	2548	-1	4
k63_160956	2605	3858	-1	5
k63_160983	2	1606	1	1
k63_160983	2018	2194	1	2
k63_514246	1	264	-1	1
k63_514246	274	738	-1	2
k63_514246	725	1564	-1	3
k63_514246	1709	2062	-1	4
k63_514246	2065	3306	-1	5
k63_514246	3315	3941	-1	6
k63_514246	3955	4338	-1	7
k63_514246	4352	4744	-1	8
k63_161098	2	736	1	1
k63_161098	765	1544	1	2
k63_161098	2228	2512	1	3
k63_161098	2811	3077	-1	4
k63_865042	1	906	1	1
k63_865042	914	1627	-1	2
k63_865042	1891	2868	1	3
k63_865042	2897	3370	-1	4
k63_865042	3646	4359	1	5
k63_161492	47	583	1	1
k63_161492	614	898	1	2
k63_161492	1191	1397	-1	3
k63_161492	1647	1874	-1	4
k63_161492	1939	3693	-1	5
k63_161492	3849	4475	-1	6
k63_161492	5081	6091	1	7
k63_161492	6084	6209	1	8
k63_161492	6155	6622	-1	9
k63_1089430	2	1876	1	1
k63_1089430	1880	3439	1	2
k63_1089430	3456	4976	1	3
k63_1089430	5472	6389	1	4
k63_1089430	6402	6950	1	5
k63_1089430	7008	7814	1	6
k63_1432220	1	714	1	1
k63_1432220	952	1512	1	2
k63_1432220	1608	1898	-1	3
k63_43812	1	519	1	1
k63_43812	712	1680	1	2
k63_43812	1689	2252	1	3
k63_43812	2266	3120	1	4
k63_43812	3650	4231	1	5
k63_43812	4422	5123	1	6
k63_43812	5279	6034	1	7
k63_43812	6278	6382	1	8
k63_982402	218	544	1	1
k63_982402	698	1612	1	2
k63_43891	3	398	1	1
k63_43891	1254	2951	-1	2
k63_43891	3037	3528	1	3
k63_43891	3949	4092	-1	4
k63_43891	4196	4684	1	5
k63_43891	4742	5326	1	6
k63_43891	5362	6264	1	7
k63_43891	6618	7169	1	8
k63_43891	7278	8384	1	9
k63_43891	8387	8812	1	10
k63_515022	1439	1867	1	1
k63_515022	1964	2458	1	2
k63_515022	2332	3069	-1	3
k63_515022	3106	3954	-1	4
k63_515022	3918	4481	-1	5
k63_1669884	3	518	-1	1
k63_1669884	575	805	-1	2
k63_1669884	824	1831	-1	3
k63_397196	3	110	-1	1
k63_397196	249	569	-1	2
k63_397196	779	1690	1	3
k63_397196	2663	3493	1	4
k63_1432453	42	1481	-1	1
k63_1432453	1703	2485	1	2
k63_1432453	2555	3472	1	3
k63_1432453	3487	3870	1	4
k63_1321877	67	540	-1	1
k63_1321877	581	1894	-1	2
k63_1321877	2405	3136	1	3
k63_162458	1	75	-1	1
k63_162458	82	1914	-1	2
k63_1321942	3	62	-1	1
k63_1321942	210	770	-1	2
k63_1321942	833	1384	-1	3
k63_1321942	1487	2416	-1	4
k63_1321942	2597	2989	-1	5
k63_1321942	3202	3993	-1	6
k63_1321942	4235	5428	1	7
k63_1321942	5461	6816	1	8
k63_1321942	7303	7626	1	9
k63_616100	1	159	1	1
k63_616100	284	1237	1	2
k63_616100	1495	2313	1	3
k63_616100	2591	2917	-1	4
k63_616100	3484	3639	1	5
k63_616100	3746	3904	1	6
k63_1199629	115	1110	1	1
k63_1199629	1282	1773	-1	2
k63_734090	1	927	1	1
k63_734090	1199	2035	1	2
k63_734090	2232	3230	-1	3
k63_734090	3374	4174	-1	4
k63_1199873	1	561	1	1
k63_1199873	673	1275	-1	2
k63_1199873	1379	1672	1	3
k63_1199873	1724	2068	-1	4
k63_1090268	187	1332	1	1
k63_1090268	1329	1784	1	2
k63_1090268	1889	2380	-1	3
k63_1090268	2494	2676	1	4
k63_1090268	3225	3287	1	5
k63_1433064	422	811	-1	1
k63_1433064	964	1383	-1	2
k63_1433064	1799	3262	-1	3
k63_1433064	3292	3597	-1	4
k63_1433064	3779	4780	-1	5
k63_269997	145	516	1	1
k63_269997	658	1683	1	2
k63_269997	2216	3424	1	3
k63_269997	3511	4254	1	4
k63_270210	1	222	-1	1
k63_270210	696	1721	1	2
k63_616692	2	160	-1	1
k63_616692	165	1523	-1	2
k63_616692	1681	2940	-1	3
k63_1322943	1	1821	1	1
k63_1322943	1818	2264	1	2
k63_1322943	2303	3082	-1	3
k63_867465	1	240	-1	1
k63_867465	486	1502	1	2
k63_867465	1669	2772	1	3
k63_867465	2826	3542	1	4
k63_867465	3715	4833	1	5
k63_867465	4890	4991	-1	6
k63_867465	5205	5366	1	7
k63_867465	5430	5954	1	8
k63_867465	6061	6621	-1	9
k63_867465	6648	7940	-1	10
k63_867465	8059	8310	-1	11
k63_867465	8367	10946	1	12
k63_867465	10978	12114	1	13
k63_867465	12111	13442	1	14
k63_867465	13439	14428	1	15
k63_867465	14418	15416	1	16
k63_867465	15413	15604	1	17
k63_867465	16242	16604	1	18
k63_867487	64	1518	1	1
k63_867487	1613	3001	1	2
k63_867487	3062	3574	1	3
k63_867487	3608	3709	1	4
k63_1568379	1	666	-1	1
k63_1568379	679	2190	-1	2
k63_1671839	2	622	1	1
k63_1671839	1150	4287	1	2
k63_1671839	4289	5170	1	3
k63_1323782	1	786	-1	1
k63_1323782	792	2426	-1	2
k63_1323782	2704	3978	-1	3
k63_1323782	4124	5248	-1	4
k63_1323782	5607	6008	1	5
k63_1091505	22	1011	-1	1
k63_1091505	1913	3331	1	2
k63_1091505	3604	4305	1	3
k63_1091505	4382	5641	1	4
k63_1091505	6088	6447	-1	5
k63_1091505	6926	7213	1	6
k63_1091505	7373	7639	1	7
k63_1091505	7707	7847	1	8
k63_271521	1	201	1	1
k63_271521	182	877	1	2
k63_271521	1006	3030	-1	3
k63_271521	3174	3761	-1	4
k63_271521	3769	4158	-1	5
k63_271521	4183	5868	-1	6
k63_400482	447	800	1	1
k63_400482	1014	2159	1	2
k63_165431	74	268	-1	1
k63_165431	385	1521	-1	2
k63_165431	1617	3023	-1	3
k63_165431	3402	5411	-1	4
k63_165431	5441	6613	-1	5
k63_400702	3	1499	1	1
k63_165771	2	637	1	1
k63_165771	674	820	1	2
k63_165771	876	1304	1	3
k63_165771	1360	2655	1	4
k63_617980	277	1425	1	1
k63_617980	1613	1960	1	2
k63_519798	1	339	-1	1
k63_519798	467	829	1	2
k63_519798	1053	1748	1	3
k63_519798	1680	2330	-1	4
k63_519798	2510	2734	-1	5
k63_520037	3	875	-1	1
k63_737268	298	525	-1	1
k63_737268	584	1282	-1	2
k63_737268	1328	2122	-1	3
k63_737268	2199	3002	-1	4
k63_737268	3195	4139	-1	5
k63_737268	4382	4777	1	6
k63_737268	4956	5255	1	7
k63_737268	5468	6166	-1	8
k63_737268	6241	7614	-1	9
k63_402636	3	86	1	1
k63_402636	65	709	-1	2
k63_402636	750	1877	-1	3
k63_1571499	1	207	-1	1
k63_1571499	266	1459	-1	2
k63_1571499	1656	2750	-1	3
k63_1571499	2874	3389	1	4
k63_1571499	3494	4738	1	5
k63_521229	2	295	-1	1
k63_521229	792	2213	-1	2
k63_1325919	3	560	1	1
k63_1325919	492	2408	-1	2
k63_1325919	2460	2645	1	3
k63_1571725	1	1074	-1	1
k63_1571725	1338	1796	-1	2
k63_1571725	1988	2965	-1	3
k63_1571725	2979	3962	-1	4
k63_1571725	4040	5425	-1	5
k63_1571725	5649	7487	1	6
k63_1571725	7484	7783	1	7
k63_1571725	7780	8547	1	8
k63_403002	83	1576	1	1
k63_403002	1601	2467	1	2
k63_403002	2522	3112	1	3
k63_403002	3099	4040	1	4
k63_403002	4085	4228	1	5
k63_403002	4433	4939	1	6
k63_403002	5007	5417	-1	7
k63_403002	5532	5912	-1	8
k63_1203461	221	745	1	1
k63_1203461	871	1230	-1	2
k63_1203461	1270	2433	-1	3
k63_1203461	2481	2645	-1	4
k63_1436177	2	259	1	1
k63_1436177	287	751	-1	2
k63_1436177	1058	1552	-1	3
k63_1436177	1704	2345	1	4
k63_1436177	2618	3811	1	5
k63_1436177	3851	4582	1	6
k63_1436177	4638	5510	1	7
k63_1436177	5545	5934	-1	8
k63_274569	3	2105	-1	1
k63_274569	2342	2476	1	2
k63_274569	2569	3456	-1	3
k63_274569	3654	3974	1	4
k63_50612	1	84	1	1
k63_50612	155	760	1	2
k63_50612	837	1052	1	3
k63_50612	1271	1438	1	4
k63_50612	1575	1862	1	5
k63_274805	1	312	-1	1
k63_274805	753	2408	1	2
k63_274805	2674	4065	1	3
k63_274805	4217	5086	1	4
k63_50835	107	583	-1	1
k63_50835	592	1464	-1	2
k63_50835	1772	2233	1	3
k63_1675155	2	397	1	1
k63_1675155	480	977	1	2
k63_1675155	1286	2401	-1	3
k63_1094064	2	79	1	1
k63_1094064	146	1411	1	2
k63_1094064	1697	2620	1	3
k63_1204132	123	311	1	1
k63_1204132	344	1996	1	2
k63_1204132	2166	3170	1	3
k63_1204132	3297	3923	1	4
k63_523145	1	2820	-1	1
k63_523145	2976	3323	-1	2
k63_1094303	3	1463	1	1
k63_275606	3	419	-1	1
k63_275606	454	834	-1	2
k63_275606	1257	1568	-1	3
k63_275606	1661	3727	-1	4
k63_405060	1	1470	-1	1
k63_873896	1	2127	-1	1
k63_873896	2163	3311	-1	2
k63_991641	121	1011	1	1
k63_991641	1170	1763	1	2
k63_991641	1760	2725	1	3
k63_991641	2728	4416	1	4
k63_991641	4453	5079	1	5
k63_991641	5147	5362	-1	6
k63_276218	1	522	1	1
k63_276218	584	1342	1	2
k63_405719	497	1294	1	1
k63_405719	1314	3161	-1	2
k63_405719	3604	4449	1	3
k63_405719	4528	4722	1	4
k63_276285	149	526	1	1
k63_276285	501	1325	1	2
k63_276285	1354	1983	1	3
k63_621632	151	534	1	1
k63_621632	574	1407	-1	2
k63_621632	1935	2255	-1	3
k63_621632	2396	3643	1	4
k63_621632	3512	3808	-1	5
k63_621632	3808	7452	-1	6
k63_621632	7696	8958	1	7
k63_621632	8971	9369	1	8
k63_621632	9386	10669	1	9
k63_621632	10708	11019	1	10
k63_621632	11185	12024	1	11
k63_621632	12048	12656	1	12
k63_621632	12653	13267	1	13
k63_621632	13283	14200	1	14
k63_621632	14313	14759	-1	15
k63_621632	14877	16208	-1	16
k63_621632	16415	19012	1	17
k63_621632	19064	19483	1	18
k63_739493	3	794	-1	1
k63_739493	841	1800	-1	2
k63_874507	346	801	1	1
k63_874507	923	2593	-1	2
k63_874507	2990	3751	-1	3
k63_874507	3999	4472	1	4
k63_874507	4611	5630	-1	5
k63_874507	5791	6129	-1	6
k63_874507	6303	7193	-1	7
k63_874507	7285	8694	-1	8
k63_874507	8755	8970	-1	9
k63_874507	9297	9635	1	10
k63_739741	1	414	1	1
k63_739741	438	827	1	2
k63_739741	889	1680	1	3
k63_874750	3	212	-1	1
k63_874750	424	1662	1	2
k63_276779	2	244	1	1
k63_276779	437	1198	1	2
k63_276779	1324	2211	-1	3
k63_276779	2222	3232	-1	4
k63_276779	3281	3724	-1	5
k63_276779	3835	5427	-1	6
k63_276779	5484	6410	-1	7
k63_1095450	1	495	1	1
k63_1095450	635	1450	-1	2
k63_1095450	1827	2708	1	3
k63_1095450	2751	3542	1	4
k63_1095450	3564	4250	1	5
k63_525053	3	515	1	1
k63_525053	664	1287	1	2
k63_525053	1424	2095	-1	3
k63_525053	2141	2305	-1	4
k63_525053	2305	2601	-1	5
k63_525053	2604	2915	-1	6
k63_622130	1	1284	-1	1
k63_622130	1378	1680	-1	2
k63_622130	1720	2424	-1	3
k63_622130	2449	3012	-1	4
k63_406520	152	568	1	1
k63_406520	889	1224	1	2
k63_406520	1221	1532	1	3
k63_1328909	2	2077	-1	1
k63_1328909	2152	3354	-1	2
k63_740021	149	973	1	1
k63_740021	1049	1954	1	2
k63_740021	2438	2932	1	3
k63_740021	3003	3443	-1	4
k63_740021	3862	4851	-1	5
k63_740021	4965	5894	-1	6
k63_740021	6309	8036	-1	7
k63_1677324	3	374	1	1
k63_1677324	444	1598	1	2
k63_1677324	2266	2787	1	3
k63_1329089	1	114	1	1
k63_1329089	140	934	1	2
k63_1329089	943	1884	1	3
k63_1329089	1960	3183	1	4
k63_1329089	3363	3980	1	5
k63_1329089	3977	5530	1	6
k63_1329089	5533	5988	1	7
k63_277358	485	691	1	1
k63_277358	722	1174	-1	2
k63_277358	1221	1850	1	3
k63_277358	2277	2483	1	4
k63_622524	1	315	1	1
k63_622524	390	3329	1	2
k63_622524	3508	4260	1	3
k63_622524	4491	6701	1	4
k63_407368	11	301	-1	1
k63_407368	298	495	-1	2
k63_407368	579	1466	-1	3
k63_407368	1721	1924	-1	4
k63_407368	1921	2826	-1	5
k63_54326	3	554	-1	1
k63_54326	692	976	-1	2
k63_54326	1162	2025	1	3
k63_54326	1985	3232	1	4
k63_172616	3	1061	-1	1
k63_172616	1107	2021	-1	2
k63_172616	2341	2697	1	3
k63_172616	2678	2764	-1	4
k63_1206874	200	1162	1	1
k63_1206874	1402	2301	-1	2
k63_1206874	2533	3285	1	3
k63_1206874	3444	4118	-1	4
k63_1206874	4213	4305	-1	5
k63_994312	1	324	-1	1
k63_994312	946	1890	1	2
k63_994312	1941	2456	-1	3
k63_994312	2613	2693	-1	4
k63_1330068	268	975	1	1
k63_1330068	1065	2837	-1	2
k63_1330068	3075	6275	-1	3
k63_1330068	6379	6819	-1	4
k63_1330068	7024	7347	-1	5
k63_876667	371	1231	1	1
k63_876667	1786	2877	1	2
k63_1439431	543	992	-1	1
k63_1439431	1760	2089	1	2
k63_55333	1	264	-1	1
k63_55333	324	1349	-1	2
k63_55333	1439	1753	-1	3
k63_1207591	181	687	-1	1
k63_1207591	773	1297	-1	2
k63_1207591	1877	5623	1	3
k63_1207591	5800	6129	-1	4
k63_279360	145	306	-1	1
k63_279360	490	1041	-1	2
k63_279360	1054	1311	-1	3
k63_279360	1420	1662	-1	4
k63_279360	1662	1874	-1	5
k63_279360	1973	2155	-1	6
k63_741747	302	409	-1	1
k63_741747	496	891	-1	2
k63_741747	1283	2302	-1	3
k63_741747	2547	3257	1	4
k63_1577496	99	1040	1	1
k63_1577496	1214	2170	1	2
k63_1097796	3	170	-1	1
k63_1097796	157	1650	-1	2
k63_1097796	2301	2570	1	3
k63_409631	2	748	1	1
k63_409631	803	2527	1	2
k63_409631	2545	2763	1	3
k63_409631	3087	3827	1	4
k63_279724	277	786	1	1
k63_279724	789	2111	1	2
k63_1578434	45	1457	1	1
k63_1578434	2218	3780	1	2
k63_625101	3	689	-1	1
k63_625101	801	1106	-1	2
k63_625101	1421	2404	1	3
k63_625101	2505	2651	1	4
k63_1098832	1	81	1	1
k63_1098832	171	1019	-1	2
k63_1098832	1449	1760	1	3
k63_1209523	404	2038	1	1
k63_1209523	2242	2988	1	2
k63_1209523	3119	3859	1	3
k63_1209523	4035	4427	-1	4
k63_1209523	4443	4826	-1	5
k63_1209523	4899	7133	-1	6
k63_1209523	7308	8333	1	7
k63_1209523	8436	8840	-1	8
k63_1209523	9103	9660	1	9
k63_1209523	9892	10293	1	10
k63_1209523	10383	11039	-1	11
k63_281568	197	1201	1	1
k63_281568	1714	2025	-1	2
k63_281696	1	321	1	1
k63_281696	325	495	1	2
k63_281696	501	746	1	3
k63_281696	813	1391	1	4
k63_281696	1420	1848	1	5
k63_281696	1851	2567	1	6
k63_281696	2919	3458	1	7
k63_281696	3504	4097	1	8
k63_281696	4163	4546	1	9
k63_281696	4767	5024	1	10
k63_281696	5239	6276	1	11
k63_1332821	3	1088	-1	1
k63_1332821	1125	1886	-1	2
k63_1332821	1981	3411	-1	3
k63_1332821	3493	4779	-1	4
k63_1332821	4769	5227	-1	5
k63_880315	34	657	-1	1
k63_880315	635	1795	-1	2
k63_880315	1854	2927	-1	3
k63_880315	3254	3934	-1	4
k63_880315	4013	5050	-1	5
k63_880315	5466	6392	1	6
k63_880315	6654	7211	1	7
k63_626069	1	231	-1	1
k63_626069	1031	1570	-1	2
k63_1681033	1	84	1	1
k63_1681033	229	834	1	2
k63_1681033	856	2976	-1	3
k63_1681033	3302	5980	-1	4
k63_1681033	6321	6629	-1	5
k63_1681033	6757	7161	-1	6
k63_1681033	7321	7572	-1	7
k63_1099691	377	1492	1	1
k63_1099691	1467	2117	1	2
k63_1099691	2086	2226	1	3
k63_1099691	2526	3914	-1	4
k63_1099691	3911	4060	-1	5
k63_1099691	4226	4495	1	6
k63_1099691	4722	5972	-1	7
k63_1099691	5969	6730	-1	8
k63_176594	3	2297	1	1
k63_531732	85	1818	1	1
k63_1100201	228	980	1	1
k63_1100201	1034	1603	-1	2
k63_1100201	1557	1856	-1	3
k63_1100201	2092	2682	-1	4
k63_1100201	2746	3252	-1	5
k63_1100302	39	1142	1	1
k63_1100302	1139	1420	-1	2
k63_1100302	1436	2425	-1	3
k63_1100302	2422	2916	-1	4
k63_1100302	2901	3410	-1	5
k63_1100302	3709	4941	-1	6
k63_1100302	5047	5844	-1	7
k63_1100302	6207	7112	1	8
k63_1100302	7500	7859	1	9
k63_1100302	8066	8776	1	10
k63_1100302	8844	9206	1	11
k63_412938	1	219	-1	1
k63_412938	420	689	-1	2
k63_412938	812	952	1	3
k63_412938	923	1258	-1	4
k63_412938	1473	1943	-1	5
k63_412938	2026	2586	-1	6
k63_412938	2660	3157	1	7
k63_412938	3523	3807	1	8
k63_1443661	280	1248	-1	1
k63_1443661	1431	1718	-1	2
k63_1443661	2027	2431	1	3
k63_1100701	2	649	1	1
k63_1100701	651	1322	1	2
k63_1100701	1445	2272	1	3
k63_1100701	2338	2556	1	4
k63_283336	3	578	1	1
k63_283336	825	1820	1	2
k63_283336	2250	3023	1	3
k63_1000315	41	595	-1	1
k63_1000315	806	1072	-1	2
k63_1000315	1350	1454	1	3
k63_1000315	1625	1870	1	4
k63_1000315	2099	2656	-1	5
k63_1000315	2708	3730	-1	6
k63_283438	8	589	-1	1
k63_283438	538	669	-1	2
k63_283438	912	1937	1	3
k63_283438	1971	2294	1	4
k63_283438	2328	2540	1	5
k63_283438	2675	3307	-1	6
k63_1211545	30	1601	-1	1
k63_745373	1	357	1	1
k63_745373	372	1157	-1	2
k63_745373	1344	2573	1	3
k63_745373	2627	3709	-1	4
k63_745373	3839	4339	-1	5
k63_745373	4454	5092	-1	6
k63_745373	5177	5287	1	7
k63_1444004	3	1265	1	1
k63_1444004	1346	2020	1	2
k63_745418	146	715	-1	1
k63_745418	951	1793	-1	2
k63_1211798	217	687	1	1
k63_1211798	1116	1313	-1	2
k63_1211798	1771	2094	-1	3
k63_1211798	2163	2801	-1	4
k63_1212073	548	1612	-1	1
k63_1212073	1710	2159	-1	2
k63_284309	275	724	1	1
k63_284309	838	2079	-1	2
k63_284309	2092	2835	-1	3
k63_284309	2878	3165	-1	4
k63_414433	1	936	1	1
k63_414433	984	1889	1	2
k63_414433	1992	3680	-1	3
k63_414433	3960	5213	-1	4
k63_414433	5259	7007	-1	5
k63_1001745	57	437	-1	1
k63_1001745	867	1064	-1	2
k63_1001745	1310	1489	1	3
k63_1001745	1496	1657	1	4
k63_533881	1	1905	1	1
k63_533881	1889	2788	1	2
k63_533881	2815	3861	-1	3
k63_533881	3868	5232	-1	4
k63_746615	1	606	-1	1
k63_746615	674	1990	-1	2
k63_1683891	57	344	-1	1
k63_1683891	358	2142	1	2
k63_1683891	2163	3104	1	3
k63_1445362	2	586	1	1
k63_1445362	596	1723	1	2
k63_1445362	1765	2553	1	3
k63_1445362	2580	3338	1	4
k63_1445362	3373	4332	-1	5
k63_534526	1	108	1	1
k63_534526	148	1197	1	2
k63_534526	1258	2223	1	3
k63_534526	2288	2650	1	4
k63_534526	2611	2934	1	5
k63_534526	2973	3185	1	6
k63_534526	3346	3435	1	7
k63_62297	2	682	-1	1
k63_62297	892	1158	-1	2
k63_62297	1250	3088	-1	3
k63_62297	3212	4531	-1	4
k63_62297	4524	4904	-1	5
k63_1684425	1	1065	1	1
k63_1684425	989	1306	-1	2
k63_1684425	1685	1828	1	3
k63_1583731	1	291	-1	1
k63_1583731	418	1536	1	2
k63_1583731	1524	2183	1	3
k63_1583731	2227	2562	1	4
k63_1583731	2677	2955	1	5
k63_1583731	3007	3123	1	6
k63_1583731	3127	3840	1	7
k63_1583731	4034	5158	1	8
k63_1583731	5454	5690	1	9
k63_1583731	5687	6043	1	10
k63_535148	1	594	1	1
k63_535148	1299	1703	-1	2
k63_535148	1776	2402	-1	3
k63_535148	2767	3510	-1	4
k63_62646	3	176	1	1
k63_62646	254	1828	-1	2
k63_62646	1943	2143	-1	3
k63_62646	2140	2331	-1	4
k63_62646	2508	2756	1	5
k63_535562	1	93	-1	1
k63_535562	444	1235	1	2
k63_535562	1246	1365	1	3
k63_535562	1663	2337	1	4
k63_535562	2516	2947	1	5
k63_535562	3157	3738	-1	6
k63_535562	3878	3982	-1	7
k63_1336325	3	344	-1	1
k63_1336325	341	1081	-1	2
k63_1336325	1215	1799	-1	3
k63_1336325	2059	2607	1	4
k63_1336325	2791	3474	1	5
k63_180223	123	365	-1	1
k63_180223	443	934	-1	2
k63_180223	1164	1388	1	3
k63_180223	1504	1764	1	4
k63_748127	113	1627	1	1
k63_748127	1756	2346	-1	2
k63_748127	2466	2981	-1	3
k63_286718	1	1251	1	1
k63_286718	1368	1751	1	2
k63_286718	1996	2415	-1	3
k63_286718	2541	2891	-1	4
k63_286718	2943	3083	-1	5
k63_286718	3216	3644	-1	6
k63_63747	1	210	-1	1
k63_63747	366	578	-1	2
k63_63747	727	1512	1	3
k63_63747	1509	2177	1	4
k63_63747	2174	2296	1	5
k63_63747	2411	2587	1	6
k63_63747	2678	2776	1	7
k63_748272	3	401	-1	1
k63_748272	501	1877	-1	2
k63_286935	108	1454	1	1
k63_286935	1536	1964	1	2
k63_286935	2140	3417	1	3
k63_286935	3425	3838	1	4
k63_286935	3728	3958	-1	5
k63_286935	3931	4266	-1	6
k63_287022	2	250	-1	1
k63_287022	464	913	1	2
k63_287022	1279	3006	1	3
k63_181075	504	1799	1	1
k63_181075	1796	2152	1	2
k63_1686068	2	142	1	1
k63_1686068	373	1002	-1	2
k63_1686068	1465	1746	1	3
k63_181244	96	1526	1	1
k63_181244	1526	2941	1	2
k63_181244	2955	4301	1	3
k63_181244	4395	5591	-1	4
k63_181244	5767	6564	-1	5
k63_181244	6644	7852	-1	6
k63_181244	7923	8591	-1	7
k63_181244	8588	9418	-1	8
k63_181244	9423	9845	-1	9
k63_181244	9849	10109	-1	10
k63_181244	10119	11144	-1	11
k63_417934	3	332	1	1
k63_417934	487	1257	1	2
k63_630681	2	349	1	1
k63_630681	356	1144	1	2
k63_630681	1282	2637	1	3
k63_630681	2634	3869	1	4
k63_630681	3869	4318	1	5
k63_630681	4459	4977	1	6
k63_630681	5163	6941	-1	7
k63_630681	7012	7155	1	8
k63_630681	7137	7676	-1	9
k63_630681	8046	8276	1	10
k63_630728	305	2221	1	1
k63_630728	2580	3218	1	2
k63_182113	36	680	-1	1
k63_182113	677	2206	-1	2
k63_65429	2	1123	1	1
k63_65429	1125	1433	1	2
k63_65429	1566	1778	1	3
k63_182390	279	1466	1	1
k63_182390	1592	2116	1	2
k63_182390	2453	3247	1	3
k63_182390	3347	4570	1	4
k63_888615	53	1045	1	1
k63_888615	1039	2013	1	2
k63_888615	2082	3518	1	3
k63_888615	3850	4209	-1	4
k63_182828	514	1632	1	1
k63_182828	1728	3440	1	2
k63_1105304	2	871	1	1
k63_1105304	1185	2009	1	2
k63_1105304	2115	2678	1	3
k63_1105304	2878	3606	1	4
k63_1105304	4317	4445	-1	5
k63_631691	1	138	-1	1
k63_631691	410	1069	-1	2
k63_631691	1188	2660	-1	3
k63_1105604	107	955	-1	1
k63_1105604	945	1994	-1	2
k63_1105604	2060	2605	-1	3
k63_1105604	2787	4058	-1	4
k63_1339056	221	949	1	1
k63_1339056	1357	1710	1	2
k63_1339056	1677	2144	1	3
k63_1339056	2398	2853	-1	4
k63_1339056	2886	4145	-1	5
k63_1339056	4494	4901	1	6
k63_1588050	2	271	-1	1
k63_1588050	626	1015	-1	2
k63_1588050	1415	2065	1	3
k63_751474	177	983	-1	1
k63_751474	998	1420	-1	2
k63_751474	1683	2612	1	3
k63_751474	2651	2989	1	4
k63_290082	1	1419	1	1
k63_290082	1464	1811	1	2
k63_290082	1801	1974	-1	3
k63_290082	2032	2727	1	4
k63_290082	2731	3444	1	5
k63_751785	1	2394	1	1
k63_751785	2935	3885	1	2
k63_751880	3	200	1	1
k63_751880	434	613	1	2
k63_751880	1034	2377	-1	3
k63_1450371	2	553	1	1
k63_1450371	599	1633	1	2
k63_1450371	2177	2965	1	3
k63_184860	2	67	-1	1
k63_184860	98	349	-1	2
k63_184860	979	1587	1	3
k63_184860	1976	2527	1	4
k63_184860	2682	4967	1	5
k63_184860	4985	5074	-1	6
k63_421663	1	1008	-1	1
k63_421663	1230	1637	-1	2
k63_421663	1583	2998	-1	3
k63_421663	3058	4590	-1	4
k63_752832	1	549	-1	1
k63_752832	658	1608	-1	2
k63_752832	2124	3314	1	3
k63_752832	3366	4268	1	4
k63_752832	4305	5354	1	5
k63_752832	5365	5736	1	6
k63_752832	5756	6760	-1	7
k63_752832	7014	7733	-1	8
k63_752832	7730	8131	-1	9
k63_752875	94	873	1	1
k63_752875	1208	1732	-1	2
k63_752875	2076	2456	-1	3
k63_752875	2604	2930	1	4
k63_185458	219	1196	1	1
k63_185458	1221	2237	-1	2
k63_185458	2396	2824	-1	3
k63_185458	2846	3997	-1	4
k63_185458	4048	4236	-1	5
k63_185458	4245	5903	-1	6
k63_185458	6225	7007	1	7
k63_633511	1	774	1	1
k63_633511	1374	2471	1	2
k63_633511	2582	2842	-1	3
k63_633511	2938	3420	-1	4
k63_633511	3420	4628	-1	5
k63_422544	3	371	-1	1
k63_422544	574	1653	-1	2
k63_892218	67	543	1	1
k63_892218	515	793	-1	2
k63_892218	864	1754	1	3
k63_70025	243	881	1	1
k63_70025	1178	1993	-1	2
k63_70025	2159	2467	1	3
k63_1452237	1	135	-1	1
k63_1452237	139	258	-1	2
k63_1452237	260	544	-1	3
k63_1452237	656	985	-1	4
k63_1452237	998	1447	-1	5
k63_1452237	1853	3118	-1	6
k63_1452237	3120	3686	-1	7
k63_1452237	3693	4169	-1	8
k63_1452237	4173	5258	-1	9
k63_1452237	5390	6916	-1	10
k63_1591239	2	1255	1	1
k63_1591239	1333	1848	-1	2
k63_1591239	1969	2379	-1	3
k63_1108158	2	985	1	1
k63_1108158	1035	2198	1	2
k63_1108158	2218	3339	1	3
k63_1108158	3336	4652	1	4
k63_1221107	3	629	1	1
k63_1221107	650	937	-1	2
k63_1221107	1024	1932	1	3
k63_634233	162	683	-1	1
k63_634233	1036	1884	-1	2
k63_634233	2235	2411	-1	3
k63_292802	2	169	1	1
k63_292802	382	1278	1	2
k63_292802	1286	2428	1	3
k63_292802	2425	3327	1	4
k63_292802	3380	4099	1	5
k63_292802	4135	5364	1	6
k63_1693144	112	930	1	1
k63_1693144	1141	2544	1	2
k63_1693144	2628	3095	1	3
k63_545215	158	355	-1	1
k63_545215	403	741	1	2
k63_545215	622	1746	-1	3
k63_545215	1746	2117	-1	4
k63_1453887	2	1411	1	1
k63_1453887	1503	2636	1	2
k63_1453887	2740	3606	1	3
k63_635300	132	980	-1	1
k63_635300	1140	2006	-1	2
k63_635300	2068	2979	-1	3
k63_635300	2979	3416	-1	4
k63_635300	3458	3907	-1	5
k63_635300	3971	4630	-1	6
k63_635300	5679	6380	-1	7
k63_635300	6597	7838	1	8
k63_1109628	124	1620	-1	1
k63_1109628	1621	2628	-1	2
k63_1343524	1	1119	-1	1
k63_1343524	1418	1876	1	2
k63_1343524	1940	2383	1	3
k63_1343524	2470	3390	1	4
k63_1343524	3501	4421	1	5
k63_1343524	4476	5627	1	6
k63_1343672	1	372	1	1
k63_1343672	581	1327	1	2
k63_1343672	1593	2120	1	3
k63_1343672	2131	2895	-1	4
k63_1343672	2948	3970	-1	5
k63_1343672	3980	4132	-1	6
k63_1223493	3	509	1	1
k63_1223493	660	1619	1	2
k63_1223493	1875	2417	1	3
k63_1223493	2474	3889	-1	4
k63_1223493	4217	4351	-1	5
k63_1454798	135	2777	1	1
k63_73355	1	588	-1	1
k63_73355	622	909	-1	2
k63_73355	1181	1540	-1	3
k63_73355	1598	2113	-1	4
k63_73355	2532	3584	1	5
k63_73355	3661	4182	1	6
k63_1694911	3	248	-1	1
k63_1694911	259	633	-1	2
k63_1694911	770	1798	-1	3
k63_1694911	1969	2541	1	4
k63_1594606	3	1220	1	1
k63_1594606	1217	1369	1	2
k63_1594606	1482	2522	1	3
k63_1594606	2413	2676	-1	4
k63_1594606	3005	3637	-1	5
k63_189699	114	977	1	1
k63_189699	1248	1667	1	2
k63_189699	2027	3667	1	3
k63_189699	3815	5572	-1	4
k63_189699	5950	6351	1	5
k63_189699	6365	7420	1	6
k63_189699	7450	8118	-1	7
k63_189699	8365	8745	1	8
k63_189699	8781	9578	-1	9
k63_296085	277	657	-1	1
k63_296085	1151	1867	1	2
k63_296085	1999	2541	1	3
k63_1344949	1	159	1	1
k63_1344949	337	426	1	2
k63_1344949	426	1013	1	3
k63_1344949	1065	2426	1	4
k63_1344949	2474	2800	-1	5
k63_1344949	2802	3311	-1	6
k63_1344949	3349	3690	-1	7
k63_296323	2	145	1	1
k63_296323	211	1422	1	2
k63_296323	1511	2323	1	3
k63_296323	2325	2861	1	4
k63_296323	2884	3273	1	5
k63_296323	3287	4069	-1	6
k63_296323	4326	5048	-1	7
k63_296323	5111	5836	-1	8
k63_1696419	3	170	-1	1
k63_1696419	179	1078	-1	2
k63_1696419	1078	1689	-1	3
k63_1696419	1818	2486	-1	4
k63_1696419	2639	3940	-1	5
k63_1696419	4011	4727	1	6
k63_757586	2	3283	-1	1
k63_757586	3615	3845	-1	2
k63_191212	1	123	-1	1
k63_191212	167	394	-1	2
k63_191212	702	1448	1	3
k63_191212	1463	2416	1	4
k63_191212	2466	3689	1	5
k63_191212	3667	5073	1	6
k63_191212	5200	5583	-1	7
k63_191212	5712	5876	-1	8
k63_1596442	1	339	1	1
k63_1596442	837	965	-1	2
k63_1596442	1166	1819	1	3
k63_1596442	2160	3611	1	4
k63_76410	1	222	-1	1
k63_76410	266	1633	-1	2
k63_76410	1791	2192	-1	3
k63_76410	2223	2588	-1	4
k63_297752	638	2689	1	1
k63_297752	3109	3540	1	2
k63_297752	3608	4732	1	3
k63_297752	4862	6514	1	4
k63_1597114	200	1702	1	1
k63_1597114	1909	1977	1	2
k63_1226886	3	629	-1	1
k63_1226886	832	2013	1	2
k63_1226886	2196	3491	-1	3
k63_1226886	3751	4599	-1	4
k63_1698304	2	115	1	1
k63_1698304	740	1768	-1	2
k63_1698304	1821	2300	-1	3
k63_1698304	2309	2650	-1	4
k63_1698304	2654	3127	-1	5
k63_1698304	3394	4674	-1	6
k63_759482	1	1968	1	1
k63_759482	2440	3153	-1	2
k63_759482	3281	3889	-1	3
k63_192906	717	1931	1	1
k63_759697	3	410	-1	1
k63_759697	524	913	-1	2
k63_759697	1139	2257	-1	3
k63_901021	3	866	-1	1
k63_901021	884	1336	-1	2
k63_901021	1424	2728	-1	3
k63_901021	2880	3434	1	4
k63_901034	1	108	-1	1
k63_901034	209	1144	-1	2
k63_901034	1141	1743	-1	3
k63_901034	1948	2271	-1	4
k63_193992	71	253	1	1
k63_193992	418	807	1	2
k63_193992	841	1821	1	3
k63_193992	2079	2456	1	4
k63_1699577	3	686	1	1
k63_1699577	705	1130	-1	2
k63_1699577	1180	1548	-1	3
k63_1699577	1686	3134	-1	4
k63_1699577	3295	4134	-1	5
k63_1699577	4233	5150	-1	6
k63_1699577	5183	5797	-1	7
k63_901435	1	453	1	1
k63_901435	520	708	-1	2
k63_901435	798	1595	-1	3
k63_1459833	2	889	-1	1
k63_1459833	1264	2370	1	2
k63_1230039	1	321	-1	1
k63_1230039	541	996	1	2
k63_1230039	1059	1520	-1	3
k63_1230039	2221	3303	1	4
k63_1230039	3126	3554	-1	5
k63_1230039	3780	4031	-1	6
k63_1230039	4087	5313	-1	7
k63_301496	104	2761	-1	1
k63_301496	2953	3234	1	2
k63_301496	3235	3492	1	3
k63_301496	3534	3896	1	4
k63_195950	618	1256	-1	1
k63_195950	2557	4260	1	2
k63_195950	4433	4576	1	3
k63_1600791	1	171	1	1
k63_1600791	216	404	-1	2
k63_1600791	497	616	1	3
k63_1600791	638	1201	-1	4
k63_1600791	1315	2349	1	5
k63_1600791	2420	2605	-1	6
k63_1600791	2687	3133	-1	7
k63_196203	167	1075	1	1
k63_196203	1207	1974	1	2
k63_196203	2509	3099	1	3
k63_302213	3	1214	-1	1
k63_302213	1916	2026	1	2
k63_302213	2153	3331	1	3
k63_302213	3759	4085	1	4
k63_1462002	3	122	-1	1
k63_1462002	318	533	1	2
k63_1462002	657	1241	1	3
k63_1462002	1487	2482	-1	4
k63_1116627	1	555	-1	1
k63_1116627	624	2168	1	2
k63_904980	3	1058	-1	1
k63_904980	1135	2031	-1	2
k63_904980	2207	2596	-1	3
k63_904980	2603	2743	-1	4
k63_904980	2848	3768	1	5
k63_904980	3841	4182	-1	6
k63_904980	4408	5808	1	7
k63_904980	5854	5928	1	8
k63_764375	1	1362	-1	1
k63_764375	2065	3033	-1	2
k63_764375	3143	4414	-1	3
k63_1463246	291	1301	-1	1
k63_1463246	1427	2353	-1	2
k63_1463246	2607	2792	1	3
k63_303606	1	141	1	1
k63_303606	268	963	1	2
k63_303606	1018	1275	1	3
k63_303606	1262	1903	1	4
k63_1351104	2	148	1	1
k63_1351104	282	1715	1	2
k63_198361	379	1548	-1	1
k63_198361	1572	2468	-1	2
k63_198361	2547	2879	-1	3
k63_198361	3222	3500	-1	4
k63_198361	3887	4339	-1	5
k63_198361	4822	5088	-1	6
k63_198514	139	2550	-1	1
k63_198514	2547	2747	-1	2
k63_1351411	3	1646	-1	1
k63_1351411	1806	2039	1	2
k63_1351411	2118	2207	1	3
k63_1351411	2458	2814	1	4
k63_1351411	2804	3274	1	5
k63_1351411	3305	3871	-1	6
k63_83717	2	613	1	1
k63_83717	730	1470	-1	2
k63_83717	1562	1777	-1	3
k63_1118646	1	150	-1	1
k63_1118646	312	473	-1	2
k63_1118646	803	1843	-1	3
k63_1118646	1932	2033	-1	4
k63_643894	1	117	1	1
k63_643894	257	1150	-1	2
k63_643894	1183	2805	1	3
k63_643894	2822	4171	1	4
k63_643894	4530	4874	1	5
k63_643894	4961	5425	1	6
k63_643894	5608	6066	1	7
k63_643894	6068	6730	1	8
k63_199581	531	1514	-1	1
k63_199581	1824	1970	-1	2
k63_644067	288	761	1	1
k63_644067	761	1885	1	2
k63_907765	1	519	1	1
k63_907765	572	910	-1	2
k63_907765	1067	2428	-1	3
k63_907765	2508	3545	-1	4
k63_907765	3616	5178	-1	5
k63_1234435	3	374	-1	1
k63_1234435	389	1165	-1	2
k63_1234435	1203	1949	-1	3
k63_1234435	1990	2148	-1	4
k63_1234435	2276	2506	-1	5
k63_438264	1	1104	-1	1
k63_438264	1299	1877	1	2
k63_438264	1955	2080	1	3
k63_438376	122	1279	-1	1
k63_438376	1725	1820	1	2
k63_1465951	41	988	1	1
k63_1465951	996	1241	-1	2
k63_1465951	1679	2557	1	3
k63_1465951	2704	3078	1	4
k63_1465951	3113	3400	-1	5
k63_1465951	3778	4800	-1	6
k63_1465951	4900	5187	-1	7
k63_1465951	5216	5755	-1	8
k63_1465951	6276	6389	1	9
k63_1465969	2	871	1	1
k63_1465969	1972	2811	1	2
k63_1353147	3	482	1	1
k63_1353147	691	1551	-1	2
k63_1353147	1847	3454	-1	3
k63_1353147	3527	3970	-1	4
k63_1353147	4274	5092	-1	5
k63_1707442	58	867	-1	1
k63_1707442	908	2770	-1	2
k63_1707442	2968	3204	-1	3
k63_645469	1	261	-1	1
k63_645469	279	524	-1	2
k63_645469	663	1838	-1	3
k63_306851	30	593	1	1
k63_306851	604	1296	1	2
k63_306851	1559	2515	1	3
k63_306851	2644	5103	1	4
k63_306851	5084	6823	1	5
k63_1353568	1	429	-1	1
k63_1353568	523	1413	-1	2
k63_1353568	1442	1606	-1	3
k63_1353568	1644	2510	-1	4
k63_1353568	2673	3644	1	5
k63_1353568	3680	4912	-1	6
k63_1353568	5073	5900	-1	7
k63_1353578	1	483	-1	1
k63_1353578	671	1387	-1	2
k63_1353578	1619	2083	-1	3
k63_909913	3	551	-1	1
k63_909913	1002	2153	-1	2
k63_909913	2338	4038	-1	3
k63_909913	4383	4856	1	4
k63_1236416	3	1175	-1	1
k63_307433	310	729	1	1
k63_307433	935	1450	1	2
k63_307433	1908	2876	1	3
k63_307433	2961	3365	1	4
k63_307433	3380	3571	1	5
k63_86691	1	840	-1	1
k63_86691	856	2370	-1	2
k63_86691	2381	3796	-1	3
k63_768384	1	168	1	1
k63_768384	161	847	1	2
k63_768384	844	2037	1	3
k63_561551	345	1775	1	1
k63_561551	1977	3113	1	2
k63_561551	3333	4304	1	3
k63_561551	4417	5622	-1	4
k63_561551	5756	7123	1	5
k63_561551	7259	8140	1	6
k63_561551	8137	9234	-1	7
k63_561551	9282	10112	-1	8
k63_202560	1	153	1	1
k63_202560	432	1235	1	2
k63_202560	1289	1552	1	3
k63_202560	1707	2345	1	4
k63_202560	2421	2909	1	5
k63_202560	2952	3623	1	6
k63_202560	3690	4124	-1	7
k63_1122086	2	229	-1	1
k63_1122086	513	1637	1	2
k63_1467482	121	1407	-1	1
k63_1237171	3	368	-1	1
k63_1237171	398	2116	-1	2
k63_1237171	2118	2528	-1	3
k63_1237171	2562	2678	-1	4
k63_203043	2	970	1	1
k63_203043	1046	1840	1	2
k63_769095	1	351	-1	1
k63_769095	511	1203	1	2
k63_769095	1251	1979	1	3
k63_769095	2124	2471	1	4
k63_769095	2567	2734	1	5
k63_769095	2738	3343	1	6
k63_1032287	3	251	-1	1
k63_1032287	407	1483	1	2
k63_1032287	1943	2221	1	3
k63_1122456	178	5382	1	1
k63_1122456	5538	5621	-1	2
k63_1709658	1137	2900	1	1
k63_1709658	3332	6046	-1	2
k63_1709658	6232	6564	1	3
k63_1709658	6883	7329	1	4
k63_1354972	48	479	-1	1
k63_1354972	645	1589	-1	2
k63_88513	3	1112	1	1
k63_88513	1195	1575	1	2
k63_648269	52	783	-1	1
k63_648269	1137	2441	1	2
k63_771248	2	1885	1	1
k63_89816	312	1025	1	1
k63_89816	1179	1529	-1	2
k63_89816	1486	1821	-1	3
k63_89816	1893	3809	-1	4
k63_89816	4029	4244	-1	5
k63_443304	1	306	-1	1
k63_443304	718	2367	-1	2
k63_443304	2567	3616	-1	3
k63_443304	3743	3808	1	4
k63_771920	91	723	1	1
k63_771920	946	2025	1	2
k63_771920	2116	2241	-1	3
k63_771920	2360	2878	-1	4
k63_1611124	1	537	1	1
k63_1611124	594	854	1	2
k63_1611124	826	1176	1	3
k63_1611124	1419	2423	-1	4
k63_1611124	2584	2835	1	5
k63_1611124	2909	4180	1	6
k63_1611124	4196	4357	1	7
k63_1611124	4664	4990	-1	8
k63_1241084	99	1262	1	1
k63_1241084	1532	2986	-1	2
k63_1241084	3094	4584	-1	3
k63_1241084	4908	5054	1	4
k63_1241084	5183	5617	1	5
k63_1241084	5697	7244	-1	6
k63_312093	525	1079	-1	1
k63_312093	1076	1591	-1	2
k63_1612493	3	287	-1	1
k63_1612493	521	1147	-1	2
k63_1612493	1466	1609	-1	3
k63_1612493	1652	2209	-1	4
k63_1242593	66	779	1	1
k63_1242593	781	2700	1	2
k63_1242593	2824	3402	1	3
k63_313964	181	327	-1	1
k63_313964	533	2419	1	2
k63_313964	2416	3894	1	3
k63_1243801	42	575	-1	1
k63_1243801	530	745	-1	2
k63_1243801	697	1533	-1	3
k63_1359529	1	939	1	1
k63_1359529	1222	1917	-1	2
k63_1359529	2233	3180	1	3
k63_1359529	3272	3961	1	4
k63_1359569	212	1555	1	1
k63_1359569	1599	2639	-1	2
k63_1359569	2821	3408	-1	3
k63_1359569	3405	4928	-1	4
k63_1359569	4958	6556	-1	5
k63_1359569	6681	6776	1	6
k63_1716828	136	1035	1	1
k63_1716828	1203	1721	1	2
k63_211349	247	1200	-1	1
k63_211349	1411	1932	-1	2
k63_211349	2152	2514	-1	3
k63_654620	1	1077	1	1
k63_654620	1298	1660	1	2
k63_654620	1657	2103	1	3
k63_654620	2140	3168	1	4
k63_654620	3179	3928	1	5
k63_654620	4084	4161	1	6
k63_212300	2	313	-1	1
k63_212300	479	1747	-1	2
k63_316799	158	1216	1	1
k63_316799	1218	2114	1	2
k63_316799	2140	2208	1	3
k63_1361166	3	686	-1	1
k63_1361166	1042	1377	1	2
k63_1361166	2129	2458	1	3
k63_1361166	2757	3161	1	4
k63_1361166	3158	3361	1	5
k63_1361556	1	1131	-1	1
k63_1361556	1414	1710	1	2
k63_1361556	1787	2419	1	3
k63_452188	1	759	-1	1
k63_452188	770	1465	-1	2
k63_452188	1501	1830	-1	3
k63_922885	981	1679	1	1
k63_656904	2	850	-1	1
k63_656904	961	2028	-1	2
k63_656904	2044	2832	-1	3
k63_656966	207	1889	-1	1
k63_656976	34	546	-1	1
k63_656976	593	1924	-1	2
k63_656976	2172	2516	-1	3
k63_1620325	3	1466	1	1
k63_1620325	1837	2076	-1	2
k63_453474	3	548	1	1
k63_453474	583	2136	1	2
k63_101164	196	1065	1	1
k63_101164	1073	1492	1	2
k63_101164	1758	3830	1	3
k63_1722119	645	1568	-1	1
k63_1722119	1807	3444	-1	2
k63_1722119	3497	4216	-1	3
k63_1722119	4224	4742	-1	4
k63_1134738	1	1680	1	1
k63_101535	86	589	1	1
k63_101535	582	1553	1	2
k63_658626	113	1099	1	1
k63_658626	1448	1909	1	2
k63_781771	3	653	1	1
k63_781771	745	3513	1	2
k63_781771	3554	3886	1	3
k63_781771	4323	5177	1	4
k63_781825	93	641	1	1
k63_781825	723	1253	1	2
k63_781825	1387	1893	-1	3
k63_781825	1944	2297	-1	4
k63_781825	2539	2724	-1	5
k63_926133	158	1300	1	1
k63_926133	1417	1764	1	2
k63_926133	1761	2390	1	3
k63_926133	2679	2837	1	4
k63_926133	2961	3431	1	5
k63_782992	270	620	1	1
k63_782992	675	1595	-1	2
k63_782992	1646	2671	-1	3
k63_782992	2744	3454	-1	4
k63_1365175	436	1968	1	1
k63_1365175	2067	2210	-1	2
k63_1252436	1	111	1	1
k63_1252436	256	441	1	2
k63_1252436	572	1531	-1	3
k63_1252436	1828	1977	1	4
k63_580063	2	907	-1	1
k63_580063	965	2485	-1	2
k63_580063	2538	2768	1	3
k63_221138	109	666	-1	1
k63_221138	1003	1932	-1	2
k63_1479228	88	861	-1	1
k63_1479228	1167	3200	1	2
k63_1366622	80	1216	1	1
k63_1366622	1350	1478	1	2
k63_1366622	1475	1549	-1	3
k63_1051651	121	792	1	1
k63_1051651	887	2038	1	2
k63_1051651	2228	2626	1	3
k63_1051651	3276	3881	1	4
k63_1051651	3881	4135	1	5
k63_1051651	4511	4948	1	6
k63_1051651	5042	6865	1	7
k63_1627333	3	389	-1	1
k63_1627333	392	1123	-1	2
k63_1627333	1116	1769	-1	3
k63_1627333	1762	2835	-1	4
k63_460708	1	168	1	1
k63_460708	292	1716	1	2
k63_460708	1764	2900	1	3
k63_460708	3044	4102	1	4
k63_1052609	1	1104	-1	1
k63_1052609	1255	1953	-1	2
k63_1052609	2065	3456	-1	3
k63_224018	195	965	1	1
k63_108234	1	1563	1	1
k63_108234	1583	2566	1	2
k63_108234	2598	3164	-1	3
k63_108234	3204	4142	-1	4
k63_1481596	123	1250	1	1
k63_1481596	1370	2287	1	2
k63_1481596	2274	4118	-1	3
k63_1481596	4440	4676	-1	4
k63_109714	299	1678	1	1
k63_109714	1707	2129	1	2
k63_225903	39	2585	1	1
k63_225903	2663	2911	1	2
k63_225903	3096	3206	1	3
k63_225903	3237	4037	1	4
k63_225903	5214	5852	-1	5
k63_933612	3	500	-1	1
k63_933612	500	1603	-1	2
k63_933612	1613	2014	-1	3
k63_788806	1	1452	1	1
k63_788806	1522	2661	1	2
k63_789222	125	1360	1	1
k63_789222	1357	2082	1	2
k63_789222	2232	2696	1	3
k63_789222	2841	4178	-1	4
k63_789222	4216	5547	-1	5
k63_789413	166	924	-1	1
k63_789602	2	94	1	1
k63_789602	392	1267	1	2
k63_789602	1429	2064	1	3
k63_789610	1	624	1	1
k63_789610	678	2057	-1	2
k63_789610	2175	3308	-1	3
k63_1370118	582	1784	1	1
k63_1370118	1918	2199	1	2
k63_1370176	1	69	-1	1
k63_1370176	558	875	1	2
k63_1370176	862	1314	-1	3
k63_1370176	1401	2102	-1	4
k63_1631657	1	351	1	1
k63_1631657	470	1834	1	2
k63_1631657	2072	2626	1	3
k63_1631657	2804	3562	1	4
k63_1631657	3686	4540	-1	5
k63_1631657	5078	5389	1	6
k63_1631657	5422	6600	1	7
k63_1631657	6813	7670	1	8
k63_1370932	1	573	-1	1
k63_1370932	548	1591	-1	2
k63_1370932	1588	2040	-1	3
k63_1370932	2046	2477	-1	4
k63_1370932	2480	2956	-1	5
k63_1370932	3033	3848	-1	6
k63_1370932	3845	5773	-1	7
k63_1370932	5838	6293	-1	8
k63_1370932	6316	6798	-1	9
k63_1370932	6783	8012	-1	10
k63_1370932	8109	8996	-1	11
k63_1370932	9122	9469	-1	12
k63_1370932	9516	9680	-1	13
k63_1370932	10274	10645	1	14
k63_1370932	10486	10980	-1	15
k63_1370932	11274	12221	-1	16
k63_1260793	9	482	-1	1
k63_1260793	497	1288	-1	2
k63_1260793	1615	2286	-1	3
k63_1260793	2612	3577	-1	4
k63_667297	48	1208	-1	1
k63_667297	1333	2013	-1	2
k63_1371477	262	1191	-1	1
k63_1371477	1224	1589	-1	2
k63_1371477	1910	2686	-1	3
k63_1371477	2926	3621	1	4
k63_1371477	3967	5094	-1	5
k63_1371477	5148	6545	-1	6
k63_1372748	207	3344	1	1
k63_1372907	1	480	1	1
k63_1372907	691	1461	1	2
k63_1372907	1765	3198	1	3
k63_1636052	1	273	-1	1
k63_1636052	315	920	-1	2
k63_1636052	917	2257	-1	3
k63_1636052	2270	2671	-1	4
k63_1636052	2684	3574	-1	5
k63_794662	214	1455	1	1
k63_794662	1520	1717	1	2
k63_1637078	3	260	-1	1
k63_1637078	732	1412	1	2
k63_1637078	1409	1648	1	3
k63_797511	59	637	-1	1
k63_797511	588	1595	-1	2
k63_797511	2008	4314	1	3
k63_1154565	185	889	1	1
k63_1154565	1207	1575	-1	2
k63_1270091	3	227	-1	1
k63_1270091	560	1846	-1	2
k63_1270091	2349	2588	1	3
k63_1270091	2588	3115	1	4
k63_1270091	3112	3768	1	5
k63_1270091	3797	4072	1	6
k63_674127	1	165	1	1
k63_674127	200	484	1	2
k63_674127	607	1458	-1	3
k63_674127	1691	2755	-1	4
k63_1495364	11	1180	-1	1
k63_1495364	1419	2264	-1	2
k63_1495446	2	592	-1	1
k63_1495446	649	1116	-1	2
k63_1495446	1266	1805	-1	3
k63_1495446	1878	2477	-1	4
k63_1495446	2502	2684	-1	5
k63_674859	86	355	1	1
k63_674859	590	1732	1	2
k63_1747442	235	945	1	1
k63_1747442	998	1735	-1	2
k63_1747586	2	856	1	1
k63_1747586	1245	2882	-1	2
k63_1498439	187	1518	-1	1
k63_1498439	1960	3147	1	2
k63_1498439	3211	4785	1	3
k63_1498439	4845	5594	1	4
k63_1277442	190	765	1	1
k63_1277442	710	1030	1	2
k63_1277442	1490	1606	1	3
k63_1501900	103	624	-1	1
k63_1501900	694	1365	-1	2
k63_1501900	1570	2571	1	3
k63_1504588	3	185	1	1
k63_1504588	474	632	1	2
k63_1504588	661	1704	-1	3
k63_1504588	1664	2458	-1	4
k63_1504588	2756	3040	-1	5
k63_811408	2	397	1	1
k63_811408	536	781	1	2
k63_811408	900	2051	-1	3
k63_811408	2488	2763	1	4
k63_811408	3207	3716	1	5
k63_812416	2	760	1	1
k63_812416	790	1122	1	2
k63_812416	1123	1425	1	3
k63_812416	1925	2131	-1	4
k63_1167805	417	1847	1	1
k63_1167805	2159	2359	1	2
k63_1167805	2470	3300	1	3
k63_1167805	4164	6680	1	4
k63_1167805	6809	7954	1	5
k63_683606	548	1717	1	1
k63_683606	1836	2150	-1	2
k63_683606	2328	3020	1	3
k63_683606	3226	3360	1	4
k63_684361	1	2259	1	1
k63_1510235	1	525	-1	1
k63_1510235	746	1540	-1	2
k63_1284026	158	1240	1	1
k63_1284026	1324	1425	-1	2
k63_1284026	1510	1866	-1	3
k63_1284026	1806	2414	-1	4
k63_1286158	418	516	1	1
k63_1286158	596	1276	-1	2
k63_1286158	1277	1426	-1	3
k63_1286158	1449	1721	-1	4
k63_690225	224	1129	-1	1
k63_690225	1177	2055	-1	2
k63_1394444	2	109	1	1
k63_1394444	188	460	-1	2
k63_1394444	793	1368	-1	3
k63_1520461	415	1659	1	1
k63_1398760	2	394	1	1
k63_1398760	415	1044	1	2
k63_1398760	1025	1906	1	3
k63_697527	2	1849	1	1
k63_1401868	344	772	1	1
k63_1401868	900	1295	1	2
k63_1401868	1463	2485	1	3
k63_1401868	2593	2898	1	4
k63_1401868	3221	4126	1	5
k63_1401868	4203	4544	1	6
k63_1401868	4755	5228	-1	7
k63_1402189	3	1100	1	1
k63_1402189	1201	1896	1	2
k63_701403	430	2229	-1	1
k63_701403	2351	2722	1	2
k63_701403	2719	3867	1	3
k63_701403	4037	4246	-1	4
k63_701403	4460	4765	1	5
k63_701403	4791	5330	1	6
k63_1403696	215	685	-1	1
k63_1403696	873	1091	-1	2
k63_1403696	1130	2416	-1	3
k63_1403696	2657	4087	-1	4
k63_1403696	4100	4831	-1	5
k63_1403696	4838	6358	-1	6
k63_1403696	6371	7480	-1	7
k63_1403696	7557	8144	-1	8
k63_1403696	8221	9039	-1	9
k63_1403696	9543	10769	1	10
k63_1403696	10887	11111	1	11
k63_1403696	11644	11862	1	12
