Contig	Start	End	Strand	Pos
k141_17	2	358	-1	1
k141_17	685	1590	1	2
k141_17	1620	2003	1	3
k141_126	3	179	-1	1
k141_126	433	936	1	2
k141_126	976	1908	-1	3
k141_605	2	154	-1	1
k141_605	274	1254	-1	2
k141_605	1254	1904	-1	3
k141_758	3	665	-1	1
k141_758	995	1285	1	2
k141_758	1319	2518	1	3
k141_1155	3	182	-1	1
k141_1155	360	1034	1	2
k141_1155	1039	2247	-1	3
k141_1235	3	629	-1	1
k141_1235	653	1249	-1	2
k141_1235	1434	2066	-1	3
k141_1235	2069	2257	-1	4
k141_1338	1	459	-1	1
k141_1338	467	1765	-1	2
k141_1338	1840	2181	-1	3
k141_1382	3	1229	-1	1
k141_1382	1226	2284	-1	2
k141_1955	3	263	-1	1
k141_1955	250	960	-1	2
k141_1955	957	1922	-1	3
k141_2177	2	754	-1	1
k141_2177	788	1264	1	2
k141_2177	1251	1739	1	3
k141_2202	10	825	-1	1
k141_2202	963	2318	-1	2
k141_2322	1	1419	-1	1
k141_2322	1572	2465	-1	2
k141_2322	2604	3386	-1	3
k141_2322	3480	3947	-1	4
k141_2322	4060	4245	-1	5
k141_2362	1	312	1	1
k141_2362	342	875	-1	2
k141_2362	930	1736	-1	3
k141_2362	1786	2190	1	4
k141_2553	2	475	1	1
k141_2553	452	1516	-1	2
k141_2676	3	1994	-1	1
k141_2676	2106	2960	-1	2
k141_2676	2957	3283	-1	3
k141_2676	3280	4236	-1	4
k141_2676	4267	4563	-1	5
k141_2837	2	490	-1	1
k141_2837	741	1163	-1	2
k141_2837	1160	1801	-1	3
k141_2862	281	928	1	1
k141_2862	969	1913	1	2
k141_3157	2	175	1	1
k141_3157	216	788	-1	2
k141_3157	1013	1573	-1	3
k141_3373	20	643	-1	1
k141_3373	807	1952	1	2
k141_3753	2	286	1	1
k141_3753	283	1347	-1	2
k141_3753	1482	1853	-1	3
k141_3849	3	1466	1	1
k141_3849	1565	1756	1	2
k141_3910	2	166	1	1
k141_3910	296	1126	-1	2
k141_3910	1123	2655	-1	3
k141_3910	2671	2877	1	4
k141_3938	1	141	-1	1
k141_3938	138	932	-1	2
k141_3938	967	1542	-1	3
k141_4177	3	1151	-1	1
k141_4177	1598	2302	-1	2
k141_4177	2302	3102	-1	3
k141_4177	3133	3672	-1	4
k141_4177	3733	5007	-1	5
k141_4177	5019	5375	-1	6
k141_4763	163	1314	-1	1
k141_4763	1327	1986	-1	2
k141_4780	3	248	-1	1
k141_4780	411	1412	1	2
k141_4780	1482	2171	1	3
k141_4961	1	465	-1	1
k141_4961	462	1835	-1	2
k141_4961	1983	2549	-1	3
k141_4961	2738	3475	-1	4
k141_4961	3582	4760	-1	5
k141_4961	4826	6487	-1	6
k141_4970	2	505	-1	1
k141_4970	502	1500	-1	2
k141_4995	1	1149	1	1
k141_4995	1253	2803	1	2
k141_5155	3	287	1	1
k141_5155	344	1747	1	2
k141_5155	1747	1923	1	3
k141_5167	85	615	-1	1
k141_5167	698	1801	-1	2
k141_5308	2	1654	1	1
k141_5499	1	1713	1	1
k141_5593	3	890	-1	1
k141_5593	891	1658	-1	2
k141_5962	3	362	-1	1
k141_5962	359	898	-1	2
k141_5962	1026	1616	1	3
k141_5962	1617	3518	-1	4
k141_5962	3632	4657	-1	5
k141_6290	3	1724	1	1
k141_6290	1885	2013	1	2
k141_6547	2	607	-1	1
k141_6547	832	1893	-1	2
k141_6547	1890	2858	-1	3
k141_6547	2911	3861	-1	4
k141_6641	1	591	1	1
k141_6641	632	1039	1	2
k141_6641	1108	1455	1	3
k141_6641	1485	1688	1	4
k141_6912	214	1101	-1	1
k141_6912	1115	1753	-1	2
k141_6912	1825	2628	-1	3
k141_6912	2625	2831	-1	4
k141_6912	2907	3923	-1	5
k141_6912	4053	4544	-1	6
k141_6912	4641	6398	-1	7
k141_6912	6701	7270	1	8
k141_6912	7267	7680	1	9
k141_6912	7670	7930	1	10
k141_7426	2	136	1	1
k141_7426	94	1587	1	2
k141_7426	1674	3359	1	3
k141_7426	3384	5177	-1	4
k141_7426	5278	6075	-1	5
k141_7426	6150	6416	-1	6
k141_7426	6413	7063	-1	7
k141_7426	7139	7534	-1	8
k141_7426	7572	7829	-1	9
k141_7606	3	1979	1	1
k141_7606	2067	2528	1	2
k141_7606	2685	3080	1	3
k141_7606	3111	3407	1	4
k141_7608	2	658	1	1
k141_7608	666	1937	1	2
k141_7608	1966	2718	1	3
k141_7822	2	466	1	1
k141_7822	463	894	1	2
k141_7822	887	1648	1	3
k141_7822	1665	3212	-1	4
k141_7822	3423	5132	1	5
k141_7822	5160	5429	-1	6
k141_7822	5459	5854	-1	7
k141_7895	1	504	-1	1
k141_7895	648	1268	1	2
k141_7895	1265	1843	1	3
k141_8105	3	551	-1	1
k141_8105	572	1285	-1	2
k141_8105	1299	2084	-1	3
k141_8108	3	299	-1	1
k141_8108	323	751	-1	2
k141_8108	768	1373	-1	3
k141_8108	1664	2248	1	4
k141_8241	1	1476	1	1
k141_8241	1473	1697	-1	2
k141_8519	2	1309	1	1
k141_8519	1339	1914	1	2
k141_8585	2	880	1	1
k141_8585	959	2092	-1	2
k141_8585	2127	2372	-1	3
k141_8816	3	458	1	1
k141_8816	645	1508	1	2
k141_8816	1508	2305	1	3
k141_8816	2337	4247	1	4
k141_8816	4244	4624	1	5
k141_8833	568	1905	-1	1
k141_9008	1	1524	-1	1
k141_9270	2	241	1	1
k141_9270	225	2033	1	2
k141_11014	3	266	-1	1
k141_11014	263	730	-1	2
k141_11014	727	933	-1	3
k141_11014	930	1715	-1	4
k141_11014	1721	2389	-1	5
k141_11014	2391	3017	-1	6
k141_11014	3034	4287	-1	7
k141_11196	2	1480	-1	1
k141_11196	1573	2388	-1	2
k141_11196	2391	3161	1	3
k141_11324	1	594	1	1
k141_11324	645	1643	1	2
k141_11526	1	504	1	1
k141_11526	557	973	-1	2
k141_11526	1047	1814	-1	3
k141_11596	2	178	1	1
k141_11596	186	785	-1	2
k141_11596	808	1470	-1	3
k141_11596	1590	2132	1	4
k141_11596	2169	2690	-1	5
k141_11596	2942	3940	1	6
k141_11596	3976	4362	1	7
k141_11596	4399	5076	-1	8
k141_11596	5109	5642	-1	9
k141_11596	5667	6125	-1	10
k141_11866	1	309	-1	1
k141_11866	317	1606	-1	2
k141_11866	1610	2071	-1	3
k141_12022	38	235	-1	1
k141_12022	232	1194	-1	2
k141_12022	1293	1964	-1	3
k141_12200	1	1413	-1	1
k141_12200	1856	2623	1	2
k141_12200	2778	3410	1	3
k141_12200	3429	4730	-1	4
k141_12200	4983	5174	1	5
k141_12305	3	1139	-1	1
k141_12305	1303	3213	1	2
k141_12305	3226	4926	-1	3
k141_12305	4994	5971	-1	4
k141_12305	6072	7010	-1	5
k141_12305	7176	7259	1	6
k141_12488	2	289	-1	1
k141_12488	734	3649	1	2
k141_12488	3699	3992	1	3
k141_12590	2	595	1	1
k141_12590	626	1513	-1	2
k141_13227	2	391	1	1
k141_13227	480	1313	1	2
k141_13227	1310	2110	1	3
k141_13227	2327	2899	-1	4
k141_13295	2	478	-1	1
k141_13295	789	3065	-1	2
k141_13295	3152	3874	1	3
k141_13958	17	763	1	1
k141_13958	793	1506	1	2
k141_13958	1592	3607	1	3
k141_14919	1	606	1	1
k141_14919	650	1792	1	2
k141_15576	264	1280	-1	1
k141_15576	1454	2584	-1	2
k141_15576	2611	3690	-1	3
k141_16052	2	1426	1	1
k141_16052	1435	1743	1	2
k141_16052	1771	3618	1	3
k141_16327	1	774	-1	1
k141_16327	799	1578	-1	2
k141_16402	2	1294	-1	1
k141_16402	1599	2729	1	2
k141_16488	3	365	-1	1
k141_16488	395	844	-1	2
k141_16488	841	1083	-1	3
k141_16488	1161	1958	-1	4
k141_16638	3	449	-1	1
k141_16638	461	835	-1	2
k141_16638	835	1638	-1	3
k141_16713	2	1546	1	1
k141_16713	1546	1617	1	2
k141_16953	1	150	1	1
k141_16953	246	1001	1	2
k141_16953	1010	1201	1	3
k141_16953	1235	1642	1	4
k141_17066	2	145	-1	1
k141_17066	145	705	-1	2
k141_17066	737	1447	-1	3
k141_17066	1587	2501	-1	4
k141_17066	2582	3325	-1	5
k141_17066	3626	4456	1	6
k141_17066	4518	5273	1	7
k141_17152	2	304	-1	1
k141_17152	450	1550	-1	2
k141_17249	3	617	-1	1
k141_17249	663	1208	-1	2
k141_17249	1217	2695	-1	3
k141_17249	2709	3071	-1	4
k141_17310	25	1731	1	1
k141_17310	1851	2711	1	2
k141_17409	158	1084	-1	1
k141_17409	1272	1610	1	2
k141_17409	1663	1935	-1	3
k141_17409	1932	2258	-1	4
k141_17524	3	614	-1	1
k141_17524	680	1633	1	2
k141_17524	1719	3500	1	3
k141_17547	166	1197	-1	1
k141_17547	1274	2059	-1	2
k141_17572	252	764	1	1
k141_17572	918	1559	1	2
k141_17764	3	1751	1	1
k141_17836	2	1165	-1	1
k141_17836	1432	2106	1	2
k141_17836	2096	3706	-1	3
k141_18250	29	1639	1	1
k141_18423	1	666	-1	1
k141_18423	659	1012	-1	2
k141_18423	1038	2468	-1	3
k141_18587	2	1507	-1	1
k141_19003	1	510	1	1
k141_19003	497	1570	1	2
k141_19003	1567	2487	1	3
k141_19003	2555	3703	1	4
k141_19003	3820	4509	1	5
k141_19047	2	964	1	1
k141_19047	1186	2340	1	2
k141_19047	2392	3273	1	3
k141_19047	3273	4130	1	4
k141_19047	4127	4429	1	5
k141_19323	28	1929	1	1
k141_19323	1933	2412	1	2
k141_19639	2	1258	-1	1
k141_19639	1516	2274	-1	2
k141_19757	2	835	1	1
k141_19757	860	2335	1	2
k141_19757	2332	3147	1	3
k141_19757	3383	3643	1	4
k141_19869	3	1043	-1	1
k141_19869	1060	1635	-1	2
k141_19880	8	1666	-1	1
k141_20037	1	1515	1	1
k141_20037	1676	2110	1	2
k141_20037	2227	2424	1	3
k141_20037	2446	2802	1	4
k141_20037	2896	3939	1	5
k141_20037	4006	5502	1	6
k141_20510	2	1048	-1	1
k141_20510	1288	1587	1	2
k141_20510	1620	2339	1	3
k141_20510	2336	2689	1	4
k141_20715	3	1217	-1	1
k141_20715	1244	2347	-1	2
k141_20715	2567	4021	-1	3
k141_20715	4342	4476	1	4
k141_20715	4624	5001	1	5
k141_20715	4998	5309	1	6
k141_20887	2	349	1	1
k141_20887	349	1017	1	2
k141_20887	1039	2214	-1	3
k141_20887	2226	2366	-1	4
k141_20918	1	420	-1	1
k141_20918	435	2033	-1	2
k141_20918	2030	2260	-1	3
k141_20918	2353	2592	1	4
k141_20918	2493	2912	-1	5
k141_20918	3110	3319	1	6
k141_20935	1	693	1	1
k141_20935	690	1163	1	2
k141_20935	1191	2123	-1	3
k141_20935	2338	2472	1	4
k141_21024	3	1217	-1	1
k141_21024	1245	2003	-1	2
k141_21024	2003	2971	-1	3
k141_21024	2974	3990	-1	4
k141_21107	3	77	-1	1
k141_21107	74	733	-1	2
k141_21107	855	1487	-1	3
k141_21107	1658	2716	1	4
k141_21312	3	407	-1	1
k141_21312	463	984	-1	2
k141_21312	1034	2737	-1	3
k141_21778	3	1514	-1	1
k141_21936	3	191	-1	1
k141_21936	279	1265	-1	2
k141_21936	1547	1891	1	3
k141_22554	2	325	-1	1
k141_22554	322	1527	-1	2
k141_22554	1521	1922	-1	3
k141_22598	1	426	1	1
k141_22598	443	1516	1	2
k141_22598	1543	2871	1	3
k141_22598	2868	3290	1	4
k141_22598	3307	3912	1	5
k141_22598	3921	4124	1	6
k141_22686	1	798	1	1
k141_22686	795	1184	1	2
k141_22686	1217	2095	1	3
k141_22686	2104	2577	-1	4
k141_22733	3	1166	-1	1
k141_22733	1320	1640	1	2
k141_22737	3	1226	1	1
k141_22737	1227	1742	-1	2
k141_22737	1826	2284	-1	3
k141_22737	2361	2897	-1	4
k141_23786	2	1012	-1	1
k141_23786	1025	2089	-1	2
k141_24608	3	1070	-1	1
k141_24608	1382	2440	1	2
k141_25141	1	783	-1	1
k141_25141	1068	1625	1	2
k141_25372	3	494	-1	1
k141_25372	494	1138	-1	2
k141_25372	1155	2108	-1	3
k141_25372	2117	2761	-1	4
k141_25372	2746	3873	-1	5
k141_25486	1	1146	1	1
k141_25486	1268	1762	1	2
k141_25640	3	104	1	1
k141_25640	110	787	-1	2
k141_25640	907	1509	1	3
k141_25640	1526	2203	1	4
k141_25808	2	532	-1	1
k141_25808	529	1512	-1	2
k141_25808	1648	2022	1	3
k141_25881	2	2020	-1	1
k141_26182	1	162	1	1
k141_26182	178	906	1	2
k141_26182	913	1842	1	3
k141_26182	1850	2461	1	4
k141_26820	2	3910	-1	1
k141_27075	1	459	1	1
k141_27075	478	861	1	2
k141_27075	865	1401	1	3
k141_27075	1437	1796	1	4
k141_27230	3	1208	1	1
k141_27230	1316	1648	1	2
k141_27409	3	392	1	1
k141_27409	408	947	1	2
k141_27409	951	1547	1	3
k141_28284	3	851	-1	1
k141_28284	848	1129	-1	2
k141_28284	1126	2091	-1	3
k141_28284	2095	2529	-1	4
k141_28284	2981	3328	1	5
k141_28284	3929	6025	1	6
k141_28383	1	315	1	1
k141_28383	400	798	1	2
k141_28383	805	1386	-1	3
k141_28563	2	652	1	1
k141_28563	668	1957	-1	2
k141_28563	2339	3496	1	3
k141_28563	3483	3860	1	4
k141_28658	1	825	1	1
k141_28658	895	1911	1	2
k141_28906	2	832	1	1
k141_28906	807	1661	1	2
k141_29160	1	1059	-1	1
k141_29160	1063	1551	-1	2
k141_29160	1678	1965	-1	3
k141_29241	2	379	1	1
k141_29241	402	866	1	2
k141_29241	923	1273	1	3
k141_29241	1735	1947	1	4
k141_29372	363	944	-1	1
k141_29372	1076	1930	1	2
k141_29408	1	1470	1	1
k141_29408	1479	2666	1	2
k141_29408	2816	3250	1	3
k141_29408	3476	3652	1	4
k141_29408	3649	4185	-1	5
k141_29967	3	842	-1	1
k141_29967	895	1599	-1	2
k141_30152	3	1070	1	1
k141_30152	1079	1699	1	2
k141_30152	1696	2124	1	3
k141_30152	2283	2777	1	4
k141_30329	161	358	1	1
k141_30329	283	1179	-1	2
k141_30329	1283	1708	1	3
k141_30360	2	424	-1	1
k141_30360	452	1132	-1	2
k141_30360	1110	1850	-1	3
k141_30360	1912	2115	1	4
k141_30360	2190	2477	-1	5
k141_30538	2	1273	1	1
k141_30538	1268	2806	-1	2
k141_30538	2894	2968	-1	3
k141_30629	3	263	1	1
k141_30629	260	1489	1	2
k141_30629	1486	1599	1	3
k141_30823	1	666	-1	1
k141_30823	663	1646	-1	2
k141_30823	1722	2765	-1	3
k141_30823	2993	3115	1	4
k141_31112	2	934	-1	1
k141_31112	1014	1946	-1	2
k141_31186	1	948	1	1
k141_31186	964	1779	1	2
k141_31186	1793	2131	1	3
k141_31226	2	1537	1	1
k141_31280	1	366	-1	1
k141_31280	453	896	1	2
k141_31280	893	1690	1	3
k141_31891	1	1155	-1	1
k141_31891	1178	2044	-1	2
k141_31891	2191	3318	-1	3
k141_31995	1	747	1	1
k141_31995	966	1925	1	2
k141_32000	3	1427	1	1
k141_32000	1430	1825	1	2
k141_32243	2	88	-1	1
k141_32243	158	499	-1	2
k141_32243	496	909	-1	3
k141_32243	940	1530	-1	4
k141_32388	3	536	1	1
k141_32388	572	2626	1	2
k141_32919	3	356	-1	1
k141_32919	523	1416	1	2
k141_32919	1413	2036	1	3
k141_33164	2	394	1	1
k141_33164	492	1262	1	2
k141_33164	1357	1896	1	3
k141_33164	2001	2927	1	4
k141_33164	2944	3651	-1	5
k141_33164	3689	4636	1	6
k141_33339	3	2135	-1	1
k141_33503	1	1668	-1	1
k141_33829	1	1011	1	1
k141_33829	1182	1502	1	2
k141_33847	1	762	1	1
k141_33847	759	1496	1	2
k141_33847	1505	1873	1	3
k141_34391	75	374	-1	1
k141_34391	396	1628	-1	2
k141_34391	1810	2028	-1	3
k141_34391	2210	2896	1	4
k141_34488	3	1433	1	1
k141_34488	1470	1793	1	2
k141_34531	1	1068	1	1
k141_34531	1139	1648	-1	2
k141_34531	1776	2225	-1	3
k141_34531	2252	2707	-1	4
k141_34561	1	483	1	1
k141_34561	494	1834	1	2
k141_34772	165	776	-1	1
k141_34772	769	1332	-1	2
k141_34772	1461	2807	1	3
k141_35064	2	322	1	1
k141_35064	345	1151	1	2
k141_35064	1277	1684	1	3
k141_35064	1696	2031	-1	4
k141_35493	2	955	-1	1
k141_35493	973	1848	-1	2
k141_35795	3	1505	-1	1
k141_35795	1525	2193	-1	2
k141_35795	2195	3082	-1	3
k141_35795	3093	4025	-1	4
k141_35795	4033	4260	-1	5
k141_35845	1	411	-1	1
k141_35845	461	1387	-1	2
k141_35845	1625	2848	-1	3
k141_35908	3	431	-1	1
k141_35908	518	1414	1	2
k141_35908	1493	2395	1	3
k141_35908	2509	4158	1	4
k141_35908	4171	4659	1	5
k141_35908	4656	6203	1	6
k141_35908	6221	7681	1	7
k141_36056	127	1014	-1	1
k141_36056	1075	1536	-1	2
k141_36056	1533	1742	-1	3
k141_36161	1	243	-1	1
k141_36161	257	1624	-1	2
k141_36161	1659	2183	-1	3
k141_36639	749	2812	1	1
k141_36910	3	356	-1	1
k141_36910	427	1614	-1	2
k141_36930	1	1449	-1	1
k141_36930	1621	1827	1	2
k141_36930	1912	2148	1	3
k141_37350	3	218	1	1
k141_37350	262	1596	1	2
k141_37350	1615	2613	-1	3
k141_37350	2750	3031	-1	4
k141_37636	3	524	1	1
k141_37636	634	1362	1	2
k141_37636	1364	1552	1	3
k141_38015	1	234	-1	1
k141_38015	271	741	-1	2
k141_38015	757	1353	-1	3
k141_38015	1350	1541	-1	4
k141_38029	3	683	-1	1
k141_38029	707	1510	-1	2
k141_38263	3	701	1	1
k141_38263	808	2112	1	2
k141_38263	2135	4963	1	3
k141_38263	5003	5200	-1	4
k141_38263	5201	5503	-1	5
k141_38410	182	685	-1	1
k141_38410	682	1452	-1	2
k141_38410	1449	1556	-1	3
k141_38682	2	280	-1	1
k141_38682	445	1719	-1	2
k141_38911	3	530	1	1
k141_38911	616	1176	1	2
k141_38911	1173	1832	1	3
k141_38911	1957	2790	1	4
k141_38911	3358	3693	1	5
k141_38911	3690	3932	1	6
k141_38950	197	580	1	1
k141_38950	588	1556	-1	2
k141_39124	3	1505	-1	1
k141_39164	1	1275	1	1
k141_39164	1313	1666	-1	2
k141_39236	1	249	1	1
k141_39236	262	654	-1	2
k141_39236	672	1097	-1	3
k141_39236	1118	2359	-1	4
k141_39236	2448	3374	-1	5
k141_39338	1	360	-1	1
k141_39338	387	1175	-1	2
k141_39338	1237	2055	-1	3
k141_39338	2139	2855	-1	4
k141_39338	3030	3923	-1	5
k141_39338	3975	5138	-1	6
k141_39338	5182	5736	-1	7
k141_39338	5958	7412	-1	8
k141_39338	7423	7737	-1	9
k141_39358	2	979	1	1
k141_39358	1005	1544	1	2
k141_39358	1541	1735	1	3
k141_39553	2	979	-1	1
k141_39553	1136	1927	1	2
k141_39553	1961	2236	-1	3
k141_39912	30	1241	-1	1
k141_39912	1296	1649	-1	2
k141_39912	1805	1867	1	3
k141_39932	1	1284	-1	1
k141_39932	1402	2553	1	2
k141_39932	2550	3308	1	3
k141_40000	3	257	-1	1
k141_40000	449	1147	-1	2
k141_40000	1238	2173	-1	3
k141_40026	3	746	1	1
k141_40026	748	1596	1	2
k141_40026	1593	2804	1	3
k141_40026	2838	4205	1	4
k141_40026	4320	5405	1	5
k141_40704	3	764	-1	1
k141_40704	767	1531	-1	2
k141_40777	2	547	1	1
k141_40777	696	1094	-1	2
k141_40777	1235	1672	-1	3
k141_40830	3	230	-1	1
k141_40830	292	813	-1	2
k141_40830	1059	2132	1	3
k141_41158	3	746	1	1
k141_41158	890	1738	1	2
k141_41553	2	190	1	1
k141_41553	454	798	1	2
k141_41553	808	1623	1	3
k141_41553	1698	1940	1	4
k141_41553	2062	2532	1	5
k141_41553	2560	3093	1	6
k141_41553	3142	4689	1	7
k141_41553	4758	5639	1	8
k141_41553	5677	7089	1	9
k141_41553	7117	7536	1	10
k141_41553	7702	7779	1	11
k141_41757	47	307	1	1
k141_41757	319	1017	-1	2
k141_41757	1021	1713	-1	3
k141_41757	2045	2341	1	4
k141_41967	3	1064	1	1
k141_41967	1071	1547	-1	2
k141_42159	2	403	-1	1
k141_42159	439	2748	-1	2
k141_42159	2938	3378	-1	3
k141_42159	3719	4567	-1	4
k141_42686	1	270	1	1
k141_42686	395	985	1	2
k141_42686	1045	1518	1	3
k141_42686	1775	2761	1	4
k141_42686	2790	3740	-1	5
k141_42686	3815	4666	-1	6
k141_43379	1	816	-1	1
k141_43379	871	1059	-1	2
k141_43379	1072	1950	-1	3
k141_43379	1969	3267	-1	4
k141_43379	3296	4501	-1	5
k141_43545	20	271	1	1
k141_43545	812	1987	1	2
k141_43545	1984	2370	1	3
k141_43545	2372	2644	1	4
k141_43545	3039	3515	1	5
k141_43545	3947	4195	-1	6
k141_43545	4671	5435	-1	7
k141_43634	1	603	1	1
k141_43634	680	1486	1	2
k141_43634	1499	3034	-1	3
k141_43634	3031	3744	-1	4
k141_43634	3769	4137	-1	5
k141_44001	1	180	1	1
k141_44001	139	501	-1	2
k141_44001	589	1434	1	3
k141_44001	1459	2718	1	4
k141_44001	2722	3198	1	5
k141_44139	91	2181	-1	1
k141_44157	1	1017	1	1
k141_44157	1198	1860	1	2
k141_44321	3	296	1	1
k141_44321	293	904	1	2
k141_44321	897	2285	1	3
k141_44550	3	1583	-1	1
k141_44550	1727	2314	-1	2
k141_44550	2342	3445	-1	3
k141_45141	2	583	1	1
k141_45141	600	1934	1	2
k141_45141	1931	2146	1	3
k141_45178	1	543	1	1
k141_45178	551	2257	1	2
k141_45361	1	1872	-1	1
k141_45361	1965	2981	1	2
k141_45707	3	1199	-1	1
k141_45707	1290	1691	-1	2
k141_45707	1685	2557	-1	3
k141_45824	3	1586	-1	1
k141_45824	1588	2358	-1	2
k141_45827	3	347	-1	1
k141_45827	609	1472	1	2
k141_45827	1435	2235	-1	3
k141_46296	95	784	1	1
k141_46296	820	1065	1	2
k141_46296	1109	1639	1	3
k141_46296	1679	2110	1	4
k141_46296	2154	2333	1	5
k141_46302	3	1181	-1	1
k141_46302	1263	1832	-1	2
k141_46302	1995	2924	1	3
k141_46470	236	1366	1	1
k141_46470	1392	2429	1	2
k141_46470	2539	3789	1	3
k141_46470	3802	4344	1	4
k141_46470	4347	4556	1	5
k141_46773	3	740	1	1
k141_46773	749	1789	1	2
k141_46792	2	1132	1	1
k141_46792	1132	1566	1	2
k141_47531	1	180	-1	1
k141_47531	418	804	-1	2
k141_47531	1107	1622	1	3
k141_47553	3	80	1	1
k141_47553	117	1544	-1	2
k141_47553	1555	1698	-1	3
k141_47694	3	623	1	1
k141_47694	636	1808	-1	2
k141_47694	2008	2769	1	3
k141_47694	2782	2991	1	4
k141_47694	3008	3811	-1	5
k141_47694	3876	4400	1	6
k141_47694	4401	4853	1	7
k141_47694	4850	5782	1	8
k141_47694	5783	6250	-1	9
k141_47694	6250	7533	-1	10
k141_47694	7593	8129	-1	11
k141_47823	3	1670	1	1
k141_47823	1757	2299	1	2
k141_47823	2348	3175	1	3
k141_48320	2	667	1	1
k141_48320	687	908	-1	2
k141_48320	1130	1825	1	3
k141_48629	2	577	-1	1
k141_48629	581	907	-1	2
k141_48629	1026	1520	-1	3
k141_48629	1541	1777	1	4
k141_48629	1678	2214	-1	5
k141_48639	2	604	-1	1
k141_48639	827	1810	-1	2
k141_48639	1983	2306	1	3
k141_48639	2317	2616	1	4
k141_48663	110	343	1	1
k141_48663	254	865	-1	2
k141_48663	878	1210	-1	3
k141_48663	1207	1599	-1	4
k141_48675	3	1991	-1	1
k141_49065	1	1446	-1	1
k141_49065	1583	2197	1	2
k141_49065	2203	3321	-1	3
k141_49065	3332	4447	-1	4
k141_49065	4527	4784	-1	5
k141_49065	4809	5120	-1	6
k141_49065	5257	6225	1	7
k141_49065	6581	8314	1	8
k141_49065	8343	8885	1	9
k141_49699	2	1072	1	1
k141_49699	1069	2790	1	2
k141_49699	2780	2938	1	3
k141_49953	2	1141	-1	1
k141_49953	1240	1869	1	2
k141_49953	1873	2472	-1	3
k141_50027	41	385	-1	1
k141_50027	382	1080	-1	2
k141_50027	1093	1953	-1	3
k141_50027	2189	3382	-1	4
k141_50027	3610	4674	1	5
k141_50027	4690	5277	-1	6
k141_50452	3	824	-1	1
k141_50452	937	1578	-1	2
k141_50452	1588	1947	-1	3
k141_50452	1951	2454	-1	4
k141_50753	3	719	-1	1
k141_50753	721	1230	-1	2
k141_50753	1263	1805	-1	3
k141_50753	2277	2633	1	4
k141_51130	112	1131	-1	1
k141_51130	1387	2763	-1	2
k141_51641	2	484	1	1
k141_51641	501	1538	-1	2
k141_51968	1	576	1	1
k141_51968	603	1034	1	2
k141_51968	1071	1703	-1	3
k141_52159	2	1948	-1	1
k141_52308	2	1369	1	1
k141_52385	1	192	1	1
k141_52385	276	1457	1	2
k141_52385	1468	1932	1	3
k141_52385	1980	2471	1	4
k141_52674	3	131	1	1
k141_52674	141	761	1	2
k141_52674	907	1338	1	3
k141_52674	1365	2006	1	4
k141_52674	2073	2543	1	5
k141_52889	3	1310	-1	1
k141_52889	1314	1577	-1	2
k141_53009	3	752	-1	1
k141_53009	749	1078	-1	2
k141_53009	1095	1331	-1	3
k141_53009	1342	1647	-1	4
k141_53009	1644	2456	-1	5
k141_53009	2464	3003	-1	6
k141_53009	3048	3452	-1	7
k141_53009	3455	3649	-1	8
k141_53009	3718	5316	-1	9
k141_53009	5465	7180	-1	10
k141_53009	7502	8077	-1	11
k141_53009	8448	8846	1	12
k141_53092	1	369	1	1
k141_53092	366	530	1	2
k141_53092	493	1038	1	3
k141_53244	3	236	-1	1
k141_53244	293	496	-1	2
k141_53244	828	1355	-1	3
k141_53481	1	255	1	1
k141_53481	343	1539	-1	2
k141_53631	1	75	-1	1
k141_53631	97	1917	1	2
k141_53631	1938	2231	1	3
k141_54204	2	136	1	1
k141_54204	175	795	1	2
k141_54204	844	1620	-1	3
k141_54204	1623	2117	-1	4
k141_54204	2136	2459	-1	5
k141_54410	1	1842	1	1
k141_54410	1891	3273	1	2
k141_54475	2	748	1	1
k141_54475	760	1893	1	2
k141_54475	1972	2274	1	3
k141_54475	2282	2443	1	4
k141_55033	1	150	-1	1
k141_55033	498	1781	1	2
k141_55033	1759	2253	1	3
k141_55543	3	485	-1	1
k141_55543	656	2542	1	2
k141_55543	2554	3111	-1	3
k141_55543	3221	4000	-1	4
k141_55543	4145	5758	1	5
k141_55719	1	1068	1	1
k141_55719	1175	1801	1	2
k141_55719	1823	2842	1	3
k141_55719	2856	3854	-1	4
k141_55736	2	253	-1	1
k141_55736	392	1225	1	2
k141_55736	1232	2071	1	3
k141_55895	3	542	-1	1
k141_55895	717	2270	-1	2
k141_55895	2399	3124	1	3
k141_55895	3133	4404	1	4
k141_55895	4418	5260	1	5
k141_56177	3	173	-1	1
k141_56177	211	1275	-1	2
k141_56177	1294	1989	-1	3
k141_56471	1	246	1	1
k141_56471	203	865	1	2
k141_56471	1067	1414	1	3
k141_56471	1493	2455	1	4
k141_56471	2471	2905	1	5
k141_56623	2	1540	1	1
k141_56623	1503	1991	1	2
k141_56721	2	1156	1	1
k141_56721	1184	2020	1	2
k141_56939	3	1052	-1	1
k141_56939	1080	1604	-1	2
k141_56939	1856	2341	-1	3
k141_56939	2606	4702	-1	4
k141_56939	4782	5294	1	5
k141_57096	1	333	1	1
k141_57096	337	1911	1	2
k141_57511	1	879	-1	1
k141_57511	1065	1955	1	2
k141_57594	3	824	-1	1
k141_57594	950	2281	1	2
k141_57594	2351	3232	1	3
k141_57594	3234	4082	1	4
k141_57594	4090	4368	1	5
k141_57616	2	634	1	1
k141_57616	636	1052	1	2
k141_57616	1166	2089	1	3
k141_57616	2086	2832	-1	4
k141_57616	2837	3469	-1	5
k141_57616	3484	4026	1	6
k141_57616	4237	4419	1	7
k141_57616	4660	5622	1	8
k141_57616	5638	6612	1	9
k141_57616	6624	7553	1	10
k141_57853	1	1506	-1	1
k141_57853	1647	1916	-1	2
k141_57853	2124	2192	1	3
k141_57939	2	1993	1	1
k141_57939	2021	2089	-1	2
k141_57960	3	188	-1	1
k141_57960	313	1227	1	2
k141_57960	1224	1538	1	3
k141_58148	3	386	-1	1
k141_58148	392	1198	-1	2
k141_58148	1229	1804	-1	3
k141_58148	1923	2465	-1	4
k141_58148	2616	3413	1	5
k141_58347	2	1459	1	1
k141_58347	1647	3044	1	2
k141_58355	468	1808	1	1
k141_58463	127	531	1	1
k141_58463	528	998	1	2
k141_58463	1017	1211	1	3
k141_58463	1217	1522	1	4
k141_58463	1833	2405	1	5
k141_58959	2	727	1	1
k141_58959	734	1504	1	2
k141_58959	1557	2507	1	3
k141_59009	1	294	-1	1
k141_59009	352	1050	-1	2
k141_59009	1070	1606	-1	3
k141_59213	2	211	-1	1
k141_59213	440	1192	1	2
k141_59213	1189	2517	1	3
k141_59213	2590	3261	1	4
k141_59396	86	469	-1	1
k141_59396	607	1614	-1	2
k141_59396	1644	2519	-1	3
k141_59627	1	1059	-1	1
k141_59627	1345	2388	1	2
k141_59627	2385	2870	1	3
k141_59674	2	136	-1	1
k141_59674	285	1034	-1	2
k141_59674	1163	1783	-1	3
k141_59913	3	638	-1	1
k141_59913	642	1394	-1	2
k141_59913	1391	2437	-1	3
k141_59913	2487	2792	-1	4
k141_60054	3	1634	1	1
k141_60300	2	511	-1	1
k141_60300	616	1602	1	2
k141_60727	1	267	-1	1
k141_60727	329	901	-1	2
k141_60727	873	1835	-1	3
k141_61205	2	817	-1	1
k141_61205	832	2199	-1	2
k141_61205	2286	2528	-1	3
k141_61314	1	567	1	1
k141_61314	569	2290	1	2
k141_61314	2287	2808	1	3
k141_61314	2897	3418	1	4
k141_61314	3405	4010	1	5
k141_61314	4182	4895	1	6
k141_61359	2	904	-1	1
k141_61359	904	2061	-1	2
k141_61359	2083	3117	-1	3
k141_61359	3134	3886	-1	4
k141_61359	3911	5263	-1	5
k141_61359	5288	6406	-1	6
k141_61359	6403	7488	-1	7
k141_61359	7508	7951	-1	8
k141_61659	2	343	1	1
k141_61659	354	1160	-1	2
k141_61659	1202	3406	-1	3
k141_61950	2	2638	-1	1
k141_62207	1	396	-1	1
k141_62207	708	1391	1	2
k141_62207	1396	1560	-1	3
k141_62421	377	1693	1	1
k141_62665	1	579	1	1
k141_62665	581	1552	1	2
k141_62665	1646	2998	1	3
k141_62665	3065	3757	-1	4
k141_62665	3983	4408	1	5
k141_62665	4425	5576	1	6
k141_62665	5590	6405	1	7
k141_62665	6398	7183	1	8
k141_63228	1	1545	1	1
k141_63228	1549	2256	1	2
k141_63228	2295	2555	-1	3
k141_63594	1	1191	1	1
k141_63594	1220	1882	-1	2
k141_63692	3	1949	1	1
k141_63729	1	138	-1	1
k141_63729	147	1160	-1	2
k141_63729	1241	2266	1	3
k141_64001	1	1182	1	1
k141_64001	1188	1517	1	2
k141_64007	2	1561	1	1
k141_64493	1	705	1	1
k141_64493	800	1441	1	2
k141_64493	1504	2001	1	3
k141_64728	2	430	1	1
k141_64728	621	893	-1	2
k141_64728	1023	1202	-1	3
k141_64728	1247	1456	-1	4
k141_64728	1893	2402	1	5
k141_65303	1	1101	1	1
k141_65303	1262	1573	1	2
k141_65463	3	434	1	1
k141_65463	385	735	-1	2
k141_65463	738	1658	-1	3
k141_65463	1754	2488	1	4
k141_66321	2	814	-1	1
k141_66321	818	2230	-1	2
k141_66321	2400	2771	-1	3
k141_66321	2855	3526	-1	4
k141_66728	3	767	-1	1
k141_66728	1029	1823	1	2
k141_66728	1875	2531	1	3
k141_66728	2549	3199	1	4
k141_66728	3211	3585	1	5
k141_66755	3	659	-1	1
k141_66755	656	1522	-1	2
k141_66755	1636	2637	-1	3
k141_66762	3	398	-1	1
k141_66762	454	1491	-1	2
k141_66762	1500	2312	-1	3
k141_66865	1	369	1	1
k141_66865	366	1265	1	2
k141_66865	1278	1619	-1	3
k141_66865	1660	2301	1	4
k141_66912	74	547	-1	1
k141_66912	613	1479	-1	2
k141_66912	1525	2124	1	3
k141_66952	3	1193	1	1
k141_66952	1212	2144	-1	2
k141_66952	2346	3359	1	3
k141_66952	3378	3578	1	4
k141_67005	3	1211	1	1
k141_67005	1314	1541	1	2
k141_67490	2	1009	-1	1
k141_67490	1176	2486	1	2
k141_67490	2507	2644	-1	3
k141_67614	2	694	-1	1
k141_67614	734	1219	1	2
k141_67614	1230	1547	1	3
k141_67614	1544	2335	-1	4
k141_67614	2361	2879	-1	5
k141_68053	3	323	-1	1
k141_68053	437	1006	1	2
k141_68053	1025	1636	1	3
k141_68445	1	1122	1	1
k141_68445	1216	1338	-1	2
k141_68445	1475	1900	1	3
k141_68445	1998	2522	1	4
k141_68711	1	192	1	1
k141_68711	173	865	1	2
k141_68711	867	1967	1	3
k141_68711	1992	3071	1	4
k141_68711	3100	3348	1	5
k141_69580	1	132	-1	1
k141_69580	179	2083	-1	2
k141_69580	2166	2924	-1	3
k141_69908	278	1321	1	1
k141_69908	1318	2454	1	2
k141_69908	2564	3607	1	3
k141_69908	3711	4070	1	4
k141_69908	4135	6009	1	5
k141_69908	6043	6975	1	6
k141_69908	6984	7574	1	7
k141_70341	33	521	-1	1
k141_70341	524	1732	-1	2
k141_70477	3	242	-1	1
k141_70477	261	539	-1	2
k141_70477	683	1012	-1	3
k141_70477	1035	2738	-1	4
k141_70477	2877	3575	-1	5
k141_70652	2	205	1	1
k141_70652	228	755	-1	2
k141_70652	809	1558	-1	3
k141_70652	1575	2153	-1	4
k141_70696	2	367	1	1
k141_70696	354	722	1	2
k141_70696	664	2112	-1	3
k141_71183	106	1044	-1	1
k141_71183	1060	1890	-1	2
k141_71224	2	568	-1	1
k141_71224	733	3255	1	2
k141_71277	1	264	-1	1
k141_71277	281	886	-1	2
k141_71277	910	1242	-1	3
k141_71277	1455	2438	1	4
k141_71441	25	567	-1	1
k141_71441	616	744	-1	2
k141_71441	887	2167	-1	3
k141_71441	2591	3844	1	4
k141_71441	3868	4785	1	5
k141_71441	4796	5608	1	6
k141_71547	1	1812	1	1
k141_71840	2	760	-1	1
k141_71840	797	1369	-1	2
k141_71840	1369	2361	-1	3
k141_71855	1	486	1	1
k141_71855	495	728	-1	2
k141_71855	743	1795	-1	3
k141_71949	1	1005	1	1
k141_71949	957	1412	-1	2
k141_71949	1517	1885	1	3
k141_71968	1	333	1	1
k141_71968	360	1127	1	2
k141_71968	1133	2266	-1	3
k141_72416	3	704	1	1
k141_72416	839	1531	1	2
k141_72416	1583	2278	1	3
k141_72598	1	1320	-1	1
k141_72598	1317	1913	-1	2
k141_73042	1	228	1	1
k141_73042	284	2161	1	2
k141_73042	2163	2504	1	3
k141_73042	2504	2698	1	4
k141_73042	2721	3473	-1	5
k141_73379	1	525	1	1
k141_73379	472	1602	-1	2
k141_74343	2	289	-1	1
k141_74343	387	1613	-1	2
k141_74408	1	117	1	1
k141_74408	136	2133	-1	2
k141_74408	2418	2867	1	3
k141_74522	2	217	1	1
k141_74522	214	867	1	2
k141_74522	872	2002	1	3
k141_74587	1	846	-1	1
k141_74587	889	1716	-1	2
k141_74587	1775	1921	-1	3
k141_75167	1	2175	-1	1
k141_75167	2612	4735	1	2
k141_75226	2	151	-1	1
k141_75226	320	1270	1	2
k141_75226	1273	2619	1	3
k141_75247	1	1332	1	1
k141_75247	1333	1662	-1	2
k141_75255	3	287	-1	1
k141_75255	284	1702	-1	2
k141_75255	1702	2178	-1	3
k141_75328	3	926	-1	1
k141_75328	1232	1516	1	2
k141_75663	3	266	-1	1
k141_75663	784	1653	-1	2
k141_75663	1655	1978	-1	3
k141_75950	1	123	-1	1
k141_75950	365	1027	1	2
k141_75950	1081	1284	1	3
k141_75950	1291	1518	1	4
k141_76110	2	691	1	1
k141_76110	688	1440	1	2
k141_76110	1497	1631	1	3
k141_76660	34	813	1	1
k141_76660	824	1570	1	2
k141_76660	1632	2840	1	3
k141_76660	2906	3793	1	4
k141_76660	3799	4335	1	5
k141_77058	1	243	1	1
k141_77058	255	1853	1	2
k141_77058	2348	4018	1	3
k141_78321	27	557	-1	1
k141_78321	708	2093	-1	2
k141_78321	2196	2708	-1	3
k141_78321	2909	3664	-1	4
k141_78321	3778	4470	1	5
k141_78321	4467	5660	1	6
k141_78335	2	640	1	1
k141_78335	615	1457	1	2
k141_78335	1454	1729	-1	3
k141_78601	3	680	-1	1
k141_78601	753	1013	-1	2
k141_78601	1158	2423	-1	3
k141_78601	2507	2833	-1	4
k141_78601	3074	3343	-1	5
k141_78955	45	290	1	1
k141_78955	277	1395	1	2
k141_78955	1409	1573	1	3
k141_79111	3	119	-1	1
k141_79111	628	1506	1	2
k141_79610	1	870	1	1
k141_79610	874	1485	1	2
k141_79610	1495	2016	1	3
k141_79610	2059	2157	1	4
k141_79677	2	184	1	1
k141_79677	277	1080	1	2
k141_79677	1097	1579	-1	3
k141_80008	1	780	-1	1
k141_80008	906	2864	1	2
k141_80342	3	224	-1	1
k141_80342	293	736	-1	2
k141_80342	723	2552	-1	3
k141_80342	2549	3505	-1	4
k141_80545	2	682	1	1
k141_80545	696	1163	1	2
k141_80545	1172	2512	-1	3
k141_80894	1	327	-1	1
k141_80894	314	523	-1	2
k141_80894	623	994	1	3
k141_80894	999	1664	1	4
k141_80894	1655	2287	1	5
k141_81119	2	2230	-1	1
k141_82107	1	414	-1	1
k141_82107	426	1208	-1	2
k141_82107	1356	1571	1	3
k141_82324	1	312	-1	1
k141_82324	350	973	-1	2
k141_82324	1099	1626	-1	3
k141_82338	2	1261	-1	1
k141_82338	1258	2298	-1	2
k141_82357	428	607	-1	1
k141_82357	733	1107	1	2
k141_82357	1154	1339	-1	3
k141_82357	1428	2207	-1	4
k141_82357	2204	2686	-1	5
k141_82375	1	249	1	1
k141_82375	256	462	1	2
k141_82375	455	1804	1	3
k141_82375	1806	2717	1	4
k141_82375	2767	3246	1	5
k141_82545	2	322	-1	1
k141_82545	342	1202	-1	2
k141_82545	1206	2105	-1	3
k141_82545	2123	2356	-1	4
k141_82969	2	625	1	1
k141_82969	636	1460	-1	2
k141_82969	1669	1872	-1	3
k141_83185	2	142	1	1
k141_83185	153	1295	1	2
k141_83185	1310	1678	1	3
k141_83191	3	1670	1	1
k141_83191	1680	2345	1	2
k141_83625	2	1276	-1	1
k141_83625	1293	2168	-1	2
k141_83625	2198	2380	-1	3
k141_83691	85	1317	-1	1
k141_83691	1489	1728	-1	2
k141_83691	1836	2585	-1	3
k141_83691	2627	2917	-1	4
k141_83923	3	1736	1	1
k141_83923	1765	2223	1	2
k141_83982	3	269	-1	1
k141_83982	305	787	-1	2
k141_83982	800	1624	-1	3
k141_83982	1727	2080	1	4
k141_83982	2303	3334	1	5
k141_84187	6	182	-1	1
k141_84187	199	570	-1	2
k141_84187	590	1438	-1	3
k141_84187	1444	2229	-1	4
k141_84434	2	322	1	1
k141_84434	385	879	-1	2
k141_84434	1031	1507	1	3
k141_85188	46	1659	-1	1
k141_85188	1832	2272	-1	2
k141_85416	3	1319	1	1
k141_85416	1347	1763	1	2
k141_85416	1881	2660	1	3
k141_85416	2711	3439	1	4
k141_85912	1	582	1	1
k141_85912	606	1406	1	2
k141_85912	1417	1926	1	3
k141_86190	1	897	1	1
k141_86190	906	2021	1	2
k141_86190	2027	2365	-1	3
k141_86512	1	354	1	1
k141_86512	354	1154	1	2
k141_86512	1251	1697	1	3
k141_86512	1855	2793	1	4
k141_86573	3	359	-1	1
k141_86573	380	1255	-1	2
k141_86573	1270	2742	-1	3
k141_86673	1	1794	1	1
k141_87085	2	298	-1	1
k141_87085	298	801	-1	2
k141_87085	865	1659	-1	3
k141_87193	26	490	1	1
k141_87193	462	830	1	2
k141_87193	883	1050	1	3
k141_87193	1047	1244	1	4
k141_87193	1371	1748	1	5
k141_87193	1759	1911	1	6
k141_87341	2	202	1	1
k141_87341	294	1508	1	2
k141_87341	1664	2593	1	3
k141_87341	2619	2795	1	4
k141_87341	3353	4297	1	5
k141_87341	4427	5251	1	6
k141_87690	1	543	-1	1
k141_87690	719	1516	1	2
k141_87690	1513	1920	1	3
k141_87718	3	314	-1	1
k141_87718	350	1372	-1	2
k141_87718	1501	1563	1	3
k141_87788	3	1211	1	1
k141_87788	1836	1925	-1	2
k141_88429	3	827	-1	1
k141_88429	1096	1587	-1	2
k141_88429	1693	2514	1	3
k141_88429	2633	2797	1	4
k141_88471	58	432	1	1
k141_88471	602	1516	1	2
k141_88632	1	1518	1	1
k141_88632	1575	2837	1	2
k141_89164	3	557	-1	1
k141_89164	1012	1728	1	2
k141_89164	1725	2036	1	3
k141_89476	3	953	-1	1
k141_89476	1076	1222	-1	2
k141_89476	1312	1530	1	3
k141_89519	2	505	1	1
k141_89519	677	1585	1	2
k141_89519	1709	2284	1	3
k141_89760	3	488	1	1
k141_89760	537	1532	1	2
k141_89760	1552	1788	1	3
k141_89763	2	547	-1	1
k141_89763	682	1521	-1	2
k141_90629	2	1507	-1	1
k141_90959	1	606	1	1
k141_90959	603	1124	1	2
k141_90959	1158	2435	-1	3
k141_91102	2	772	-1	1
k141_91102	769	1599	-1	2
k141_91308	1	1035	1	1
k141_91308	1104	1814	1	2
k141_91583	14	910	-1	1
k141_91583	933	2162	-1	2
k141_91583	2247	4397	-1	3
k141_91667	221	529	-1	1
k141_91667	574	1038	-1	2
k141_91667	1156	2385	1	3
k141_91667	2474	2617	1	4
k141_91733	1	774	-1	1
k141_91733	1062	1574	-1	2
k141_91841	64	309	-1	1
k141_91841	358	924	-1	2
k141_91841	947	1540	-1	3
k141_91841	1549	1680	-1	4
k141_91885	1	144	1	1
k141_91885	129	776	1	2
k141_91885	818	1786	1	3
k141_91885	1896	2531	1	4
k141_92338	3	182	1	1
k141_92338	247	1056	1	2
k141_92338	1053	1511	1	3
k141_92781	1	255	-1	1
k141_92781	302	2404	-1	2
k141_92781	2473	2943	-1	3
k141_92781	3060	3437	-1	4
k141_92781	3711	3851	-1	5
k141_92807	1	303	-1	1
k141_92807	300	1934	-1	2
k141_92966	1	111	1	1
k141_92966	140	697	-1	2
k141_92966	702	2180	-1	3
k141_92966	2198	3679	-1	4
k141_92966	3700	5721	-1	5
k141_92966	5735	6040	-1	6
k141_92966	6093	6719	-1	7
k141_92966	6749	7237	-1	8
k141_92966	7268	7666	-1	9
k141_93021	205	822	1	1
k141_93021	819	1676	-1	2
k141_93070	2	1891	-1	1
k141_93246	1	123	-1	1
k141_93246	207	602	-1	2
k141_93246	711	1001	-1	3
k141_93246	1061	1522	-1	4
k141_93413	2	853	-1	1
k141_93413	1109	2233	-1	2
k141_93413	2393	3040	-1	3
k141_93413	3048	3704	-1	4
k141_93413	3717	4181	-1	5
k141_93413	4194	4520	-1	6
k141_93630	2	745	1	1
k141_93630	729	1676	1	2
k141_93630	1699	2511	-1	3
k141_93884	2	208	1	1
k141_93884	219	668	-1	2
k141_93884	708	1421	-1	3
k141_93884	1586	1963	1	4
k141_93906	1	165	-1	1
k141_93906	162	896	-1	2
k141_93906	903	1253	-1	3
k141_93906	1250	2281	-1	4
k141_93906	2291	2602	-1	5
k141_93906	2629	3096	-1	6
k141_93906	3182	4078	-1	7
k141_94449	2	1324	-1	1
k141_95064	20	343	1	1
k141_95064	390	1844	1	2
k141_95064	1864	2778	-1	3
k141_95064	2883	2999	1	4
k141_95882	2	1222	1	1
k141_95882	1376	2968	1	2
k141_96192	2	292	-1	1
k141_96192	349	1530	1	2
k141_96192	1545	2984	1	3
k141_96192	3089	3742	1	4
k141_96225	1	1314	-1	1
k141_96225	1508	2056	1	2
k141_96225	2086	2625	1	3
k141_96306	2	1258	1	1
k141_96306	1271	1672	1	2
k141_96306	1674	2078	1	3
k141_96306	2085	2216	1	4
k141_96388	1	297	1	1
k141_96388	445	1629	1	2
k141_96388	1718	1873	-1	3
k141_96388	1909	2142	-1	4
k141_96388	2215	2337	-1	5
k141_96396	2	1138	1	1
k141_96396	1142	1642	1	2
k141_96568	216	1838	-1	1
k141_96661	57	1226	-1	1
k141_96661	1307	1531	-1	2
k141_96906	50	1027	-1	1
k141_96906	1024	1890	-1	2
k141_96906	1887	3047	-1	3
k141_96906	3112	3621	-1	4
k141_97277	1	405	-1	1
k141_97277	681	1535	-1	2
k141_97277	1638	1808	-1	3
k141_97684	1	192	1	1
k141_97684	212	1114	-1	2
k141_97684	1122	1775	-1	3
k141_97877	3	230	1	1
k141_97877	254	1093	-1	2
k141_97877	1106	2044	-1	3
k141_97916	3	1517	1	1
k141_97916	1679	2443	1	2
k141_98077	3	1160	-1	1
k141_98077	1163	3724	-1	2
k141_98077	3803	4579	-1	3
k141_98127	1	1083	-1	1
k141_98127	1201	1533	1	2
k141_98127	1630	1947	1	3
k141_98127	1957	2205	-1	4
k141_98313	16	810	-1	1
k141_98313	807	1241	-1	2
k141_98313	1267	1701	-1	3
k141_98435	1	1323	1	1
k141_98435	1509	2333	1	2
k141_98435	2403	2729	1	3
k141_98435	2726	3073	1	4
k141_98529	1	861	1	1
k141_98529	863	1672	-1	2
k141_98605	1	75	-1	1
k141_98605	552	1730	1	2
k141_98605	1743	1859	-1	3
k141_98626	1	234	-1	1
k141_98626	719	1504	1	2
k141_99049	1	1005	1	1
k141_99049	1078	1929	1	2
k141_99049	1957	2442	-1	3
k141_99049	2601	3371	1	4
k141_99049	3429	3827	-1	5
k141_99134	3	386	1	1
k141_99134	506	1735	1	2
k141_99134	1768	1959	-1	3
k141_99201	100	1095	1	1
k141_99201	1183	1878	1	2
k141_99201	1875	2234	1	3
k141_99241	3	200	-1	1
k141_99241	371	514	-1	2
k141_99241	641	757	-1	3
k141_99241	1126	1440	-1	4
k141_99241	1457	1552	-1	5
k141_99463	2	487	-1	1
k141_99463	550	963	-1	2
k141_99463	971	1486	-1	3
k141_99463	1604	1966	-1	4
k141_99488	2	70	-1	1
k141_99488	94	1671	-1	2
k141_99488	1716	2567	-1	3
k141_99503	219	623	-1	1
k141_99503	864	1574	1	2
k141_99512	2	484	-1	1
k141_99512	646	1425	-1	2
k141_99512	1614	2060	-1	3
k141_99518	2	991	1	1
k141_99518	988	2175	-1	2
k141_99518	2783	3397	-1	3
k141_99518	3394	3747	-1	4
k141_99914	2	1753	1	1
k141_99914	2035	2754	1	2
k141_100247	2	295	-1	1
k141_100247	323	1219	-1	2
k141_100247	1287	1715	-1	3
k141_100655	3	1544	1	1
k141_100800	1	645	-1	1
k141_100800	829	1173	1	2
k141_100800	1184	1558	1	3
k141_100800	1559	1978	-1	4
k141_100800	1999	2646	-1	5
k141_100800	2654	3349	-1	6
k141_100841	2	2509	1	1
k141_100841	2516	2839	1	2
k141_101281	39	770	-1	1
k141_101281	888	1541	1	2
k141_101614	2	1000	-1	1
k141_101614	1019	2398	-1	2
k141_101976	240	1052	1	1
k141_101976	1095	1496	-1	2
k141_101976	1493	1837	-1	3
k141_102018	1	1254	1	1
k141_102018	1424	2083	1	2
k141_102018	2087	3292	-1	3
k141_102039	3	1226	-1	1
k141_102039	1231	1950	-1	2
k141_102039	1978	2541	-1	3
k141_102039	2695	2823	-1	4
k141_102039	3047	3712	1	5
k141_102195	3	200	-1	1
k141_102195	429	1244	1	2
k141_102195	1241	1711	-1	3
k141_102582	36	1079	1	1
k141_102582	1093	1635	1	2
k141_102702	3	749	1	1
k141_102702	730	912	1	2
k141_102702	948	1733	1	3
k141_102702	1824	2477	1	4
k141_102702	2817	5234	1	5
k141_102702	5377	6135	1	6
k141_102702	6201	6275	1	7
k141_102739	3	461	-1	1
k141_102739	523	954	-1	2
k141_102739	1152	1589	-1	3
k141_103090	1	621	-1	1
k141_103090	637	1137	-1	2
k141_103090	1254	1850	-1	3
k141_103090	2176	2481	1	4
k141_103090	2638	3384	1	5
k141_103090	3405	3527	1	6
k141_103163	1	243	1	1
k141_103163	258	851	-1	2
k141_103163	862	1641	-1	3
k141_103319	3	1736	1	1
k141_103319	1748	2029	-1	2
k141_103570	3	2684	1	1
k141_103570	2814	3527	1	2
k141_103570	3535	3630	1	3
k141_103749	1	165	1	1
k141_103749	214	1293	1	2
k141_103749	1290	1886	1	3
k141_104376	1	474	-1	1
k141_104376	493	1182	-1	2
k141_104376	1184	2077	-1	3
k141_104378	3	872	1	1
k141_104378	1062	1541	1	2
k141_104378	1538	3016	1	3
k141_104378	3058	4599	1	4
k141_104838	103	897	-1	1
k141_104838	1069	3081	1	2
k141_104838	3175	4188	1	3
k141_104838	4218	4604	1	4
k141_104838	4888	5169	1	5
k141_104896	2	853	1	1
k141_104896	850	1806	1	2
k141_105101	2	268	-1	1
k141_105101	309	677	-1	2
k141_105101	686	1858	-1	3
k141_105271	2	244	1	1
k141_105271	344	1042	1	2
k141_105271	1066	1695	1	3
k141_105271	1701	2642	1	4
k141_105271	2681	3235	1	5
k141_105271	3306	4199	1	6
k141_105271	4204	5247	-1	7
k141_105479	2	790	-1	1
k141_105479	813	1607	-1	2
k141_105479	1634	2665	-1	3
k141_105711	2	91	-1	1
k141_105711	88	891	-1	2
k141_105711	920	1885	-1	3
k141_105711	1937	2287	-1	4
k141_106210	3	656	-1	1
k141_106210	757	1686	1	2
k141_106210	1694	2560	1	3
k141_106420	1	483	-1	1
k141_106420	480	767	-1	2
k141_106420	962	2005	1	3
k141_106420	2024	2923	1	4
k141_106420	2920	3120	1	5
k141_106582	3	845	-1	1
k141_106582	1007	1816	1	2
k141_106582	1832	2215	-1	3
k141_107288	1	207	-1	1
k141_107288	272	1000	1	2
k141_107288	963	2864	1	3
k141_107288	2865	3524	-1	4
k141_107288	3521	3694	-1	5
k141_107339	3	1199	-1	1
k141_107339	1325	2038	1	2
k141_107558	2	994	1	1
k141_107558	982	1935	-1	2
k141_107558	2189	2599	-1	3
k141_107558	2649	3218	-1	4
k141_107594	2	175	1	1
k141_107594	172	342	1	2
k141_107594	360	602	1	3
k141_107594	612	1277	-1	4
k141_107594	1274	1513	-1	5
k141_107780	1	855	-1	1
k141_107780	891	2951	-1	2
k141_107780	3301	4374	-1	3
k141_107780	4420	4806	-1	4
k141_107932	3	926	1	1
k141_107932	1148	3457	1	2
k141_107932	3479	3664	-1	3
k141_108082	1	246	1	1
k141_108082	311	766	1	2
k141_108082	858	1970	1	3
k141_108458	3	1190	1	1
k141_108458	1294	1848	1	2
k141_108544	1	1635	-1	1
k141_108544	1632	2411	-1	2
k141_108544	2428	2901	-1	3
k141_108544	2898	3071	-1	4
k141_108812	2	1093	1	1
k141_108812	1199	1918	1	2
k141_109560	2	763	1	1
k141_109560	760	1749	1	2
k141_109560	1746	2177	1	3
k141_109626	3	206	-1	1
k141_109626	203	979	-1	2
k141_109626	991	2073	-1	3
k141_109784	1	483	1	1
k141_109784	553	1140	1	2
k141_109784	1364	1912	1	3
k141_109784	1932	3029	-1	4
k141_109787	2	331	-1	1
k141_109787	321	1043	-1	2
k141_109787	1054	1614	-1	3
k141_110039	2	1720	1	1
k141_110039	1744	2454	1	2
k141_110039	2627	3742	1	3
k141_110039	3739	4317	1	4
k141_110501	1	1005	1	1
k141_110501	1073	2578	1	2
k141_110550	666	1664	1	1
k141_110550	1692	2093	-1	2
k141_110550	2148	2216	-1	3
k141_110573	3	98	-1	1
k141_110573	196	1083	1	2
k141_110573	1095	1721	1	3
k141_110782	1	72	1	1
k141_110782	116	943	1	2
k141_110782	955	1488	1	3
k141_110782	1509	2195	-1	4
k141_110782	2248	2781	-1	5
k141_110840	2	142	1	1
k141_110840	161	1165	1	2
k141_110840	1175	1747	-1	3
k141_110840	1763	2029	-1	4
k141_110914	1	468	1	1
k141_110914	669	1199	1	2
k141_110914	1199	2185	1	3
k141_110914	2203	2574	1	4
k141_110978	1	1170	-1	1
k141_110978	1179	2810	-1	2
k141_110978	2901	3833	-1	3
k141_110978	3848	4954	-1	4
k141_110978	4974	5651	-1	5
k141_110978	5852	6634	-1	6
k141_110978	6646	6948	-1	7
k141_111415	1	807	-1	1
k141_111415	863	1918	-1	2
k141_111415	1915	2421	-1	3
k141_111415	2897	3883	1	4
k141_111415	3909	4034	1	5
k141_111604	1	339	-1	1
k141_111604	602	1588	1	2
k141_111604	1585	2391	1	3
k141_111604	2300	2587	-1	4
k141_111629	2	457	-1	1
k141_111629	572	1252	1	2
k141_111629	1313	1657	1	3
k141_111629	1683	2276	1	4
k141_112022	3	314	1	1
k141_112022	336	974	-1	2
k141_112022	983	2464	-1	3
k141_112175	2	784	-1	1
k141_112175	814	1617	-1	2
k141_112175	1734	1916	1	3
k141_112352	3	593	1	1
k141_112352	631	2544	1	2
k141_112352	2546	2680	-1	3
k141_112352	2732	2875	-1	4
k141_112352	2928	3074	-1	5
k141_112352	3130	3288	-1	6
k141_112352	3394	3585	1	7
k141_112546	2	1402	1	1
k141_112546	1457	1879	1	2
k141_112546	1904	2401	-1	3
k141_112546	2398	2889	-1	4
k141_112789	2	409	1	1
k141_112789	477	1721	-1	2
k141_112789	1792	2223	-1	3
k141_112789	2245	2676	-1	4
k141_112789	2690	3550	-1	5
k141_112789	3630	4265	-1	6
k141_112789	4607	7201	-1	7
k141_112789	7311	7637	-1	8
k141_112789	7668	7748	-1	9
k141_113561	130	390	1	1
k141_113561	500	730	1	2
k141_113561	848	1783	1	3
k141_113561	1780	2007	1	4
k141_113561	2004	2456	-1	5
k141_113795	3	893	-1	1
k141_113795	1078	1824	1	2
k141_114005	54	938	-1	1
k141_114005	954	1490	-1	2
k141_114005	1545	2567	-1	3
k141_114017	3	212	-1	1
k141_114017	221	724	-1	2
k141_114017	804	2723	-1	3
k141_114156	2	742	1	1
k141_114156	918	1592	1	2
k141_114156	1718	2380	1	3
k141_114669	2	412	1	1
k141_114669	433	1056	1	2
k141_114669	1112	1435	-1	3
k141_114669	1435	1914	-1	4
k141_114690	1	699	-1	1
k141_114690	731	2911	-1	2
k141_114690	2966	3487	-1	3
k141_114690	3505	3870	-1	4
k141_114690	3903	4298	-1	5
k141_114690	4754	5659	1	6
k141_114690	5668	6219	1	7
k141_114739	3	1634	1	1
k141_114814	2	523	1	1
k141_114814	543	2510	1	2
k141_114814	2507	3616	1	3
k141_114814	3622	4209	-1	4
k141_115368	1	159	1	1
k141_115368	171	980	-1	2
k141_115368	997	1986	-1	3
k141_115368	2004	3323	-1	4
k141_115368	3366	3587	-1	5
k141_116041	1	747	-1	1
k141_116041	826	1683	-1	2
k141_116041	1752	2066	-1	3
k141_116118	75	257	-1	1
k141_116118	312	485	-1	2
k141_116118	544	708	-1	3
k141_116118	913	1677	1	4
k141_116339	57	491	1	1
k141_116339	554	1339	-1	2
k141_116339	1348	1881	-1	3
k141_116720	3	998	1	1
k141_116720	995	2512	1	2
k141_116720	2506	3738	1	3
k141_116934	1	249	1	1
k141_116934	253	1032	1	2
k141_116934	1122	1886	1	3
k141_116934	1886	2155	1	4
k141_116980	1	2820	-1	1
k141_117007	2	1567	-1	1
k141_117007	1564	1872	-1	2
k141_117007	2360	2563	1	3
k141_117007	2654	3907	-1	4
k141_117007	4380	4640	1	5
k141_117007	4758	5210	1	6
k141_117007	5384	6016	1	7
k141_117565	74	2122	1	1
k141_117565	2119	2316	1	2
k141_117574	66	452	-1	1
k141_117574	452	733	-1	2
k141_117574	868	963	-1	3
k141_117574	994	1521	1	4
k141_118096	2	157	1	1
k141_118096	196	1068	1	2
k141_118096	1133	1978	1	3
k141_118392	3	1286	-1	1
k141_118392	1345	1989	-1	2
k141_118392	2213	3166	1	3
k141_118392	3219	3398	1	4
k141_118616	2	1306	-1	1
k141_118616	1306	2847	-1	2
k141_118616	3150	3800	-1	3
k141_118616	4009	4908	1	4
k141_118944	2	421	1	1
k141_118944	486	1226	1	2
k141_118944	1258	1557	1	3
k141_118944	1678	3477	1	4
k141_118944	3474	4196	1	5
k141_118944	4199	4687	1	6
k141_119288	1	270	1	1
k141_119288	653	3247	1	2
k141_119335	2	142	-1	1
k141_119335	159	704	-1	2
k141_119335	715	978	-1	3
k141_119335	1167	1592	-1	4
k141_119797	3	704	-1	1
k141_119797	884	1582	-1	2
k141_119797	1579	1899	-1	3
k141_119971	3	107	1	1
k141_119971	201	1583	-1	2
k141_119971	1808	2908	1	3
k141_119971	2943	3221	1	4
k141_120246	1	1014	1	1
k141_120246	1004	1453	-1	2
k141_120246	1543	1737	1	3
k141_120948	3	608	1	1
k141_120948	648	1334	-1	2
k141_120948	1558	1692	-1	3
k141_121155	2	469	1	1
k141_121155	481	2670	1	2
k141_121300	1	609	-1	1
k141_121300	639	833	-1	2
k141_121300	870	1544	-1	3
k141_121300	1583	1726	-1	4
k141_121397	1	144	1	1
k141_121397	252	1223	1	2
k141_121397	1242	2213	-1	3
k141_121397	2519	4201	-1	4
k141_121397	4370	4768	-1	5
k141_121733	2	1378	-1	1
k141_122026	3	1052	-1	1
k141_122026	1219	1545	-1	2
k141_122498	3	491	-1	1
k141_122498	488	1153	-1	2
k141_122498	1182	1814	-1	3
k141_122498	1822	2886	-1	4
k141_122498	3091	4185	1	5
k141_122498	4332	4484	1	6
k141_123042	2	352	1	1
k141_123042	542	1639	1	2
k141_123042	1665	2042	1	3
k141_123400	1	1668	-1	1
k141_123400	1668	1967	-1	2
k141_123400	1964	2449	-1	3
k141_123628	3	728	-1	1
k141_123628	909	1553	-1	2
k141_123663	3	2042	-1	1
k141_123663	2140	2979	1	2
k141_123663	3135	6791	1	3
k141_123663	6820	7605	-1	4
k141_123663	7605	8240	-1	5
k141_123663	8237	8902	-1	6
k141_123878	3	275	1	1
k141_123878	359	1420	1	2
k141_123878	1481	2263	1	3
k141_124026	2	193	1	1
k141_124026	208	738	1	2
k141_124026	735	1508	1	3
k141_124058	3	665	1	1
k141_124058	694	1188	1	2
k141_124058	1181	1624	-1	3
k141_124058	1661	1918	-1	4
k141_124097	3	461	-1	1
k141_124097	613	1086	1	2
k141_124097	1109	2257	-1	3
k141_124165	3	668	-1	1
k141_124165	623	1147	-1	2
k141_124165	1174	2190	1	3
k141_124284	3	2285	-1	1
k141_124284	2299	2403	-1	2
k141_124420	1	210	1	1
k141_124420	204	1064	-1	2
k141_124420	1009	2037	-1	3
k141_124524	1	609	1	1
k141_124524	606	1232	1	2
k141_124524	1240	2034	1	3
k141_124524	2047	3576	1	4
k141_124524	3647	3970	1	5
k141_124524	4179	4649	1	6
k141_124524	4672	5559	1	7
k141_124593	32	781	-1	1
k141_124593	949	1356	1	2
k141_124593	1370	1627	1	3
k141_124593	1721	2188	1	4
k141_124593	2201	2893	1	5
k141_124712	2	172	-1	1
k141_124712	467	853	1	2
k141_124712	870	1625	1	3
k141_124712	1787	2761	1	4
k141_124712	2764	3396	1	5
k141_124712	3445	3669	-1	6
k141_124835	1	279	1	1
k141_124835	405	1412	1	2
k141_124846	1	705	1	1
k141_124846	772	1248	1	2
k141_124846	1245	1559	-1	3
k141_124846	1556	2128	-1	4
k141_124846	2237	2665	-1	5
k141_124846	3123	4052	-1	6
k141_124860	1	1350	1	1
k141_124860	1347	2054	1	2
k141_124860	2056	2262	-1	3
k141_125109	1	249	-1	1
k141_125109	430	1215	1	2
k141_125109	1371	2582	1	3
k141_125109	2646	3521	1	4
k141_125109	3527	4192	1	5
k141_125221	93	425	1	1
k141_125221	457	1707	1	2
k141_125221	1845	2852	1	3
k141_125221	2857	3453	1	4
k141_125246	1	855	1	1
k141_125246	896	1402	1	2
k141_125246	1482	1985	1	3
k141_125246	1987	3504	1	4
k141_125421	1	567	1	1
k141_125421	570	2360	1	2
k141_125421	2383	2535	1	3
k141_125679	1	729	1	1
k141_125679	764	1984	-1	2
k141_125891	1	201	-1	1
k141_125891	270	1619	-1	2
k141_125891	1702	2256	-1	3
k141_126015	2	550	1	1
k141_126015	601	2187	-1	2
k141_126015	2198	2962	-1	3
k141_126015	3117	4061	1	4
k141_126015	4058	5020	-1	5
k141_126015	5151	6449	-1	6
k141_126015	6576	6722	-1	7
k141_126128	1	660	1	1
k141_126128	894	1808	-1	2
k141_126177	1	198	1	1
k141_126177	195	704	1	2
k141_126177	795	1250	1	3
k141_126177	1323	1883	1	4
k141_126177	1957	2085	1	5
k141_126222	3	1604	-1	1
k141_126222	1668	2342	-1	2
k141_126319	2	499	-1	1
k141_126319	708	1796	1	2
k141_126417	25	363	-1	1
k141_126417	432	995	-1	2
k141_126417	1279	1893	-1	3
k141_126457	1	264	1	1
k141_126457	287	1603	-1	2
k141_126457	1614	2309	-1	3
k141_126713	2	100	-1	1
k141_126713	481	1548	1	2
k141_126740	2	190	-1	1
k141_126740	401	1591	1	2
k141_126952	2	712	1	1
k141_126952	920	3361	1	2
k141_126952	3556	3828	1	3
k141_126952	4153	4905	1	4
k141_127027	2	277	1	1
k141_127027	442	1356	1	2
k141_127027	1385	1855	-1	3
k141_127027	1864	2076	-1	4
k141_127046	3	161	-1	1
k141_127046	217	1566	-1	2
k141_127091	2	325	-1	1
k141_127091	340	1284	-1	2
k141_127091	1399	1533	-1	3
k141_127127	3	1250	-1	1
k141_127127	1497	2399	1	2
k141_127127	2415	4325	1	3
k141_127127	4322	5281	1	4
k141_127198	2	799	1	1
k141_127198	832	1560	-1	2
k141_127198	1578	1994	-1	3
k141_127198	2046	2891	-1	4
k141_127422	1	78	1	1
k141_127422	71	1576	-1	2
k141_127521	2	616	1	1
k141_127521	613	1209	1	2
k141_127521	1206	1592	1	3
k141_127638	3	1070	-1	1
k141_127638	1073	2068	-1	2
k141_127638	2631	2933	-1	3
k141_128131	2	958	1	1
k141_128131	955	1707	1	2
k141_128533	3	257	-1	1
k141_128533	254	754	-1	2
k141_128533	754	2208	-1	3
k141_128875	3	944	-1	1
k141_128875	979	1212	-1	2
k141_128875	1209	1649	-1	3
k141_129988	1	126	1	1
k141_129988	232	1506	1	2
k141_130114	1	516	1	1
k141_130114	513	1301	1	2
k141_130114	1317	1790	1	3
k141_130114	1787	2578	1	4
k141_130114	2682	3308	1	5
k141_130114	3305	3613	1	6
k141_130114	3731	4666	1	7
k141_130114	4663	5436	1	8
k141_130114	5444	5683	1	9
k141_130114	5695	6951	1	10
k141_130114	6948	7598	1	11
k141_130674	23	1039	-1	1
k141_130674	1167	1931	1	2
k141_131061	60	1526	-1	1
k141_131061	1592	2104	-1	2
k141_131352	2	979	1	1
k141_131352	988	2046	1	2
k141_131352	2067	2789	1	3
k141_131529	2	826	1	1
k141_131529	877	1821	1	2
k141_132081	2	301	-1	1
k141_132081	437	1222	-1	2
k141_132081	1219	1629	-1	3
k141_132204	160	510	1	1
k141_132204	523	918	-1	2
k141_132204	915	1712	-1	3
k141_132204	1999	2226	1	4
k141_132204	2299	2769	1	5
k141_132204	2840	3310	1	6
k141_132411	1	1614	-1	1
k141_132411	1611	2339	-1	2
k141_132633	3	224	1	1
k141_132633	149	406	-1	2
k141_132633	625	1272	1	3
k141_132633	1273	2394	-1	4
k141_132633	2391	3062	-1	5
k141_132755	2	1468	1	1
k141_132755	1836	1994	-1	2
k141_132766	3	257	1	1
k141_132766	348	1298	-1	2
k141_132766	1424	2215	1	3
k141_132778	1	75	1	1
k141_132778	72	827	1	2
k141_132778	820	1521	1	3
k141_132778	1534	1704	1	4
k141_133006	15	527	-1	1
k141_133006	592	1809	-1	2
k141_133114	1	1059	-1	1
k141_133114	1198	1578	-1	2
k141_133422	3	287	1	1
k141_133422	444	1700	1	2
k141_133442	2	334	1	1
k141_133442	419	1588	-1	2
k141_133467	1	843	-1	1
k141_133467	992	1930	-1	2
k141_133757	3	641	-1	1
k141_133757	641	1828	-1	2
k141_133757	1838	3010	-1	3
k141_133757	3461	4669	1	4
k141_133757	4701	5279	-1	5
k141_133795	1	339	-1	1
k141_133795	553	927	-1	2
k141_133795	1057	1734	1	3
k141_133795	1835	2518	1	4
k141_133795	2521	2853	1	5
k141_133814	2	700	1	1
k141_133814	708	1358	-1	2
k141_133814	1410	3749	-1	3
k141_133814	3955	4998	-1	4
k141_133814	5033	5203	-1	5
k141_134031	2	1054	1	1
k141_134031	1138	2475	1	2
k141_134031	2640	3419	1	3
k141_134109	3	956	-1	1
k141_134109	1048	1644	1	2
k141_134226	2	211	-1	1
k141_134226	319	2076	-1	2
k141_134226	2234	2620	1	3
k141_134801	3	932	1	1
k141_134801	940	1554	1	2
k141_135181	1	393	-1	1
k141_135181	390	2372	-1	2
k141_135240	2	1054	1	1
k141_135240	1362	1538	1	2
k141_135307	1	1758	1	1
k141_135496	3	248	-1	1
k141_135496	245	1123	-1	2
k141_135496	1120	2916	-1	3
k141_135496	3038	3241	-1	4
k141_135762	3	245	-1	1
k141_135762	268	2607	-1	2
k141_135762	2616	4142	-1	3
k141_135762	4200	5105	-1	4
k141_135762	5117	5575	-1	5
k141_135784	2	334	1	1
k141_135784	436	1194	1	2
k141_135784	1196	1564	1	3
k141_135784	1808	2167	1	4
k141_135784	2226	2702	1	5
k141_135784	2761	3357	1	6
k141_135784	3367	4350	1	7
k141_136020	1	276	1	1
k141_136020	397	1674	1	2
k141_136296	1	1668	-1	1
k141_136328	1	384	-1	1
k141_136328	597	1211	1	2
k141_136328	1208	1612	-1	3
k141_136328	1647	1862	-1	4
k141_136348	3	962	-1	1
k141_136348	959	1480	-1	2
k141_136348	1659	2132	1	3
k141_136348	2129	2614	1	4
k141_136348	2604	3104	-1	5
k141_136415	3	2009	-1	1
k141_136454	1	411	-1	1
k141_136454	731	2026	1	2
k141_136454	2076	2558	1	3
k141_136702	87	467	-1	1
k141_136702	553	2160	-1	2
k141_137046	3	983	1	1
k141_137046	994	1716	1	2
k141_137214	2	502	1	1
k141_137214	499	1296	1	2
k141_137214	1290	1733	1	3
k141_137214	1730	2449	1	4
k141_137214	2457	3224	-1	5
k141_137214	3221	4024	-1	6
k141_137214	4011	4451	-1	7
k141_137391	3	473	1	1
k141_137391	545	754	-1	2
k141_137391	1079	1627	1	3
k141_137710	3	2495	1	1
k141_137865	3	431	1	1
k141_137865	448	999	1	2
k141_137865	1078	1788	1	3
k141_137865	1837	2046	1	4
k141_137865	2043	2519	1	5
k141_137865	2488	5490	-1	6
k141_137865	5685	6725	1	7
k141_137976	2	100	1	1
k141_137976	97	294	1	2
k141_137976	320	706	-1	3
k141_137976	703	1107	-1	4
k141_137976	1264	2187	1	5
k141_138021	1	1821	1	1
k141_138021	1973	2626	1	2
k141_138073	3	662	-1	1
k141_138073	714	1127	-1	2
k141_138073	1137	2753	-1	3
k141_138286	191	1294	1	1
k141_138286	1380	1751	-1	2
k141_139014	1	120	-1	1
k141_139014	148	1554	-1	2
k141_139014	1820	2224	-1	3
k141_139200	1	1224	1	1
k141_139200	1224	1607	1	2
k141_139200	1618	2493	1	3
k141_139200	2495	4318	1	4
k141_139200	4344	5294	1	5
k141_139200	5311	5379	-1	6
k141_139314	1	2715	-1	1
k141_139461	2	598	-1	1
k141_139461	704	1945	1	2
k141_139669	2	430	-1	1
k141_139669	448	1323	-1	2
k141_139669	1356	1772	-1	3
k141_139866	3	668	1	1
k141_139866	760	1317	1	2
k141_139866	1375	1932	-1	3
k141_139949	1	648	1	1
k141_139949	760	1623	1	2
k141_140008	3	215	-1	1
k141_140008	448	1581	1	2
k141_140008	1581	2423	1	3
k141_140311	2	175	-1	1
k141_140311	309	1289	-1	2
k141_140311	1307	2200	-1	3
k141_140567	2	400	1	1
k141_140567	473	1465	1	2
k141_140567	1560	4154	1	3
k141_140600	3	1517	-1	1
k141_141025	2	145	-1	1
k141_141025	357	848	-1	2
k141_141025	856	1998	-1	3
k141_141025	2058	2579	1	4
k141_141025	2605	3231	-1	5
k141_141355	1	534	1	1
k141_141355	536	928	-1	2
k141_141355	939	1352	-1	3
k141_141355	1430	1855	-1	4
k141_141584	106	375	1	1
k141_141584	273	764	-1	2
k141_141584	783	1412	-1	3
k141_141584	1538	1960	-1	4
k141_141584	1973	2467	-1	5
k141_141839	2	628	-1	1
k141_141839	630	1199	-1	2
k141_141839	1206	1742	-1	3
k141_142196	3	83	1	1
k141_142196	201	1094	1	2
k141_142196	1102	1758	1	3
k141_142196	1755	1817	1	4
k141_142493	182	544	1	1
k141_142493	550	849	1	2
k141_142493	862	1149	1	3
k141_142493	1165	1617	1	4
k141_142899	1	549	-1	1
k141_142899	976	1635	1	2
k141_143179	1	783	1	1
k141_143179	830	1414	1	2
k141_143179	1465	1755	1	3
k141_143179	1721	2392	-1	4
k141_143179	2669	2911	1	5
k141_143562	3	326	1	1
k141_143562	338	730	1	2
k141_143562	805	1578	1	3
k141_143562	1653	3050	-1	4
k141_143562	3505	3864	1	5
k141_144038	2	262	-1	1
k141_144038	439	1605	1	2
k141_144038	1643	1885	1	3
k141_144397	2	2254	1	1
k141_144446	1	1506	1	1
k141_145499	3	470	-1	1
k141_145499	495	1772	-1	2
k141_145499	2059	2487	1	3
k141_145658	3	932	-1	1
k141_145658	953	1792	-1	2
k141_145739	1	138	1	1
k141_145739	341	1057	1	2
k141_145739	1096	2886	1	3
k141_145739	2907	3212	1	4
k141_146556	2	943	1	1
k141_146556	961	1866	1	2
k141_146556	1880	2365	-1	3
k141_146556	2500	2952	1	4
k141_146556	2969	3184	1	5
k141_146648	3	605	-1	1
k141_146648	748	1143	-1	2
k141_146648	1140	1901	-1	3
k141_146648	1898	2101	-1	4
k141_147065	3	770	-1	1
k141_147065	1042	2073	1	2
k141_147225	1	294	1	1
k141_147225	327	1223	1	2
k141_147225	1421	1894	1	3
k141_147225	1899	3185	-1	4
k141_147619	18	695	-1	1
k141_147619	702	2315	-1	2
k141_147619	2312	2509	-1	3
k141_147910	1	318	-1	1
k141_147910	368	1507	-1	2
k141_147910	1608	2105	-1	3
k141_147988	155	1402	1	1
k141_147988	1413	1778	1	2
k141_148049	1	507	-1	1
k141_148049	507	1400	-1	2
k141_148049	1397	2323	-1	3
k141_148196	2	322	1	1
k141_148196	322	1575	1	2
k141_148239	2	391	1	1
k141_148239	399	749	1	2
k141_148239	871	1161	1	3
k141_148239	1238	1537	-1	4
k141_148239	1534	1755	-1	5
k141_148239	1752	1853	-1	6
k141_148904	3	1229	-1	1
k141_148904	1504	1776	-1	2
k141_149011	122	949	1	1
k141_149011	946	1728	1	2
k141_149011	1735	2001	-1	3
k141_149396	1	651	-1	1
k141_149396	648	1148	-1	2
k141_149396	1157	1657	-1	3
k141_149396	1661	2335	-1	4
k141_149396	2403	2693	-1	5
k141_149396	2690	3424	-1	6
k141_149396	3411	3887	-1	7
k141_149741	3	281	-1	1
k141_149741	278	865	-1	2
k141_149741	880	2274	-1	3
k141_149783	1	126	-1	1
k141_149783	190	504	-1	2
k141_149783	555	1013	-1	3
k141_149783	1160	2146	-1	4
k141_149783	2170	2799	-1	5
k141_149996	1	168	1	1
k141_149996	317	601	-1	2
k141_149996	648	1073	-1	3
k141_149996	1263	1550	1	4
k141_150042	2	1003	-1	1
k141_150042	1008	1982	-1	2
k141_150042	1984	2637	-1	3
k141_150042	2627	2998	-1	4
k141_150042	2995	3222	-1	5
k141_150179	2	127	-1	1
k141_150179	141	515	-1	2
k141_150179	591	920	-1	3
k141_150179	947	1411	-1	4
k141_150179	1544	1768	-1	5
k141_150278	1	414	1	1
k141_150278	516	1376	1	2
k141_150278	1437	1952	-1	3
k141_150460	2	367	-1	1
k141_150460	370	1440	-1	2
k141_150460	1571	3619	1	3
k141_150482	3	1250	-1	1
k141_150482	1311	1574	-1	2
k141_150683	157	1284	1	1
k141_150683	1357	1521	1	2
k141_150853	1	1308	-1	1
k141_150853	1311	2192	-1	2
k141_150853	2204	2452	-1	3
k141_150853	2906	3916	1	4
k141_150853	4022	4765	1	5
k141_151122	3	245	1	1
k141_151122	226	747	1	2
k141_151122	770	1390	1	3
k141_151122	1416	2360	1	4
k141_151122	2536	3609	1	5
k141_151122	3669	3932	-1	6
k141_151122	4083	4565	1	7
k141_151122	4574	5011	-1	8
k141_151122	5515	6063	1	9
k141_151122	6069	6251	-1	10
k141_151901	3	1571	-1	1
k141_151901	1611	2108	-1	2
k141_152468	1	285	-1	1
k141_152468	282	656	-1	2
k141_152468	671	1273	-1	3
k141_152468	1297	1569	-1	4
k141_152857	1	1374	1	1
k141_152857	1433	2323	1	2
k141_153294	2	88	-1	1
k141_153294	218	856	-1	2
k141_153294	895	1683	-1	3
k141_153438	2	127	1	1
k141_153438	140	799	-1	2
k141_153438	789	1475	-1	3
k141_153438	1556	2185	1	4
k141_153438	2201	2977	-1	5
k141_153848	2	262	-1	1
k141_153848	259	1914	-1	2
k141_153848	2230	2568	1	3
k141_154119	22	1533	-1	1
k141_154119	1530	3242	-1	2
k141_154122	1	396	1	1
k141_154122	468	992	-1	2
k141_154122	1288	2028	-1	3
k141_154469	1	1047	1	1
k141_154469	1040	1693	1	2
k141_154661	1	975	-1	1
k141_154661	1131	1712	-1	2
k141_154661	1746	1937	-1	3
k141_154870	3	1535	-1	1
k141_154970	3	500	1	1
k141_154970	509	1036	-1	2
k141_154970	1023	1637	-1	3
k141_155104	149	1579	-1	1
k141_155140	3	482	1	1
k141_155140	573	1556	1	2
k141_155609	3	407	-1	1
k141_155609	459	1679	1	2
k141_155609	1758	3077	1	3
k141_155609	3070	3141	1	4
k141_155715	3	296	-1	1
k141_155715	326	1219	-1	2
k141_155715	1367	1741	-1	3
k141_156208	1	1161	-1	1
k141_156208	1689	2582	1	2
k141_156208	2720	3718	1	3
k141_156555	1	1257	1	1
k141_156555	1401	1850	1	2
k141_156560	2	1591	1	1
k141_156724	1	1305	1	1
k141_156724	1308	1703	1	2
k141_156724	1700	2239	1	3
k141_157242	2	280	1	1
k141_157242	280	1290	1	2
k141_157242	1412	2203	1	3
k141_157729	2	103	1	1
k141_157729	252	635	1	2
k141_157729	635	1186	1	3
k141_157729	1298	1729	1	4
k141_157729	1730	2425	1	5
k141_157729	2709	3236	1	6
k141_157729	3295	3675	1	7
k141_157729	3866	7975	1	8
k141_157729	8001	12251	1	9
k141_157729	12419	14146	1	10
k141_157729	14157	14735	1	11
k141_158039	1	123	-1	1
k141_158039	184	375	-1	2
k141_158039	372	950	-1	3
k141_158039	1061	1972	1	4
k141_158039	2034	2627	1	5
k141_158071	3	2480	1	1
k141_158138	1	393	-1	1
k141_158138	390	995	-1	2
k141_158138	1017	1667	-1	3
k141_158152	1	381	-1	1
k141_158152	550	966	-1	2
k141_158152	988	1872	-1	3
k141_158570	2	850	-1	1
k141_158570	873	1316	-1	2
k141_158570	1313	1537	-1	3
k141_158816	2	1849	-1	1
k141_158838	2	1168	1	1
k141_158838	1445	2299	1	2
k141_158838	2324	3583	1	3
k141_158838	3586	4179	1	4
k141_158838	4176	5594	1	5
k141_158877	3	320	1	1
k141_158877	389	1342	1	2
k141_158877	1412	2017	1	3
k141_159048	2	682	1	1
k141_159048	1273	1884	1	2
k141_159192	3	308	-1	1
k141_159192	328	861	-1	2
k141_159192	874	1857	-1	3
k141_159215	3	125	1	1
k141_159215	167	874	1	2
k141_159215	931	1191	1	3
k141_159215	1231	1941	-1	4
k141_159215	1981	2502	-1	5
k141_159215	2489	2722	-1	6
k141_159285	1	918	1	1
k141_159285	915	1844	-1	2
k141_159285	1841	1954	-1	3
k141_159310	2	430	-1	1
k141_159310	583	1164	-1	2
k141_159310	1319	1675	-1	3
k141_159539	2	1045	1	1
k141_159539	1042	1824	1	2
k141_159539	1835	2560	1	3
k141_159539	2599	2931	-1	4
k141_159806	343	669	-1	1
k141_159806	783	1643	-1	2
k141_159806	1648	1830	-1	3
k141_159806	2134	2820	1	4
k141_159904	1	855	1	1
k141_159904	858	2135	1	2
k141_159904	2148	2315	1	3
k141_159945	2	400	-1	1
k141_159945	678	1433	-1	2
k141_159945	1740	2450	1	3
k141_159945	2544	3197	1	4
k141_159945	3194	3454	1	5
k141_160328	3	404	-1	1
k141_160328	404	1537	-1	2
k141_160597	1	1152	1	1
k141_160597	1257	2336	-1	2
k141_160597	2421	2498	-1	3
k141_160834	60	254	-1	1
k141_160834	380	934	1	2
k141_160834	1098	1949	1	3
k141_160871	3	434	-1	1
k141_160871	839	2101	1	2
k141_160871	2126	2260	-1	3
k141_161258	2	301	1	1
k141_161258	291	1445	1	2
k141_161258	1447	2541	1	3
k141_161294	1	240	-1	1
k141_161294	233	1924	-1	2
k141_161294	1934	2761	-1	3
k141_161294	2914	3462	-1	4
k141_161294	3577	4305	1	5
k141_161319	2	442	1	1
k141_161319	503	1282	1	2
k141_161319	1292	1978	1	3
k141_161319	1975	2679	1	4
k141_161319	2702	3070	1	5
k141_161359	1	903	1	1
k141_161359	1176	1472	1	2
k141_161359	1539	1802	1	3
k141_161359	1802	2470	1	4
k141_161571	1	1386	1	1
k141_161571	1417	1938	-1	2
k141_161592	3	389	1	1
k141_161592	515	2629	1	2
k141_161935	3	110	-1	1
k141_161935	185	619	-1	2
k141_161935	714	1238	-1	3
k141_161935	1255	1914	-1	4
k141_161935	2032	2730	1	5
k141_162082	3	1766	1	1
k141_162136	2	820	-1	1
k141_162136	960	1709	1	2
k141_162136	1706	2104	1	3
k141_162136	2101	3048	1	4
k141_162136	3048	3344	1	5
k141_162230	35	1813	-1	1
k141_162261	2	439	-1	1
k141_162261	486	4028	-1	2
k141_162261	4241	4585	1	3
k141_162474	2	328	-1	1
k141_162474	363	1508	-1	2
k141_162474	1510	2148	-1	3
k141_162474	2218	3525	-1	4
k141_162474	3583	4794	-1	5
k141_162583	1	438	-1	1
k141_162583	497	721	-1	2
k141_162583	849	1190	-1	3
k141_162583	1232	1603	-1	4
k141_162583	1600	2007	-1	5
k141_162583	2004	2573	-1	6
k141_162583	2592	3350	-1	7
k141_162583	3481	3714	-1	8
k141_162629	1	1536	-1	1
k141_162629	1547	2089	-1	2
k141_162807	96	569	-1	1
k141_162807	577	885	-1	2
k141_162807	1030	1575	-1	3
k141_162842	3	1115	1	1
k141_162842	1112	3214	-1	2
k141_162842	3420	4979	1	3
k141_162842	4989	5456	-1	4
k141_162842	5453	6415	-1	5
k141_162842	6583	7845	-1	6
k141_162911	1	966	-1	1
k141_162911	1033	2346	-1	2
k141_162911	2426	2704	-1	3
k141_162911	2704	3465	-1	4
k141_162911	3478	5244	-1	5
k141_163222	2	385	1	1
k141_163222	411	770	1	2
k141_163222	778	1143	1	3
k141_163222	1154	1450	1	4
k141_163222	1487	1822	1	5
k141_163222	1899	2630	1	6
k141_163222	2627	2713	1	7
k141_163651	3	68	1	1
k141_163651	303	1406	1	2
k141_164081	93	737	-1	1
k141_164081	885	1688	1	2
k141_164706	1	567	-1	1
k141_164706	587	1345	-1	2
k141_164706	1355	1882	-1	3
k141_165271	2	1339	-1	1
k141_165271	1348	2367	-1	2
k141_165271	2364	2789	-1	3
k141_165403	3	749	1	1
k141_165403	754	1506	1	2
k141_165403	1662	1727	1	3
k141_165445	2	688	1	1
k141_165445	779	2035	1	2
k141_165445	2370	3974	1	3
k141_165445	4281	4538	1	4
k141_166050	29	1072	-1	1
k141_166050	1157	2242	-1	2
k141_166050	2239	2751	-1	3
k141_166050	2802	3605	-1	4
k141_166050	3602	4645	-1	5
k141_166105	1	1449	-1	1
k141_166105	1565	2173	-1	2
k141_166666	3	203	-1	1
k141_166666	187	957	-1	2
k141_166666	1712	3436	1	3
k141_166783	2	433	1	1
k141_166783	444	764	1	2
k141_166783	793	2298	1	3
k141_166848	3	1067	-1	1
k141_166848	1046	1501	-1	2
k141_166943	3	1436	1	1
k141_166943	1470	2183	1	2
k141_166943	2385	2702	-1	3
k141_166943	2699	3022	-1	4
k141_166943	3089	5299	-1	5
k141_167004	3	623	-1	1
k141_167004	861	1532	-1	2
k141_167004	1566	1877	-1	3
k141_167004	1915	2730	-1	4
k141_167124	3	92	-1	1
k141_167124	178	1629	-1	2
k141_167124	1652	2875	-1	3
k141_167132	3	89	-1	1
k141_167132	132	815	-1	2
k141_167132	861	2825	-1	3
k141_167132	2937	3611	1	4
k141_167132	3711	3905	1	5
k141_167293	2	2149	-1	1
k141_167429	1	675	-1	1
k141_167429	688	1707	-1	2
k141_167429	1714	1854	-1	3
k141_167720	2	1522	-1	1
k141_167820	2	82	1	1
k141_167820	115	693	-1	2
k141_167820	767	1918	1	3
k141_168281	2	265	1	1
k141_168281	503	631	-1	2
k141_168281	828	1769	1	3
k141_168378	3	890	1	1
k141_168378	900	2369	1	2
k141_168460	3	1607	-1	1
k141_168460	1802	2473	-1	2
k141_168460	2505	4259	-1	3
k141_168460	4844	5176	1	4
k141_168932	1	762	1	1
k141_168932	840	1952	1	2
k141_168932	2049	2756	1	3
k141_169462	2	3085	1	1
k141_169959	1	246	1	1
k141_169959	247	969	-1	2
k141_169959	966	1589	-1	3
k141_169977	3	692	-1	1
k141_169977	723	1838	-1	2
k141_170100	3	239	-1	1
k141_170100	379	1236	1	2
k141_170100	1324	1794	-1	3
k141_170100	2010	2165	-1	4
k141_170249	2	163	-1	1
k141_170249	160	609	-1	2
k141_170249	613	1293	-1	3
k141_170249	1290	1730	-1	4
k141_170249	1820	2107	-1	5
k141_170308	3	431	-1	1
k141_170308	489	1118	-1	2
k141_170308	1121	2380	-1	3
k141_170709	1	837	1	1
k141_170709	908	1807	1	2
k141_170709	1800	1973	-1	3
k141_170844	3	116	-1	1
k141_170844	123	1025	-1	2
k141_170844	1418	1900	1	3
k141_170850	1	330	1	1
k141_170850	469	828	-1	2
k141_170850	869	1291	-1	3
k141_170850	1317	2057	-1	4
k141_170850	2070	3116	-1	5
k141_170850	3207	3599	-1	6
k141_170850	3609	4040	-1	7
k141_170850	4443	4865	1	8
k141_170850	4862	5047	-1	9
k141_170927	1	498	-1	1
k141_170927	671	1798	-1	2
k141_170927	1848	2306	-1	3
k141_171537	2	463	1	1
k141_171537	480	1547	1	2
k141_171558	1	1896	1	1
k141_171783	3	1238	-1	1
k141_171783	1285	1560	1	2
k141_171783	1571	2176	-1	3
k141_172567	2	502	-1	1
k141_172567	576	1808	1	2
k141_172689	1	819	1	1
k141_172689	848	1168	-1	2
k141_172689	1205	1615	-1	3
k141_172923	3	506	-1	1
k141_172923	633	1256	1	2
k141_172923	1312	2337	-1	3
k141_173093	3	899	-1	1
k141_173093	978	2132	1	2
k141_173101	45	383	-1	1
k141_173101	422	2077	-1	2
k141_173101	2172	2729	1	3
k141_173467	3	68	1	1
k141_173467	81	1655	1	2
k141_173580	101	1642	-1	1
k141_173580	1655	3181	-1	2
k141_173600	2	727	-1	1
k141_173600	1011	1703	-1	2
k141_173600	1980	2222	-1	3
k141_173651	1	381	-1	1
k141_173651	430	1440	-1	2
k141_173651	1501	1674	-1	3
k141_173869	3	812	1	1
k141_173869	853	1563	1	2
k141_173965	3	632	1	1
k141_173965	629	1267	1	2
k141_173965	1278	1682	-1	3
k141_173965	1673	2554	-1	4
k141_174036	3	1397	1	1
k141_174036	1470	2138	1	2
k141_174036	2170	2436	1	3
k141_174114	1	420	1	1
k141_174114	417	1283	1	2
k141_174114	1294	1746	1	3
k141_174114	1754	1957	1	4
k141_174273	3	203	1	1
k141_174273	234	1028	-1	2
k141_174273	1031	1921	-1	3
k141_174388	3	896	-1	1
k141_174388	1147	1809	1	2
k141_174388	1891	2436	1	3
k141_174549	1	684	-1	1
k141_174549	694	2007	-1	2
k141_174549	2004	2762	-1	3
k141_174582	53	610	-1	1
k141_174582	607	1149	-1	2
k141_174582	1146	1955	-1	3
k141_174672	2	1069	1	1
k141_174672	1104	1946	-1	2
k141_174672	1957	3156	-1	3
k141_174759	1	534	-1	1
k141_174759	616	1722	1	2
k141_174871	3	1385	-1	1
k141_174871	1653	2183	-1	2
k141_174911	121	1689	1	1
k141_174911	1705	1797	-1	2
k141_175133	3	293	-1	1
k141_175133	489	1763	1	2
k141_175133	1832	2317	1	3
k141_175480	2	880	-1	1
k141_175480	882	1541	1	2
k141_175480	1657	3234	1	3
k141_175485	1	459	-1	1
k141_175485	498	884	-1	2
k141_175485	1085	1816	1	3
k141_175485	1833	2762	1	4
k141_176001	1	96	-1	1
k141_176001	109	480	-1	2
k141_176001	505	1230	-1	3
k141_176001	1519	1779	1	4
k141_176001	1813	1962	1	5
k141_176717	3	326	-1	1
k141_176717	331	762	-1	2
k141_176717	990	1565	-1	3
k141_176717	1579	1875	-1	4
k141_176717	2118	2312	-1	5
k141_177111	3	746	-1	1
k141_177111	978	1613	-1	2
k141_177111	1822	2475	1	3
k141_177111	2661	3662	1	4
k141_177111	3670	4755	1	5
k141_177111	4825	5223	-1	6
k141_177111	5356	6330	-1	7
k141_177111	6483	7106	-1	8
k141_177111	7269	7673	-1	9
k141_177111	7694	8059	-1	10
k141_177111	8096	8209	-1	11
k141_177111	8233	8451	-1	12
k141_177111	8470	9780	-1	13
k141_177111	9807	10241	-1	14
k141_177111	10261	10440	-1	15
k141_177111	10445	10966	-1	16
k141_177111	10978	11337	-1	17
k141_177111	11350	11883	-1	18
k141_177111	11912	12307	-1	19
k141_177111	12321	12626	-1	20
k141_177111	12634	13173	-1	21
k141_177111	13192	13506	-1	22
k141_177111	13516	13884	-1	23
k141_177111	14041	14313	-1	24
k141_177111	14310	14504	-1	25
k141_177111	14520	14936	-1	26
k141_177111	14920	15783	-1	27
k141_177111	15792	16121	-1	28
k141_177111	16131	16406	-1	29
k141_177111	16419	17246	-1	30
k141_177111	17248	17559	-1	31
k141_177111	17556	18173	-1	32
k141_177111	18176	18829	-1	33
k141_177111	18944	19255	-1	34
k141_177111	19322	20512	-1	35
k141_177377	54	605	-1	1
k141_177377	987	1814	1	2
k141_177377	1822	2214	1	3
k141_177834	2	1006	1	1
k141_177834	1019	1582	-1	2
k141_177834	1600	2955	1	3
k141_177926	2	232	-1	1
k141_177926	412	1011	1	2
k141_177926	1058	1750	1	3
k141_177950	2	571	1	1
k141_177950	483	1085	-1	2
k141_177950	1128	1514	1	3
k141_178254	3	1046	1	1
k141_178254	1051	1986	1	2
k141_178301	1	900	1	1
k141_178301	887	2068	-1	2
k141_178411	2	421	1	1
k141_178411	475	645	-1	2
k141_178411	802	1665	-1	3
k141_178438	154	360	-1	1
k141_178438	489	1538	1	2
k141_178578	3	743	-1	1
k141_178578	788	1960	-1	2
k141_178712	3	272	-1	1
k141_178712	278	1558	-1	2
k141_178778	2	955	1	1
k141_178778	1299	2714	1	2
k141_178778	2888	3358	1	3
k141_178778	3376	3627	1	4
k141_178999	2	259	-1	1
k141_178999	274	1131	-1	2
k141_178999	1145	2122	-1	3
k141_179215	2	811	1	1
k141_179215	813	1502	1	2
k141_179215	1528	1989	1	3
k141_179536	1	201	1	1
k141_179536	207	1580	1	2
k141_179536	1758	2786	1	3
k141_179536	2783	3727	1	4
k141_179536	3767	4060	1	5
k141_179536	4069	4563	1	6
k141_179860	1	354	1	1
k141_179860	372	782	1	2
k141_179860	900	1916	1	3
k141_179860	2083	3126	-1	4
k141_179860	3452	3988	-1	5
k141_180328	3	446	-1	1
k141_180328	484	1677	-1	2
k141_180365	2	292	-1	1
k141_180365	402	848	1	2
k141_180365	841	1134	1	3
k141_180365	1153	1623	-1	4
k141_180365	1798	1932	1	5
k141_180786	83	523	1	1
k141_180786	688	1263	1	2
k141_180786	1268	2173	-1	3
k141_180786	2313	2615	-1	4
k141_180902	1	192	-1	1
k141_180902	257	1270	-1	2
k141_180902	1421	2092	1	3
k141_180906	1	138	1	1
k141_180906	193	1296	-1	2
k141_180906	1421	1741	-1	3
k141_181418	1	1359	1	1
k141_181418	1376	1882	1	2
k141_181537	181	597	1	1
k141_181537	624	1031	1	2
k141_181537	1063	1737	1	3
k141_181537	1790	3010	1	4
k141_181537	3052	3573	1	5
k141_181650	35	1186	1	1
k141_181650	1327	1974	1	2
k141_182046	290	928	1	1
k141_182046	988	1254	-1	2
k141_182046	1321	1563	-1	3
k141_182284	125	1489	1	1
k141_182284	1599	1865	1	2
k141_182308	2	187	-1	1
k141_182308	464	1825	-1	2
k141_182308	2128	3330	1	3
k141_182669	3	104	1	1
k141_182669	126	746	1	2
k141_182669	748	1656	1	3
k141_182669	1668	1892	-1	4
k141_182720	3	3917	-1	1
k141_182951	2	379	1	1
k141_182951	407	1087	1	2
k141_182951	1056	2162	1	3
k141_182954	1	516	1	1
k141_182954	527	1318	1	2
k141_182954	1345	2229	1	3
k141_183103	1	480	-1	1
k141_183103	534	1577	-1	2
k141_183103	1618	2343	1	3
k141_183103	2415	2603	-1	4
k141_183129	1	600	-1	1
k141_183129	755	1417	-1	2
k141_183129	1538	1963	-1	3
k141_183872	224	1546	1	1
k141_183872	1685	2884	1	2
k141_183872	2898	3227	1	3
k141_183872	3250	4167	1	4
k141_183872	4175	4834	1	5
k141_183872	5033	6298	1	6
k141_183872	6435	6764	1	7
k141_183872	6837	7439	1	8
k141_184093	2	805	-1	1
k141_184093	848	1828	-1	2
k141_184093	1844	3259	-1	3
k141_184093	3350	3697	-1	4
k141_184361	2	859	1	1
k141_184361	965	2626	1	2
k141_185115	3	95	-1	1
k141_185115	92	547	-1	2
k141_185115	561	1205	-1	3
k141_185115	1226	1933	1	4
k141_185220	3	554	1	1
k141_185220	541	873	1	2
k141_185220	897	1745	1	3
k141_185220	1756	2850	1	4
k141_185220	2905	4203	1	5
k141_185220	4200	4499	1	6
k141_185220	4504	5784	1	7
k141_185220	5817	6179	1	8
k141_185220	6223	6537	1	9
k141_186559	2	256	1	1
k141_186559	273	2813	1	2
k141_186559	2815	3399	1	3
k141_186841	3	1748	-1	1
k141_187854	1	1890	-1	1
k141_188854	3	1232	-1	1
k141_188854	1390	2745	-1	2
k141_189154	3	2300	1	1
k141_189154	2306	2641	1	2
k141_189154	2641	2826	1	3
k141_189276	3	1379	-1	1
k141_189276	1575	2084	1	2
k141_189494	2	724	1	1
k141_189494	747	2180	1	2
k141_189494	2290	3423	1	3
k141_189494	3455	3634	1	4
k141_190109	220	591	1	1
k141_190109	796	1365	1	2
k141_190109	1440	2594	1	3
k141_190109	2642	3238	1	4
k141_190109	3289	3432	1	5
k141_190109	3505	3999	1	6
k141_190109	3996	4103	1	7
k141_190623	187	801	-1	1
k141_190623	1093	1380	1	2
k141_190623	1377	1772	1	3
k141_190664	1	1254	-1	1
k141_190664	1251	1475	-1	2
k141_190664	1500	1829	1	3
k141_190664	1826	4060	-1	4
k141_190664	4521	5603	1	5
k141_190664	5600	6208	1	6
k141_191927	3	809	1	1
k141_191927	862	1248	1	2
k141_191927	1287	1685	1	3
k141_191927	1840	1974	-1	4
k141_191927	2099	2221	1	5
k141_191947	2	694	-1	1
k141_191947	807	1130	-1	2
k141_191947	1402	2478	1	3
k141_191947	2424	2681	-1	4
k141_192101	3	242	1	1
k141_192101	229	1620	1	2
k141_192101	1816	2271	1	3
k141_192150	1	567	-1	1
k141_192150	633	1424	-1	2
k141_192150	1424	1555	-1	3
k141_192359	2	946	-1	1
k141_192359	1045	1887	-1	2
k141_192359	1900	3054	-1	3
k141_192359	3070	3300	-1	4
k141_192562	1	96	1	1
k141_192562	57	971	-1	2
k141_192562	1339	2106	1	3
k141_192749	2	754	1	1
k141_192749	780	1685	1	2
k141_194081	3	530	1	1
k141_194081	648	2432	1	2
k141_194081	2456	2719	-1	3
k141_194081	2727	3221	-1	4
k141_194081	3240	3584	-1	5
k141_194452	34	543	-1	1
k141_194452	685	1536	1	2
k141_194565	1	942	1	1
k141_194565	1055	1669	1	2
k141_194601	3	836	-1	1
k141_194601	833	1471	-1	2
k141_194601	1506	1757	-1	3
k141_194615	2	1834	-1	1
k141_194719	3	752	1	1
k141_194719	757	1701	1	2
k141_194719	1698	1964	1	3
k141_194789	1	282	-1	1
k141_194789	676	1143	1	2
k141_194789	1256	2170	1	3
k141_194894	2	76	-1	1
k141_194894	140	2200	1	2
k141_194894	2222	2686	1	3
k141_194894	2727	2948	1	4
k141_194894	2935	3249	-1	5
k141_194998	2	145	1	1
k141_194998	162	1823	1	2
k141_194998	1897	2634	1	3
k141_195588	3	599	-1	1
k141_195588	818	1210	1	2
k141_195588	1246	1608	1	3
k141_195588	1636	2124	1	4
k141_195695	3	1265	-1	1
k141_195695	1342	2172	-1	2
k141_195695	2303	2383	1	3
k141_195720	16	1044	1	1
k141_195720	1266	2423	1	2
k141_195720	2501	4111	1	3
k141_195720	4122	4277	1	4
k141_195720	4279	4902	1	5
k141_195720	4909	4998	1	6
k141_195879	47	1756	-1	1
k141_195879	1977	2453	-1	2
k141_195879	2499	2870	-1	3
k141_195879	3319	4542	1	4
k141_195879	4569	5879	1	5
k141_195879	5887	6216	1	6
k141_196015	1	117	1	1
k141_196015	130	882	-1	2
k141_196015	909	1178	-1	3
k141_196015	1181	1957	-1	4
k141_196015	1959	2252	-1	5
k141_196490	2	676	1	1
k141_196490	673	867	1	2
k141_196490	938	1132	-1	3
k141_196490	1420	1569	1	4
k141_196804	3	689	-1	1
k141_196804	926	1387	1	2
k141_196804	1411	1887	1	3
k141_196861	1	1320	-1	1
k141_196861	1458	1571	-1	2
k141_197742	3	812	-1	1
k141_197742	809	1795	-1	2
k141_197823	1	1851	-1	1
k141_197823	2096	2638	-1	2
k141_197875	2	418	1	1
k141_197875	466	1161	1	2
k141_197875	1168	1734	1	3
k141_197941	3	773	-1	1
k141_197941	853	1119	-1	2
k141_197941	1404	2552	-1	3
k141_198058	2	100	-1	1
k141_198058	116	1429	-1	2
k141_198058	1614	2192	-1	3
k141_198242	2	253	-1	1
k141_198242	334	957	-1	2
k141_198242	954	2180	-1	3
k141_198242	2234	2701	-1	4
k141_198485	1	720	1	1
k141_198485	1268	1843	1	2
k141_198485	1797	2069	1	3
k141_198628	1	1266	-1	1
k141_198628	1296	1631	-1	2
k141_198719	131	1045	-1	1
k141_198719	1165	1968	-1	2
k141_198719	2142	2354	1	3
k141_199178	3	611	1	1
k141_199178	615	1310	-1	2
k141_199178	1303	2019	-1	3
k141_199178	2083	2355	1	4
k141_199178	2447	3019	-1	5
k141_199477	16	645	1	1
k141_199477	667	1971	1	2
k141_199477	1998	2876	1	3
k141_199477	2979	3590	1	4
k141_199477	3609	4094	1	5
k141_199628	3	488	1	1
k141_199628	531	947	-1	2
k141_199628	1005	2006	-1	3
k141_199628	2239	2880	-1	4
k141_199874	1	351	-1	1
k141_199874	435	1640	1	2
k141_199874	1688	2191	1	3
k141_199898	3	260	-1	1
k141_199898	387	998	1	2
k141_199898	1087	2115	1	3
k141_199898	2120	2488	1	4
k141_199898	2493	3404	-1	5
k141_200210	1	303	-1	1
k141_200210	296	1033	-1	2
k141_200210	1014	2009	-1	3
k141_200210	2006	2488	-1	4
k141_200488	1	144	1	1
k141_200488	509	1933	-1	2
k141_200488	2250	3452	1	3
k141_200488	3466	5919	1	4
k141_200519	2	61	-1	1
k141_200519	64	627	-1	2
k141_200519	672	1028	-1	3
k141_200519	1089	1517	-1	4
k141_200630	2	157	-1	1
k141_200630	161	1972	-1	2
k141_200630	2007	2147	-1	3
k141_201116	1	225	1	1
k141_201116	227	1213	-1	2
k141_201116	1234	2187	-1	3
k141_201116	2202	2774	-1	4
k141_201481	1	699	1	1
k141_201481	708	1178	1	2
k141_201481	1190	1375	1	3
k141_201481	1406	1909	1	4
k141_201481	1934	2713	1	5
k141_201481	2719	2874	1	6
k141_201588	1	558	1	1
k141_201588	601	1527	-1	2
k141_201588	1559	3169	-1	3
k141_201663	2	1117	1	1
k141_201663	1114	2169	1	2
k141_201663	2188	2592	-1	3
k141_201777	1	660	1	1
k141_201777	776	1342	1	2
k141_201777	1353	3173	1	3
k141_202135	2	403	1	1
k141_202135	413	886	1	2
k141_202135	943	1383	1	3
k141_202135	1396	1608	-1	4
k141_202157	1	864	1	1
k141_202157	870	1679	1	2
k141_202157	1694	2149	1	3
k141_202157	2166	2729	1	4
k141_202277	1	1761	1	1
k141_202309	1	195	1	1
k141_202309	274	1047	-1	2
k141_202309	1247	2614	1	3
k141_202309	2611	3036	1	4
k141_202309	3045	3266	-1	5
k141_202439	2	973	1	1
k141_202439	997	1881	1	2
k141_202870	1	1188	-1	1
k141_202870	1285	1557	-1	2
k141_202936	1	720	-1	1
k141_202936	758	1312	-1	2
k141_202936	1428	1574	-1	3
k141_203021	3	1046	-1	1
k141_203021	1387	2538	1	2
k141_203021	2535	3032	1	3
k141_203241	3	872	-1	1
k141_203241	899	2350	-1	2
k141_203241	2450	3331	-1	3
k141_203241	3682	4101	1	4
k141_203241	4122	4568	1	5
k141_203618	1	234	-1	1
k141_203618	231	587	-1	2
k141_203618	672	1001	-1	3
k141_203618	1172	1405	-1	4
k141_203618	1525	1734	-1	5
k141_204167	1	864	-1	1
k141_204167	948	1304	1	2
k141_204167	1314	2309	1	3
k141_204167	2311	2439	1	4
k141_204188	1	684	1	1
k141_204188	742	1605	1	2
k141_204188	1624	3156	1	3
k141_204299	3	110	1	1
k141_204299	180	1175	1	2
k141_204299	1139	1942	-1	3
k141_204299	1972	3105	-1	4
k141_204299	3119	3736	-1	5
k141_204617	2	505	1	1
k141_204617	892	2595	1	2
k141_204617	2617	3045	1	3
k141_205080	2	628	-1	1
k141_205080	645	1523	-1	2
k141_205114	2	352	-1	1
k141_205114	414	1379	-1	2
k141_205263	1	234	-1	1
k141_205263	389	1648	-1	2
k141_205281	41	703	-1	1
k141_205281	775	1698	-1	2
k141_205555	178	1824	-1	1
k141_205555	1869	2486	-1	2
k141_205555	2508	2963	-1	3
k141_205555	3072	3809	-1	4
k141_205555	3847	4518	-1	5
k141_205555	4564	5184	-1	6
k141_205555	5199	5582	-1	7
k141_205697	1	582	1	1
k141_205697	579	1550	1	2
k141_206466	2	1261	-1	1
k141_206466	1384	2253	-1	2
k141_206466	2336	2902	-1	3
k141_206502	2	1825	1	1
k141_206735	3	1589	1	1
k141_206735	1609	2721	1	2
k141_207075	3	1610	-1	1
k141_207775	2	946	-1	1
k141_207775	1079	1777	-1	2
k141_207775	1781	2530	-1	3
k141_207985	120	383	-1	1
k141_207985	553	1326	-1	2
k141_207985	1469	1888	1	3
k141_208182	2	862	1	1
k141_208182	1040	2407	1	2
k141_208182	2431	2625	-1	3
k141_209134	1	618	1	1
k141_209134	602	1303	1	2
k141_209134	1321	1767	1	3
k141_209618	6	425	-1	1
k141_209618	422	1432	-1	2
k141_209618	1453	1986	-1	3
k141_209763	3	134	-1	1
k141_209763	146	595	-1	2
k141_209763	730	1104	-1	3
k141_209763	1250	2833	1	4
k141_209897	2	178	-1	1
k141_209897	201	1613	-1	2
k141_209897	1610	2260	-1	3
k141_210125	3	413	1	1
k141_210125	471	1292	1	2
k141_210125	1303	1953	1	3
k141_210125	1961	2968	1	4
k141_210582	3	839	-1	1
k141_210582	951	1979	1	2
k141_210582	1981	2340	1	3
k141_210820	2	487	-1	1
k141_210820	587	811	-1	2
k141_210820	1036	1902	-1	3
k141_211119	85	867	1	1
k141_211119	930	1601	1	2
k141_211119	1650	2423	1	3
k141_211119	2420	2809	1	4
k141_211124	1	858	1	1
k141_211124	871	2283	-1	2
k141_211280	1	123	-1	1
k141_211280	113	1087	-1	2
k141_211280	1102	1821	-1	3
k141_211714	1	1389	1	1
k141_211714	1401	3347	-1	2
k141_211714	3489	3806	1	3
k141_211794	2	1744	1	1
k141_211794	1839	2324	-1	2
k141_211794	2476	2799	1	3
k141_211948	262	1134	1	1
k141_211948	1208	1516	-1	2
k141_211948	1764	2927	1	3
k141_212213	1	297	1	1
k141_212213	392	1906	-1	2
k141_212493	3	689	1	1
k141_212493	736	1194	1	2
k141_212493	1369	4059	1	3
k141_213269	3	983	-1	1
k141_213269	1115	2020	-1	2
k141_213269	2030	2536	-1	3
k141_213269	2598	3197	-1	4
k141_213269	3288	3617	1	5
k141_213269	3655	4197	-1	6
k141_213269	4256	4732	1	7
k141_213269	4748	5143	-1	8
k141_213351	3	302	-1	1
k141_213351	387	758	-1	2
k141_213351	841	2361	-1	3
k141_213361	2	163	-1	1
k141_213361	460	1302	1	2
k141_213361	1435	2502	1	3
k141_213361	2499	2906	1	4
k141_213745	3	584	-1	1
k141_213745	896	1702	-1	2
k141_213762	2	646	-1	1
k141_213762	696	1355	-1	2
k141_213762	1361	1957	-1	3
k141_213762	1960	3027	-1	4
k141_213762	3056	4357	-1	5
k141_213762	4354	4545	-1	6
k141_213784	1	132	1	1
k141_213784	229	846	1	2
k141_213784	970	1578	-1	3
k141_213784	1608	1907	-1	4
k141_213877	1	123	-1	1
k141_213877	129	1610	-1	2
k141_213877	1607	2305	-1	3
k141_213899	1	1089	-1	1
k141_213899	1321	2952	1	2
k141_213944	1	1986	1	1
k141_213944	2088	2411	1	2
k141_214048	3	287	-1	1
k141_214048	377	1489	-1	2
k141_214048	1464	2045	-1	3
k141_214048	2042	2842	-1	4
k141_214252	1	309	-1	1
k141_214252	515	1132	1	2
k141_214252	1137	1475	1	3
k141_214252	1472	1951	1	4
k141_214252	1965	2411	1	5
k141_214260	2	766	1	1
k141_214260	760	1356	1	2
k141_214260	1353	2330	1	3
k141_214616	11	1729	-1	1
k141_214956	3	1175	-1	1
k141_214956	1213	1482	-1	2
k141_214956	1507	1971	-1	3
k141_214956	1968	2432	-1	4
k141_215081	3	836	-1	1
k141_215081	954	1889	-1	2
k141_215081	1882	2058	-1	3
k141_215081	2068	2685	-1	4
k141_215081	2704	4131	-1	5
k141_215081	4258	4455	-1	6
k141_215081	4468	5223	-1	7
k141_215101	3	452	-1	1
k141_215101	454	1788	-1	2
k141_215465	3	809	1	1
k141_215465	817	1737	1	2
k141_215465	1739	2599	1	3
k141_215465	2649	4007	1	4
k141_215465	4063	4440	1	5
k141_215465	4427	4609	1	6
k141_215755	1	1062	-1	1
k141_215755	1123	2910	1	2
k141_215755	2907	3287	1	3
k141_215755	3284	3757	1	4
k141_215919	1	813	1	1
k141_215919	826	1629	-1	2
k141_215919	1643	2230	-1	3
k141_216576	3	1610	1	1
k141_217120	2	337	1	1
k141_217120	319	1104	1	2
k141_217120	1219	1512	1	3
k141_217120	1580	1816	-1	4
k141_217252	2	589	1	1
k141_217252	586	1188	1	2
k141_217252	1220	1666	-1	3
k141_217418	3	815	1	1
k141_217418	851	2503	1	2
k141_217999	61	1743	-1	1
k141_217999	1748	2764	-1	2
k141_218077	2	745	-1	1
k141_218077	742	1629	-1	2
k141_218077	1833	2690	1	3
k141_218283	3	308	1	1
k141_218283	313	1644	-1	2
k141_218283	1671	2600	-1	3
k141_218283	2597	3142	-1	4
k141_218590	1	558	1	1
k141_218590	726	1991	1	2
k141_218593	3	779	-1	1
k141_218593	776	1639	-1	2
k141_218593	1716	1922	-1	3
k141_218784	2	2143	-1	1
k141_218785	3	1109	1	1
k141_218785	1146	1826	1	2
k141_218785	1928	2374	-1	3
k141_218785	2436	3884	-1	4
k141_218785	4011	4619	1	5
k141_218785	4638	5141	-1	6
k141_219755	3	260	1	1
k141_219755	291	755	-1	2
k141_219755	905	1219	-1	3
k141_219755	1405	1686	1	4
k141_219755	1709	1918	-1	5
k141_219802	2	85	-1	1
k141_219802	82	711	-1	2
k141_219802	713	1474	1	3
k141_219802	1495	1926	-1	4
k141_219802	2067	2465	1	5
k141_219802	2466	3503	-1	6
k141_219892	2	532	1	1
k141_219892	665	1126	1	2
k141_219892	1216	2349	-1	3
k141_219892	2590	3297	1	4
k141_220040	3	605	-1	1
k141_220040	731	1318	1	2
k141_220040	1302	1724	1	3
k141_220040	1699	2133	1	4
k141_220285	3	1193	-1	1
k141_220285	1468	1593	1	2
k141_220340	3	1514	1	1
k141_220357	7	1056	-1	1
k141_220357	1096	1755	1	2
k141_220357	1629	2054	-1	3
k141_220383	65	487	-1	1
k141_220383	512	1579	-1	2
k141_220622	3	1031	-1	1
k141_220622	1120	1566	-1	2
k141_220622	1670	1882	-1	3
k141_220622	2011	2721	-1	4
k141_221446	2	508	1	1
k141_221446	528	1520	1	2
k141_221531	1	1266	-1	1
k141_221531	1457	2227	1	2
k141_221934	1	399	-1	1
k141_221934	396	1277	-1	2
k141_221934	1458	1637	1	3
k141_221956	1	978	1	1
k141_221956	1003	1629	1	2
k141_221956	1721	2866	1	3
k141_221956	2876	3373	1	4
k141_221956	3366	3860	1	5
k141_221956	3890	4864	1	6
k141_221956	4910	5080	1	7
k141_222051	3	653	-1	1
k141_222051	819	1664	-1	2
k141_222083	1	522	1	1
k141_222083	702	1178	1	2
k141_222083	1171	1686	1	3
k141_222083	1706	2206	-1	4
k141_222083	2225	2869	1	5
k141_222083	2994	4667	1	6
k141_222153	3	1703	1	1
k141_222166	3	1175	-1	1
k141_222166	1409	1642	1	2
k141_222234	3	2096	-1	1
k141_222234	2238	2873	1	2
k141_222234	2896	3381	1	3
k141_222234	3415	3963	-1	4
k141_222234	4106	4735	-1	5
k141_222312	2	157	-1	1
k141_222312	258	662	-1	2
k141_222312	793	1599	-1	3
k141_222312	2043	2369	1	4
k141_222312	2413	2967	1	5
k141_222312	3211	4065	1	6
k141_222312	4066	4374	1	7
k141_222381	107	574	-1	1
k141_222381	876	1241	-1	2
k141_222381	1253	1486	-1	3
k141_222381	1990	2964	1	4
k141_222398	3	344	-1	1
k141_222398	372	590	-1	2
k141_222398	600	1523	-1	3
k141_222398	1773	2147	1	4
k141_222444	251	1417	-1	1
k141_222444	1572	1832	-1	2
k141_222657	3	1538	1	1
k141_222665	3	590	-1	1
k141_222665	707	1597	1	2
k141_222665	1683	1886	-1	3
k141_222665	2284	2547	1	4
k141_222665	2633	3508	1	5
k141_222665	3505	4140	-1	6
k141_222665	4156	4851	-1	7
k141_222665	4848	4940	-1	8
k141_222669	3	1082	1	1
k141_222669	1079	2164	1	2
k141_222782	1	582	1	1
k141_222782	605	1075	1	2
k141_222782	1114	1605	1	3
k141_222915	2	307	-1	1
k141_222915	380	2050	1	2
k141_222915	2047	2670	1	3
k141_222933	1	1329	1	1
k141_222933	1525	1929	1	2
k141_222933	2115	3725	1	3
k141_222933	3778	4296	1	4
k141_223275	3	656	1	1
k141_223275	649	1311	1	2
k141_223275	1355	1561	1	3
