Contig	Start	End	Strand	Pos
k63_857106	1	1860	-1	1
k63_857106	1964	3184	-1	2
k63_857106	3190	4227	-1	3
k63_857106	4232	4555	-1	4
k63_214332	1	363	1	1
k63_214332	368	1366	1	2
k63_214332	1363	2499	1	3
k63_321499	1	405	1	1
k63_321499	402	1898	-1	2
k63_321499	1892	2125	-1	3
k63_321499	2132	2314	-1	4
k63_1285738	1	333	-1	1
k63_1285738	321	1016	-1	2
k63_1285738	1030	1581	-1	3
k63_1285828	3	806	-1	1
k63_1285828	803	2131	-1	2
k63_1393078	84	959	1	1
k63_1393078	972	1904	1	2
k63_1393078	1906	2688	1	3
k63_1393078	2691	3431	1	4
k63_322039	2	631	-1	1
k63_322039	736	1467	-1	2
k63_322039	1469	2218	-1	3
k63_107603	2	316	-1	1
k63_107603	327	764	-1	2
k63_107603	955	1596	1	3
k63_1393414	1	246	-1	1
k63_1393414	307	1590	-1	2
k63_1393446	1	1041	-1	1
k63_1393446	1051	1563	-1	2
k63_644032	16	978	-1	1
k63_644032	1158	2618	1	2
k63_644032	2688	3272	1	3
k63_848	3	506	-1	1
k63_848	620	1615	1	2
k63_848	1612	2751	1	3
k63_848	2829	3539	1	4
k63_215042	270	875	1	1
k63_215042	872	2155	-1	2
k63_215042	2248	3474	-1	3
k63_215042	3467	4147	-1	4
k63_537307	1	1512	-1	1
k63_322539	1	375	1	1
k63_322539	468	2534	-1	2
k63_1072514	19	522	-1	1
k63_1072514	538	1083	-1	2
k63_1072514	1123	3165	-1	3
k63_1072514	3201	3758	-1	4
k63_1072514	3762	4106	-1	5
k63_429751	1	807	1	1
k63_429751	856	1164	1	2
k63_429751	1235	1486	-1	3
k63_429751	1548	2141	1	4
k63_429751	2155	2403	1	5
k63_429751	2408	3466	1	6
k63_429751	3488	5083	1	7
k63_429751	5108	5332	1	8
k63_429751	5329	5595	1	9
k63_429751	5704	6207	1	10
k63_965364	2	1366	-1	1
k63_965364	1433	3811	-1	2
k63_1394034	1	177	-1	1
k63_1394034	167	1444	-1	2
k63_1394034	1648	2832	-1	3
k63_1394034	2834	4033	-1	4
k63_965460	1	1248	1	1
k63_965460	1226	1603	-1	2
k63_965460	1611	2219	-1	3
k63_965460	2249	2920	-1	4
k63_965460	3067	3822	-1	5
k63_645020	2	316	1	1
k63_645020	370	2124	1	2
k63_645020	2248	2913	1	3
k63_645028	389	706	-1	1
k63_645028	824	1135	-1	2
k63_645028	1175	2506	-1	3
k63_1287019	1	720	-1	1
k63_1287019	854	1894	1	2
k63_1287019	1974	2225	1	3
k63_1072965	1	711	1	1
k63_1072965	708	2033	1	2
k63_1287185	3	380	1	1
k63_1287185	619	2721	-1	2
k63_1287185	3372	3611	1	3
k63_537812	3	74	-1	1
k63_537812	93	1766	-1	2
k63_537812	1831	2772	-1	3
k63_645259	1	90	-1	1
k63_645259	90	1238	-1	2
k63_645259	1242	1532	-1	3
k63_645259	1584	2867	-1	4
k63_645259	3053	4732	-1	5
k63_645259	4767	5060	-1	6
k63_645259	5215	5658	1	7
k63_645259	5659	8208	-1	8
k63_645259	8216	8833	-1	9
k63_645259	8919	9047	-1	10
k63_645259	9034	9324	-1	11
k63_430144	3	416	-1	1
k63_430144	426	1841	-1	2
k63_430144	1854	2039	-1	3
k63_215690	14	826	1	1
k63_215690	849	1895	1	2
k63_215690	1892	2854	1	3
k63_108506	2	1093	1	1
k63_108506	1130	2050	1	2
k63_1180352	1	1092	-1	1
k63_1180352	1224	2054	1	2
k63_1180352	2055	3074	1	3
k63_1180352	3316	3567	1	4
k63_1180352	3634	5640	-1	5
k63_1180352	5765	5866	1	6
k63_215884	3	1001	-1	1
k63_215884	1072	2400	-1	2
k63_215884	2400	3161	-1	3
k63_2169	3	212	-1	1
k63_2169	240	935	-1	2
k63_2169	1037	2647	-1	3
k63_2169	2654	3829	-1	4
k63_2169	3866	4549	-1	5
k63_2169	4554	5009	-1	6
k63_2169	5017	6099	-1	7
k63_2169	6099	7373	-1	8
k63_2169	7383	8252	-1	9
k63_2169	8330	9421	1	10
k63_2169	9418	11256	-1	11
k63_430441	2	427	1	1
k63_430441	440	727	1	2
k63_430441	724	1110	1	3
k63_430441	1205	1606	-1	4
k63_538116	1	1401	1	1
k63_538116	1396	2043	-1	2
k63_538116	2139	2999	-1	3
k63_430542	3	713	-1	1
k63_430542	1097	2083	1	2
k63_430542	2090	2968	-1	3
k63_1073459	2	277	1	1
k63_1073459	300	1283	-1	2
k63_1073459	1361	2377	-1	3
k63_1073459	2374	2481	-1	4
k63_1073459	3229	3456	-1	5
k63_108839	3	341	-1	1
k63_108839	457	1983	-1	2
k63_108839	2130	2954	-1	3
k63_108839	3016	4014	-1	4
k63_108839	4086	4205	-1	5
k63_1287808	2	928	-1	1
k63_1287808	1291	2898	1	2
k63_1287808	2983	3507	1	3
k63_1394909	2	1021	1	1
k63_1394909	1054	1419	1	2
k63_1394909	1502	2335	1	3
k63_1394909	2332	2715	1	4
k63_323641	2	451	-1	1
k63_323641	620	2131	1	2
k63_1395058	1	228	1	1
k63_1395058	350	1180	1	2
k63_1395058	1177	1737	1	3
k63_966382	3	794	-1	1
k63_966382	791	1858	-1	2
k63_966382	1852	2448	-1	3
k63_966382	2878	3138	-1	4
k63_966382	3224	4498	-1	5
k63_966382	4889	5572	-1	6
k63_966382	5627	6292	-1	7
k63_966382	6516	6800	1	8
k63_1073708	1	2100	-1	1
k63_1073708	2085	2762	-1	2
k63_1073708	2759	3175	-1	3
k63_1073708	3177	3647	-1	4
k63_1073708	3715	4734	-1	5
k63_1073708	4854	5312	1	6
k63_216502	1	228	1	1
k63_216502	479	1240	-1	2
k63_216502	1534	2022	-1	3
k63_216502	2071	2484	-1	4
k63_859345	3	527	1	1
k63_859345	532	1335	-1	2
k63_859345	1350	1664	-1	3
k63_323810	3	494	1	1
k63_323810	506	1270	1	2
k63_323810	1383	1766	1	3
k63_859380	55	231	-1	1
k63_859380	715	1572	-1	2
k63_859380	1523	2230	-1	3
k63_859380	2236	3081	-1	4
k63_109233	1	396	1	1
k63_109233	440	925	-1	2
k63_109233	1169	2464	1	3
k63_966796	1	516	-1	1
k63_966796	537	1568	-1	2
k63_324009	152	1285	-1	1
k63_324009	1301	1978	-1	2
k63_324009	2007	2786	-1	3
k63_324009	2779	3063	-1	4
k63_324009	3219	3752	1	5
k63_752529	2	1144	1	1
k63_752529	1147	1503	1	2
k63_538985	3	323	1	1
k63_538985	339	2234	-1	2
k63_538985	2413	2733	-1	3
k63_538985	2950	4215	-1	4
k63_538985	4351	4536	-1	5
k63_538985	4757	5524	-1	6
k63_1074053	3	122	1	1
k63_1074053	119	1066	1	2
k63_1074053	1261	1980	1	3
k63_1074053	2412	3608	1	4
k63_1074053	3559	4374	1	5
k63_1074053	4568	5461	1	6
k63_1395633	2	652	-1	1
k63_1395633	802	2400	-1	2
k63_216823	1	1095	1	1
k63_216823	1215	3110	1	2
k63_216823	3107	3187	-1	3
k63_1503000	106	2532	1	1
k63_1503000	2546	3511	1	2
k63_1503000	3498	3620	1	3
k63_1288615	3	1070	-1	1
k63_1288615	1149	2288	1	2
k63_1288615	2301	3155	1	3
k63_1288615	3191	3520	1	4
k63_859977	1	714	1	1
k63_859977	714	1592	1	2
k63_967219	1	798	-1	1
k63_967219	795	3434	-1	2
k63_967219	3445	6633	-1	3
k63_967219	6860	7354	-1	4
k63_967219	7462	9024	-1	5
k63_967219	9028	9768	-1	6
k63_967219	9765	10649	-1	7
k63_1288726	1	384	1	1
k63_1288726	433	2307	1	2
k63_1288726	2323	3339	1	3
k63_1288726	3354	3872	1	4
k63_1288726	3924	4406	1	5
k63_1288726	4418	4654	-1	6
k63_1288726	4667	5626	-1	7
k63_1288726	5703	8033	-1	8
k63_1288726	8189	8359	1	9
k63_1503294	2	622	-1	1
k63_1503294	826	1917	1	2
k63_1503294	1987	2757	1	3
k63_860354	3	4910	1	1
k63_860354	4907	5560	1	2
k63_860354	5634	5759	1	3
k63_753135	1	201	-1	1
k63_753135	318	2132	-1	2
k63_753174	1	129	1	1
k63_753174	129	1106	1	2
k63_753174	1225	1875	1	3
k63_967619	1	1035	-1	1
k63_967619	1279	2652	-1	2
k63_967619	2669	3448	-1	3
k63_967619	3452	3799	-1	4
k63_967619	3741	4856	-1	5
k63_967619	4889	5347	-1	6
k63_1289071	1	1479	-1	1
k63_1289071	1633	1812	-1	2
k63_1289071	1790	1936	-1	3
k63_1289071	2156	2314	1	4
k63_1289071	2563	4368	1	5
k63_1289071	4389	5021	1	6
k63_3658	205	1425	1	1
k63_967719	151	636	-1	1
k63_967719	1141	2595	-1	2
k63_967719	2592	3047	-1	3
k63_753333	2	1549	-1	1
k63_753333	1990	2550	1	2
k63_1289275	1	1755	-1	1
k63_1289275	1939	2328	-1	2
k63_1289275	2328	2408	-1	3
k63_1503780	1	585	-1	1
k63_1503780	878	1093	-1	2
k63_1503780	1243	1470	-1	3
k63_1503780	1528	2292	-1	4
k63_647138	3	605	1	1
k63_647138	626	1534	1	2
k63_647138	1552	2364	1	3
k63_968223	3	773	1	1
k63_968223	770	2458	1	2
k63_968223	2542	2817	1	3
k63_968312	2	1141	1	1
k63_968312	1138	1974	1	2
k63_968312	1971	2648	-1	3
k63_110598	1	2469	-1	1
k63_110598	2619	3242	1	2
k63_647541	3	371	-1	1
k63_647541	460	1548	1	2
k63_647541	1558	2118	1	3
k63_1289661	2	274	-1	1
k63_1289661	267	632	-1	2
k63_1289661	642	1949	-1	3
k63_1289661	1969	2895	-1	4
k63_1289661	2849	3832	-1	5
k63_1289661	3855	4676	-1	6
k63_647872	1	93	1	1
k63_647872	90	884	1	2
k63_647872	935	2443	1	3
k63_647872	2924	3058	1	4
k63_4790	3	1214	1	1
k63_4790	1222	1746	1	2
k63_4790	1757	1906	-1	3
k63_4790	1903	4230	-1	4
k63_325712	1	654	-1	1
k63_325712	742	1395	1	2
k63_325712	1502	2149	1	3
k63_1075452	1	495	-1	1
k63_1075452	508	1803	-1	2
k63_1397048	3	800	-1	1
k63_1397048	858	2171	-1	2
k63_968908	1	2067	-1	1
k63_968908	2086	2559	-1	2
k63_968908	2627	3136	-1	3
k63_968908	3233	4303	1	4
k63_968908	4306	5646	1	5
k63_968908	5653	7104	1	6
k63_968908	7101	8255	1	7
k63_968908	8260	8388	-1	8
k63_968908	8487	9626	1	9
k63_968908	9634	11088	1	10
k63_968908	11126	11251	1	11
k63_968908	11255	11455	-1	12
k63_648203	1	489	1	1
k63_648203	502	1278	1	2
k63_648203	1402	1761	-1	3
k63_754660	1	1215	1	1
k63_754660	1286	1831	-1	2
k63_1183354	3	917	1	1
k63_1183354	985	2109	1	2
k63_862039	2	880	-1	1
k63_862039	892	1215	-1	2
k63_862039	1228	1512	-1	3
k63_111501	2	1621	-1	1
k63_111501	2084	2881	-1	2
k63_111501	3142	3810	-1	3
k63_218662	1	438	1	1
k63_218662	671	1060	1	2
k63_218662	1047	1340	1	3
k63_218662	1402	2196	-1	4
k63_218662	2201	2764	-1	5
k63_1290277	3	317	1	1
k63_1290277	314	1684	1	2
k63_1290277	1681	2820	-1	3
k63_754870	180	1832	1	1
k63_754870	1738	2379	-1	2
k63_754870	2497	2748	-1	3
k63_754870	2866	4869	-1	4
k63_754870	5014	6987	1	5
k63_754870	7012	7659	-1	6
k63_111638	2	484	-1	1
k63_111638	506	2311	-1	2
k63_1504863	1	435	1	1
k63_1504863	453	1886	1	2
k63_1504863	2054	3229	-1	3
k63_1504863	3268	3693	-1	4
k63_1076026	2	907	1	1
k63_1076026	995	2056	1	2
k63_1076026	2060	2653	-1	3
k63_862494	2	199	1	1
k63_862494	277	471	1	2
k63_862494	533	1495	1	3
k63_862494	1497	2507	1	4
k63_862494	2500	4641	1	5
k63_862494	4745	6199	1	6
k63_648888	2	70	-1	1
k63_648888	100	2379	1	2
k63_969719	2	529	1	1
k63_969719	794	1639	-1	2
k63_969719	1872	3314	-1	3
k63_969719	3331	5604	-1	4
k63_969719	5594	5851	-1	5
k63_969719	5870	6310	-1	6
k63_969719	6297	6569	-1	7
k63_969719	6573	7739	-1	8
k63_969719	7756	8109	-1	9
k63_969895	2	244	-1	1
k63_969895	241	1392	-1	2
k63_969895	1488	2219	1	3
k63_542226	2	157	-1	1
k63_542226	386	1213	-1	2
k63_542226	1414	2601	1	3
k63_542226	2606	3571	1	4
k63_542226	3605	4741	1	5
k63_542226	4870	5097	1	6
k63_542226	5094	5513	1	7
k63_542226	5625	7010	1	8
k63_969978	212	1222	1	1
k63_969978	1232	2098	-1	2
k63_969978	2348	3400	1	3
k63_969978	3478	4713	-1	4
k63_969978	4868	4984	1	5
k63_969978	5011	5223	1	6
k63_863173	1	729	-1	1
k63_863173	736	1740	-1	2
k63_863173	1721	2653	-1	3
k63_863173	2653	3150	-1	4
k63_863193	3	518	-1	1
k63_863193	555	1466	-1	2
k63_863193	1563	1943	-1	3
k63_1076465	3	770	-1	1
k63_1076465	772	1620	-1	2
k63_1291282	3	710	-1	1
k63_1291282	768	2375	-1	2
k63_1291282	2380	3087	-1	3
k63_1291282	3084	3809	-1	4
k63_863336	2	664	1	1
k63_863336	667	1419	1	2
k63_863336	1419	2888	1	3
k63_863336	2888	3322	1	4
k63_542470	1	279	-1	1
k63_542470	372	1322	-1	2
k63_542470	1325	2083	-1	3
k63_542470	2094	2375	-1	4
k63_542470	2323	3585	-1	5
k63_542470	3663	4295	-1	6
k63_542470	4481	7879	-1	7
k63_542470	8144	8695	-1	8
k63_542470	8868	9221	1	9
k63_542470	9218	9682	-1	10
k63_542470	9639	10547	-1	11
k63_542470	10562	10909	-1	12
k63_542470	11102	11671	1	13
k63_542470	11682	12833	-1	14
k63_542470	12830	13957	-1	15
k63_542470	13962	14630	-1	16
k63_542470	14707	15456	-1	17
k63_542470	15522	16277	-1	18
k63_542470	16427	17281	-1	19
k63_542470	17288	18202	-1	20
k63_542470	18199	19863	-1	21
k63_542470	19903	20730	-1	22
k63_542470	20863	21393	-1	23
k63_112928	3	641	1	1
k63_112928	587	982	1	2
k63_112928	1032	2321	1	3
k63_112928	2318	3253	1	4
k63_112928	3371	3589	1	5
k63_112928	3651	5135	1	6
k63_1184841	129	959	-1	1
k63_1184841	1124	2587	1	2
k63_1291741	1	1017	1	1
k63_1291741	1107	2582	1	2
k63_1291741	2641	3270	-1	3
k63_756607	1	615	-1	1
k63_756607	773	1399	1	2
k63_756607	1411	1602	1	3
k63_1505932	110	1255	1	1
k63_1505932	1246	1677	1	2
k63_1505932	2215	2394	1	3
k63_1505932	2513	2914	1	4
k63_863763	1	219	-1	1
k63_863763	325	1326	1	2
k63_863763	1341	2339	1	3
k63_1185060	2	100	1	1
k63_1185060	113	1180	-1	2
k63_1185060	1240	1581	-1	3
k63_6657	1	696	-1	1
k63_6657	699	2018	-1	2
k63_6657	2094	3707	1	3
k63_6657	3711	3806	1	4
k63_1399017	1	555	-1	1
k63_1399017	768	1511	1	2
k63_1399017	1526	2383	1	3
k63_113357	69	1208	1	1
k63_113357	1205	1528	-1	2
k63_113357	1545	1994	-1	3
k63_113357	2013	2285	-1	4
k63_113357	2351	3517	-1	5
k63_113357	3649	4071	1	6
k63_113357	4213	5034	1	7
k63_113357	5105	5389	1	8
k63_113357	5379	5537	1	9
k63_1185137	2	1057	-1	1
k63_1185137	1062	2072	-1	2
k63_1185137	2144	2761	-1	3
k63_219940	2	271	1	1
k63_219940	275	1378	1	2
k63_219940	1381	2745	1	3
k63_219940	2845	3552	-1	4
k63_113500	3	728	1	1
k63_113500	737	1651	1	2
k63_113500	1830	1976	1	3
k63_650589	18	1307	-1	1
k63_650589	1337	1987	-1	2
k63_650589	1996	2769	-1	3
k63_650589	2766	4148	-1	4
k63_650589	4182	5387	-1	5
k63_1506630	3	218	-1	1
k63_1506630	304	765	-1	2
k63_1506630	790	1620	-1	3
k63_1506630	1617	2345	-1	4
k63_1506630	2370	2489	-1	5
k63_1077353	1	2262	1	1
k63_1077353	2229	2414	1	2
k63_1077353	2526	2645	1	3
k63_971199	3	428	1	1
k63_971199	416	1228	1	2
k63_971199	1239	2384	1	3
k63_971199	2394	2681	-1	4
k63_971199	2800	5550	1	5
k63_434644	1	726	1	1
k63_434644	740	1576	1	2
k63_434644	1566	2411	1	3
k63_434644	2411	3721	1	4
k63_434644	3819	3941	1	5
k63_864375	3	134	1	1
k63_864375	131	1498	1	2
k63_864375	1491	3062	1	3
k63_864375	3052	4104	1	4
k63_864375	4168	6009	1	5
k63_864375	5969	6436	1	6
k63_864402	3	1115	1	1
k63_864402	1112	2227	-1	2
k63_864402	2257	2484	-1	3
k63_864402	2693	6175	1	4
k63_7280	3	1457	-1	1
k63_7280	1481	1816	1	2
k63_757465	2	535	1	1
k63_757465	519	1799	1	2
k63_757465	1796	2431	1	3
k63_757465	2441	3244	1	4
k63_7542	1	624	1	1
k63_7542	647	1525	1	2
k63_1292728	1	1356	-1	1
k63_1292728	1395	1850	1	2
k63_971598	3	374	1	1
k63_971598	443	1141	1	2
k63_971598	1171	2034	1	3
k63_7636	1	126	-1	1
k63_7636	275	2428	1	2
k63_865064	1	1185	-1	1
k63_865064	1398	1739	-1	2
k63_865064	1907	2524	-1	3
k63_865090	2	1183	1	1
k63_865090	1201	1992	-1	2
k63_865129	41	319	1	1
k63_865129	322	1425	1	2
k63_865129	1413	1973	-1	3
k63_865129	1970	2380	-1	4
k63_865129	2373	2822	-1	5
k63_865129	2849	3322	-1	6
k63_8037	2	139	-1	1
k63_8037	210	1721	-1	2
k63_8037	1838	2032	1	3
k63_8037	2035	3210	1	4
k63_8037	3299	4375	-1	5
k63_8037	4433	5020	-1	6
k63_758288	274	1221	-1	1
k63_758288	1227	2054	-1	2
k63_758288	2142	2942	1	3
k63_221373	2	250	-1	1
k63_221373	302	937	-1	2
k63_221373	957	1547	-1	3
k63_221373	1688	1822	-1	4
k63_221373	1826	2707	-1	5
k63_221373	2788	3870	-1	6
k63_221373	4058	4711	1	7
k63_221373	4711	5409	1	8
k63_221373	5406	5804	1	9
k63_114693	1	180	-1	1
k63_114693	201	3098	-1	2
k63_114693	3101	3472	-1	3
k63_114693	3525	4328	-1	4
k63_114693	4346	4915	-1	5
k63_114693	4988	5281	-1	6
k63_221415	217	924	-1	1
k63_221415	1208	1588	1	2
k63_221415	1654	2538	-1	3
k63_221415	2559	3704	-1	4
k63_221415	3701	4519	-1	5
k63_1507592	3	101	1	1
k63_1507592	117	815	1	2
k63_1507592	963	2087	1	3
k63_1507592	2165	2317	1	4
k63_1507592	2320	2676	1	5
k63_1507592	2676	2813	1	6
k63_1507592	2876	3748	1	7
k63_1507592	3843	4538	1	8
k63_221446	1	450	1	1
k63_221446	465	1913	1	2
k63_221446	1918	3822	1	3
k63_221446	3816	5459	-1	4
k63_221446	5459	7336	-1	5
k63_221446	7657	13056	-1	6
k63_114811	3	884	-1	1
k63_114811	1173	3230	-1	2
k63_435382	2	184	-1	1
k63_435382	196	663	-1	2
k63_435382	668	3400	-1	3
k63_1186860	15	623	-1	1
k63_1186860	629	1687	-1	2
k63_1186860	1733	1909	-1	3
k63_1186860	2167	3084	1	4
k63_1186860	3097	3945	1	5
k63_1078772	8	1228	-1	1
k63_1078772	1920	3032	1	2
k63_1401015	2	871	1	1
k63_1401015	944	2536	-1	2
k63_221868	3	1187	-1	1
k63_221868	1184	2215	-1	2
k63_1508189	3	536	1	1
k63_1508189	536	1030	1	2
k63_1508189	1023	1688	1	3
k63_8629	3	1505	1	1
k63_8629	1502	2302	-1	2
k63_8629	2392	2742	1	3
k63_8629	2739	3506	-1	4
k63_758820	2	298	1	1
k63_758820	337	1665	1	2
k63_758820	1833	2159	1	3
k63_758820	2161	2994	1	4
k63_972945	3	476	1	1
k63_972945	523	2037	1	2
k63_8759	1	444	1	1
k63_8759	727	2937	1	2
k63_759033	1	738	-1	1
k63_759033	836	1675	1	2
k63_759033	1668	2633	1	3
k63_759033	2820	3011	1	4
k63_973045	1	609	1	1
k63_973045	616	1389	1	2
k63_973045	1498	1839	1	3
k63_222085	3	170	-1	1
k63_222085	363	1484	-1	2
k63_222085	1594	2121	1	3
k63_330494	2	1471	1	1
k63_330494	1649	1756	1	2
k63_115480	2	748	-1	1
k63_115480	849	2258	1	2
k63_1508521	1	207	1	1
k63_1508521	218	490	1	2
k63_1508521	520	1587	1	3
k63_1508521	1591	2823	1	4
k63_1508521	2826	2966	1	5
k63_1508521	2963	3397	1	6
k63_1079632	2	835	-1	1
k63_1079632	832	2097	-1	2
k63_1079632	2695	3411	-1	3
k63_1079632	3499	4515	1	4
k63_1079632	4579	5688	1	5
k63_1079632	5692	6342	-1	6
k63_1079632	6350	8476	-1	7
k63_1401585	2	202	-1	1
k63_1401585	393	647	1	2
k63_1401585	719	1024	1	3
k63_1401585	1024	2025	1	4
k63_545586	42	2027	1	1
k63_330933	1	144	-1	1
k63_330933	159	356	-1	2
k63_330933	384	1376	-1	3
k63_330933	1386	2732	-1	4
k63_330933	3046	4050	1	5
k63_330933	4003	5289	-1	6
k63_330933	5282	5905	-1	7
k63_330933	5895	6575	-1	8
k63_1187861	2	304	-1	1
k63_1187861	414	1226	-1	2
k63_1187861	1223	2569	-1	3
k63_1294430	2	904	-1	1
k63_1294430	1226	1552	1	2
k63_1294437	3	257	1	1
k63_1294437	292	1293	1	2
k63_1294437	1487	1960	1	3
k63_1294437	1957	2718	1	4
k63_1294437	2777	3109	1	5
k63_1079937	3	470	-1	1
k63_1079937	467	1363	-1	2
k63_1079937	1372	1974	-1	3
k63_866672	2	1180	1	1
k63_866672	1177	1938	-1	2
k63_331122	3	1175	-1	1
k63_331122	1147	1878	-1	2
k63_973630	153	1247	1	1
k63_973630	1332	1718	1	2
k63_759769	2	214	1	1
k63_759769	211	2406	-1	2
k63_759769	2399	3073	-1	3
k63_759769	3113	3190	1	4
k63_866919	1	960	-1	1
k63_866919	957	1121	-1	2
k63_866919	1118	1516	-1	3
k63_1509255	3	92	1	1
k63_1509255	200	853	-1	2
k63_1509255	1000	1629	-1	3
k63_1509273	29	1810	-1	1
k63_1509273	1803	2138	-1	2
k63_1509273	2122	2538	-1	3
k63_1509273	2551	4386	-1	4
k63_1509273	4420	5235	-1	5
k63_760230	1	285	-1	1
k63_760230	311	1102	-1	2
k63_9965	275	1720	1	1
k63_9965	1779	1907	1	2
k63_653704	2	943	1	1
k63_653704	948	2279	1	2
k63_653704	2276	3772	1	3
k63_653704	3774	5084	1	4
k63_1509637	25	798	-1	1
k63_1509637	929	1549	1	2
k63_1509637	1619	2542	1	3
k63_116695	2	682	1	1
k63_116695	691	1308	-1	2
k63_116695	1305	1640	-1	3
k63_1295304	1	375	1	1
k63_1295304	430	1038	-1	2
k63_1295304	1073	1693	1	3
k63_10101	1	2994	1	1
k63_116709	2	850	1	1
k63_116709	890	2491	1	2
k63_116709	2557	3348	1	3
k63_116709	3349	4095	-1	4
k63_116709	4258	6858	1	5
k63_1295339	3	1064	1	1
k63_1295339	1109	2191	1	2
k63_1295339	2278	2871	1	3
k63_1295339	2856	3614	-1	4
k63_974393	2	571	1	1
k63_974393	620	1120	1	2
k63_974393	1139	1879	-1	3
k63_974393	2132	2977	1	4
k63_974393	3082	3327	1	5
k63_974393	3634	4455	1	6
k63_974393	4503	5291	1	7
k63_974393	5321	6784	-1	8
k63_974393	7092	9695	1	9
k63_974393	9707	11365	1	10
k63_331923	125	1081	-1	1
k63_331923	1140	2282	-1	2
k63_1080926	2	73	-1	1
k63_1080926	287	1735	-1	2
k63_1080926	1739	3382	-1	3
k63_1080926	3397	5349	-1	4
k63_1080926	5366	6370	1	5
k63_223367	3	875	1	1
k63_223367	903	1382	-1	2
k63_223367	1382	2635	-1	3
k63_223367	2744	3412	-1	4
k63_223367	3617	4420	1	5
k63_223367	4481	5227	1	6
k63_223367	5293	5853	1	7
k63_867708	2	1123	1	1
k63_867708	1113	1964	1	2
k63_116827	2	508	1	1
k63_116827	541	2235	-1	2
k63_116827	2237	2881	-1	3
k63_332112	1	966	-1	1
k63_332112	1070	1873	-1	2
k63_332112	1870	2223	-1	3
k63_867840	2	181	1	1
k63_867840	216	1079	1	2
k63_867840	1226	2347	-1	3
k63_867840	2340	4673	-1	4
k63_867840	4677	5300	-1	5
k63_867840	5302	6036	-1	6
k63_867840	6116	8017	1	7
k63_867840	8054	8341	1	8
k63_867840	8650	8868	1	9
k63_867840	9081	10085	1	10
k63_867840	10166	10528	1	11
k63_223682	2	2329	1	1
k63_223682	2343	2639	1	2
k63_332232	2	685	1	1
k63_332232	713	2131	1	2
k63_332232	2220	2543	1	3
k63_654347	40	294	-1	1
k63_654347	297	1553	-1	2
k63_332299	1	240	-1	1
k63_332299	253	1302	-1	2
k63_332299	1319	1879	-1	3
k63_1081291	3	407	-1	1
k63_1081291	419	898	-1	2
k63_1081291	1076	2029	1	3
k63_1081291	2069	2983	1	4
k63_1081291	3100	3651	1	5
k63_1081291	4121	4423	1	6
k63_1081291	5163	6134	-1	7
k63_1081291	6237	6323	1	8
k63_437635	189	569	1	1
k63_437635	580	1638	1	2
k63_437635	1654	2454	-1	3
k63_437635	2444	3574	-1	4
k63_437635	3676	5781	-1	5
k63_437635	5838	6149	-1	6
k63_437635	6179	6502	-1	7
k63_437635	6486	6698	-1	8
k63_437635	6813	9071	1	9
k63_223933	3	284	-1	1
k63_223933	364	1806	-1	2
k63_547044	1	666	-1	1
k63_547044	897	1469	1	2
k63_547044	1518	2162	1	3
k63_547044	2294	3007	1	4
k63_1081649	2	433	-1	1
k63_1081649	602	1729	-1	2
k63_1081649	1904	2725	1	3
k63_10817	3	350	-1	1
k63_10817	428	1369	-1	2
k63_10817	1629	2819	1	3
k63_10817	2884	3288	-1	4
k63_224228	243	1370	1	1
k63_224228	1652	1843	1	2
k63_547458	120	1232	-1	1
k63_547458	1486	2493	-1	2
k63_11053	2	283	1	1
k63_11053	293	409	1	2
k63_11053	406	1707	1	3
k63_11053	1729	2121	-1	4
k63_1189595	3	377	-1	1
k63_1189595	384	986	-1	2
k63_1189595	983	1789	-1	3
k63_1189595	2081	2167	1	4
k63_868315	3	611	1	1
k63_868315	810	3062	-1	2
k63_868315	3067	3387	-1	3
k63_868315	3512	3829	-1	4
k63_1189653	3	1169	-1	1
k63_1189653	1176	3674	-1	2
k63_547613	3	614	-1	1
k63_547613	650	1144	1	2
k63_547613	1151	2164	-1	3
k63_547613	2186	2773	-1	4
k63_547613	2775	3482	-1	5
k63_1296428	3	452	-1	1
k63_1296428	442	2856	-1	2
k63_1189918	188	2137	1	1
k63_1189918	2204	3043	1	2
k63_655430	180	1010	1	1
k63_655430	1168	1929	1	2
k63_438465	1	1176	-1	1
k63_438465	1368	2402	1	2
k63_438465	2412	3578	1	3
k63_1404088	3	377	-1	1
k63_1404088	552	1397	1	2
k63_1404088	1477	3414	1	3
k63_11567	2	1129	1	1
k63_11567	1177	2412	1	2
k63_438591	3	656	-1	1
k63_438591	661	1503	-1	2
k63_1404153	1	663	-1	1
k63_1404153	656	1498	-1	2
k63_1404153	1625	1888	1	3
k63_1404153	2029	2226	1	4
k63_1404153	2250	2603	1	5
k63_1404153	2673	3683	1	6
k63_1404153	3702	6080	1	7
k63_1404153	6112	6447	1	8
k63_1404153	6462	6776	1	9
k63_1404153	6857	8431	1	10
k63_1404153	8428	9210	1	11
k63_1404153	9277	10521	1	12
k63_1404153	10514	10744	1	13
k63_1404153	10766	11269	1	14
k63_225073	23	517	-1	1
k63_225073	565	1566	-1	2
k63_225073	1767	1868	1	3
k63_225073	1865	2389	-1	4
k63_225073	2386	2919	-1	5
k63_1190395	1	486	1	1
k63_1190395	536	1318	1	2
k63_1190395	1366	2364	1	3
k63_1190395	2371	3036	1	4
k63_1190395	3505	4482	1	5
k63_1190395	4505	4750	-1	6
k63_655691	234	1526	1	1
k63_655691	1657	1740	-1	2
k63_1511514	18	335	1	1
k63_1511514	339	890	1	2
k63_1511514	1109	1507	1	3
k63_1511514	1533	2090	1	4
k63_1511514	2087	2461	1	5
k63_1511514	2599	3036	1	6
k63_1511514	3043	3225	1	7
k63_1511514	3239	3691	1	8
k63_1511514	3691	4797	1	9
k63_118833	245	1270	1	1
k63_118833	1318	1968	1	2
k63_118833	1977	3119	1	3
k63_118833	3132	3587	1	4
k63_1404576	115	2073	-1	1
k63_1404576	2073	4028	-1	2
k63_1404576	4073	4858	-1	3
k63_1082814	3	719	-1	1
k63_1082814	859	2070	-1	2
k63_12066	55	519	1	1
k63_12066	619	813	1	2
k63_12066	806	1546	1	3
k63_869257	3	650	1	1
k63_869257	747	1499	1	2
k63_869257	1499	1723	1	3
k63_119231	3	275	-1	1
k63_119231	405	1364	1	2
k63_119231	1450	2442	1	3
k63_119231	2462	3103	1	4
k63_119231	3309	4544	1	5
k63_119233	92	832	-1	1
k63_119233	939	1658	-1	2
k63_119233	1659	2573	-1	3
k63_1083240	2	670	-1	1
k63_1083240	781	1227	-1	2
k63_1083240	1365	1580	-1	3
k63_1083240	1735	3897	-1	4
k63_869455	3	728	-1	1
k63_869455	725	1621	-1	2
k63_869455	1633	2052	-1	3
k63_869455	2229	2567	-1	4
k63_869455	2786	4063	1	5
k63_976765	2	469	-1	1
k63_976765	472	1503	-1	2
k63_869520	2	1549	1	1
k63_869520	1554	2060	1	2
k63_1512087	3	719	-1	1
k63_1512087	806	1375	1	2
k63_976983	31	219	-1	1
k63_976983	244	2856	-1	2
k63_976983	2960	3106	-1	3
k63_976983	3174	4079	1	4
k63_976983	4073	5107	1	5
k63_1297646	2	1675	1	1
k63_1297646	1679	2620	1	2
k63_1297646	2631	2873	1	3
k63_762915	1	516	1	1
k63_762915	530	1726	1	2
k63_439435	2	658	1	1
k63_439435	797	2278	1	2
k63_439435	2551	5256	1	3
k63_439435	5386	6048	1	4
k63_439435	6062	7453	1	5
k63_1191550	1	1356	1	1
k63_1191550	1481	2764	1	2
k63_1191550	2895	3086	1	3
k63_226115	3	893	1	1
k63_226115	901	1590	1	2
k63_226115	1622	1819	1	3
k63_1191786	1	750	1	1
k63_1191786	771	1577	-1	2
k63_1083847	240	653	1	1
k63_1083847	696	1613	1	2
k63_1405633	3	800	-1	1
k63_1405633	906	1667	1	2
k63_1405633	1704	2387	1	3
k63_1405633	2482	3279	1	4
k63_1405633	3402	5144	1	5
k63_1405633	5412	5723	1	6
k63_656686	1	957	-1	1
k63_656686	1585	2499	-1	2
k63_335180	13	315	-1	1
k63_335180	606	1655	1	2
k63_335180	1652	2242	1	3
k63_335180	2235	4067	1	4
k63_335180	4042	5307	-1	5
k63_335180	5310	6692	1	6
k63_335180	6767	8332	1	7
k63_335180	8394	9071	1	8
k63_335180	9106	9720	-1	9
k63_335180	9767	10849	-1	10
k63_335180	11013	11798	1	11
k63_119963	79	417	-1	1
k63_119963	446	898	-1	2
k63_119963	943	2172	-1	3
k63_119963	2169	3461	-1	4
k63_119963	3458	4207	-1	5
k63_119963	4328	5791	-1	6
k63_119969	2	319	1	1
k63_119969	316	912	-1	2
k63_119969	909	1913	-1	3
k63_119969	1931	2905	-1	4
k63_119969	2954	4063	-1	5
k63_119969	4198	4347	-1	6
k63_1298087	1	381	-1	1
k63_1298087	542	1405	1	2
k63_1298087	1441	2637	1	3
k63_1298087	2649	3416	1	4
k63_226633	2	553	1	1
k63_226633	555	1397	-1	2
k63_226633	1415	2404	-1	3
k63_226633	2832	3038	1	4
k63_226633	3060	3200	1	5
k63_1405956	1	1113	1	1
k63_1405956	1159	1581	1	2
k63_657054	1	192	1	1
k63_657054	279	1244	1	2
k63_657054	1250	2227	1	3
k63_657054	2303	2611	1	4
k63_977985	2	898	-1	1
k63_977985	901	1749	-1	2
k63_977985	1827	2792	-1	3
k63_763913	3	662	-1	1
k63_763913	667	1782	-1	2
k63_227135	3	737	1	1
k63_227135	795	1994	1	2
k63_440565	3	1298	1	1
k63_440565	1288	2139	-1	2
k63_1192822	3	218	-1	1
k63_1192822	563	772	1	2
k63_1192822	845	1114	1	3
k63_1192822	1118	2881	-1	4
k63_1192822	2878	3447	-1	5
k63_1192822	3455	4351	-1	6
k63_1192888	2	478	1	1
k63_1192888	710	1027	-1	2
k63_1192888	1024	2343	-1	3
k63_1192888	2349	3452	-1	4
k63_1192888	3439	3657	-1	5
k63_657427	2	166	1	1
k63_657427	185	625	1	2
k63_657427	632	1978	1	3
k63_657427	1998	2390	1	4
k63_657427	2540	3043	1	5
k63_657427	3057	3662	1	6
k63_13871	59	1231	1	1
k63_13871	1377	1874	1	2
k63_13871	2190	2945	1	3
k63_13871	2968	4095	1	4
k63_13871	4140	5309	1	5
k63_13871	5306	5728	1	6
k63_13871	5872	6894	1	7
k63_13871	6891	9134	1	8
k63_13871	9135	9464	-1	9
k63_13871	9510	10478	-1	10
k63_764192	3	161	1	1
k63_764192	171	896	1	2
k63_764192	887	2569	1	3
k63_764192	2639	3310	1	4
k63_120765	2	94	-1	1
k63_120765	206	2149	1	2
k63_120765	2162	2542	1	3
k63_336039	1	639	-1	1
k63_336039	756	2483	1	2
k63_336039	2555	4336	1	3
k63_336039	4355	4600	1	4
k63_227421	201	986	1	1
k63_227421	1096	1743	1	2
k63_227421	1761	2549	1	3
k63_227421	2536	4035	-1	4
k63_227421	4026	5210	-1	5
k63_1193133	3	338	-1	1
k63_1193133	492	1130	1	2
k63_1193133	1127	1441	1	3
k63_1193133	1441	2436	1	4
k63_440976	2	1405	1	1
k63_440976	1426	1950	1	2
k63_440976	1954	2175	1	3
k63_440976	2189	3061	1	4
k63_1299178	1	93	1	1
k63_1299178	171	884	1	2
k63_1299178	884	2872	1	3
k63_1299178	2887	4926	1	4
k63_1299178	4942	5031	1	5
k63_120937	1	954	-1	1
k63_120937	977	1831	-1	2
k63_120937	1840	3366	-1	3
k63_120937	3382	3918	-1	4
k63_120937	3941	4432	-1	5
k63_120937	4443	4664	-1	6
k63_120937	4703	5533	-1	7
k63_120937	5627	5932	-1	8
k63_120937	5929	6171	-1	9
k63_120937	6242	6442	-1	10
k63_871595	52	1533	-1	1
k63_871595	1668	1916	1	2
k63_871595	1913	3697	-1	3
k63_871595	3694	5370	-1	4
k63_336349	1	666	-1	1
k63_336349	905	2449	-1	2
k63_336349	2807	3583	1	3
k63_336349	3666	4538	-1	4
k63_336349	5047	6411	-1	5
k63_336349	6456	7184	1	6
k63_336349	7238	7645	1	7
k63_1299533	2	1264	1	1
k63_1299533	1336	2325	1	2
k63_1299533	2327	3112	1	3
k63_765028	139	948	1	1
k63_765028	968	1111	1	2
k63_765028	1155	1685	1	3
k63_228271	1	315	-1	1
k63_228271	570	2564	1	2
k63_228271	2568	3578	-1	3
k63_228271	3631	3813	-1	4
k63_1407295	1	1029	-1	1
k63_1407295	1079	2074	1	2
k63_1407295	2061	3056	-1	3
k63_872129	1	63	-1	1
k63_872129	168	545	-1	2
k63_872129	693	1793	1	3
k63_872129	1808	2941	1	4
k63_872129	3067	4476	1	5
k63_872129	4476	5276	1	6
k63_872129	5347	6207	-1	7
k63_872129	6291	7118	1	8
k63_872129	7193	7483	1	9
k63_228585	1	321	1	1
k63_228585	327	1415	1	2
k63_228585	1475	2311	-1	3
k63_228585	2420	2845	-1	4
k63_228585	2847	3080	-1	5
k63_228585	3103	3222	-1	6
k63_765416	3	344	1	1
k63_765416	346	780	1	2
k63_765416	787	1998	-1	3
k63_765416	2014	2913	-1	4
k63_765416	2937	3926	-1	5
k63_765416	3968	4753	-1	6
k63_765416	4750	5553	-1	7
k63_765416	5550	6524	-1	8
k63_765416	6637	7248	-1	9
k63_765416	7396	8436	1	10
k63_765416	8511	9731	1	11
k63_765416	9738	10403	1	12
k63_121781	1	420	1	1
k63_121781	436	2328	1	2
k63_121781	2336	3001	1	3
k63_551552	2	157	-1	1
k63_551552	249	1151	1	2
k63_551552	1166	2197	1	3
k63_551552	2203	3588	1	4
k63_337016	3	1673	1	1
k63_337016	1833	2123	1	2
k63_1194205	140	1312	-1	1
k63_1194205	1379	2434	-1	2
k63_1194205	2431	3219	-1	3
k63_1194205	3228	3587	-1	4
k63_1194205	3659	4681	-1	5
k63_1194205	4819	5790	1	6
k63_1194205	6157	6426	1	7
k63_658880	1	414	1	1
k63_658880	305	1303	-1	2
k63_658880	1410	2096	1	3
k63_658880	2100	2918	1	4
k63_658880	2991	3776	1	5
k63_658880	3925	4107	-1	6
k63_1086486	3	275	-1	1
k63_1086486	364	840	1	2
k63_1086486	844	1587	1	3
k63_1086486	1589	2290	1	4
k63_1086486	2296	2724	1	5
k63_1086486	2809	2994	-1	6
k63_1086486	2997	3572	-1	7
k63_1086486	3806	4264	-1	8
k63_765700	1	564	1	1
k63_765700	568	1269	1	2
k63_765700	1280	2014	1	3
k63_765700	2119	2364	1	4
k63_765700	2603	3541	1	5
k63_765700	3560	4330	1	6
k63_765700	4382	4873	1	7
k63_442387	1	708	-1	1
k63_442387	873	1577	1	2
k63_442387	1650	2636	1	3
k63_442387	2701	3516	-1	4
k63_442387	3930	4334	1	5
k63_1407937	1	1980	1	1
k63_1407937	1977	2951	1	2
k63_1194414	2	904	-1	1
k63_1194414	909	1937	-1	2
k63_1194414	1952	2659	-1	3
k63_1194414	2688	3518	-1	4
k63_1194414	3677	4297	1	5
k63_1514931	1	249	1	1
k63_1514931	246	1229	1	2
k63_1514931	1226	1612	1	3
k63_1194532	3	200	1	1
k63_1194532	197	1975	1	2
k63_1194532	2159	3193	-1	3
k63_1194532	3382	3570	1	4
k63_980013	60	929	-1	1
k63_980013	998	1342	-1	2
k63_980013	1339	1623	-1	3
k63_980013	1961	3172	-1	4
k63_15961	3	1334	-1	1
k63_15961	1353	2402	-1	2
k63_15961	2407	3657	-1	3
k63_1408324	1	255	-1	1
k63_1408324	344	2089	1	2
k63_1408324	2089	2859	1	3
k63_122913	1	855	-1	1
k63_122913	858	2126	-1	2
k63_122913	2184	2288	-1	3
k63_122996	3	224	-1	1
k63_122996	261	1145	-1	2
k63_122996	1166	1726	-1	3
k63_122996	1745	2347	-1	4
k63_122996	2379	3167	-1	5
k63_122996	3291	3683	-1	6
k63_122996	3701	4135	-1	7
k63_122996	4202	4810	-1	8
k63_122996	4814	5209	-1	9
k63_1515636	2	400	1	1
k63_1515636	433	1923	1	2
k63_1515636	1934	3424	-1	3
k63_980502	3	722	-1	1
k63_980502	719	1609	-1	2
k63_980502	1722	2132	1	3
k63_1515641	1	630	-1	1
k63_1515641	797	1816	-1	2
k63_1515641	1894	2703	-1	3
k63_1515641	2814	3467	1	4
k63_1515641	3482	3934	1	5
k63_1515641	4011	4988	1	6
k63_1515641	5043	6149	1	7
k63_1515641	6262	6789	1	8
k63_1087613	2	2029	-1	1
k63_1087613	2097	2276	-1	2
k63_338287	2	1825	-1	1
k63_443411	1	159	1	1
k63_443411	154	1650	-1	2
k63_123306	3	185	-1	1
k63_123306	182	931	-1	2
k63_123306	928	1470	-1	3
k63_123306	1547	2380	-1	4
k63_123306	2445	3563	-1	5
k63_230225	3	1079	1	1
k63_230225	1118	1675	1	2
k63_230225	1867	2214	-1	3
k63_1195715	3	623	-1	1
k63_1195715	648	1970	-1	2
k63_1195715	1975	2811	-1	3
k63_1195715	2801	3940	-1	4
k63_1195715	4430	6955	-1	5
k63_1195715	6979	8943	-1	6
k63_1195715	8940	9245	-1	7
k63_1195715	9274	10362	-1	8
k63_1195715	10377	11540	-1	9
k63_1195715	12118	13491	-1	10
k63_874016	3	389	-1	1
k63_874016	386	1627	-1	2
k63_1516298	2	202	-1	1
k63_1516298	221	1609	-1	2
k63_1516298	1606	3672	-1	3
k63_1516298	3771	4871	1	4
k63_1516298	4865	5290	1	5
k63_1516298	5287	5613	1	6
k63_1516298	6251	6964	1	7
k63_1516298	6961	7635	1	8
k63_874344	1	1533	1	1
k63_874344	1549	2562	1	2
k63_1516749	3	104	-1	1
k63_1516749	243	1175	1	2
k63_1516749	1176	1670	1	3
k63_1516749	1735	2013	1	4
k63_1516749	2051	2524	1	5
k63_339505	3	347	-1	1
k63_339505	408	977	-1	2
k63_339505	1145	2044	-1	3
k63_339505	2123	3193	-1	4
k63_339584	409	2190	1	1
k63_874746	70	1704	-1	1
k63_874746	1685	2845	-1	2
k63_874746	2911	4647	1	3
k63_874746	4753	5118	-1	4
k63_874746	5115	5351	-1	5
k63_874746	5440	5730	-1	6
k63_874746	5779	6243	-1	7
k63_339681	1	2007	1	1
k63_339681	2007	3725	1	2
k63_1517015	1	495	-1	1
k63_1517015	492	1283	-1	2
k63_1517015	1367	2224	1	3
k63_1517015	2388	3158	1	4
k63_1517015	3251	4138	1	5
k63_982202	83	874	1	1
k63_982202	893	1615	1	2
k63_982202	1619	1831	1	3
k63_982202	1773	2144	1	4
k63_982202	2141	2227	1	5
k63_768212	3	644	1	1
k63_768212	694	1443	1	2
k63_768212	1461	2489	1	3
k63_554586	1	201	1	1
k63_554586	209	823	-1	2
k63_554586	820	2802	-1	3
k63_554586	2830	3198	-1	4
k63_1410249	1	993	-1	1
k63_1410249	1024	1962	-1	2
k63_1410249	2369	3316	1	3
k63_1410249	3455	4948	-1	4
k63_1410249	4975	8580	-1	5
k63_17548	3	206	-1	1
k63_17548	220	1497	-1	2
k63_17548	1494	2822	-1	3
k63_17548	2825	3595	-1	4
k63_17548	3592	4539	-1	5
k63_17548	4630	5220	1	6
k63_1410344	2	514	-1	1
k63_1410344	548	1441	-1	2
k63_1410344	1597	1962	1	3
k63_1410344	1993	2907	1	4
k63_1410344	2904	4055	-1	5
k63_1410344	4061	4603	-1	6
k63_1410344	4600	4800	-1	7
k63_1410344	4913	5836	1	8
k63_1410344	5883	6743	1	9
k63_1410344	6755	6940	1	10
k63_1410344	7025	7597	1	11
k63_1410344	7600	8571	-1	12
k63_444947	3	569	-1	1
k63_444947	600	2786	-1	2
k63_444947	2945	3856	1	3
k63_444947	3935	4615	1	4
k63_444947	4848	4922	-1	5
k63_1302786	2	592	1	1
k63_1302786	768	1826	-1	2
k63_1302786	1826	2641	-1	3
k63_1302786	2675	4087	-1	4
k63_1302786	4410	5408	1	5
k63_1302786	5457	6002	1	6
k63_1302786	6074	6763	1	7
k63_661795	3	266	-1	1
k63_661795	273	968	-1	2
k63_661795	988	2091	-1	3
k63_661795	2181	2486	-1	4
k63_661795	2520	2753	-1	5
k63_1089383	3	698	-1	1
k63_1089383	729	1724	-1	2
k63_125016	2	1504	1	1
k63_232187	1	465	-1	1
k63_232187	459	1571	-1	2
k63_555071	3	368	-1	1
k63_555071	378	1511	-1	2
k63_555071	1649	2029	1	3
k63_983165	1	1299	1	1
k63_983165	1281	1784	1	2
k63_983165	1790	2068	1	3
k63_555407	1	333	-1	1
k63_555407	446	1051	-1	2
k63_555407	1066	2187	-1	3
k63_555407	2330	4579	1	4
k63_555407	4640	5305	1	5
k63_445590	1	1050	-1	1
k63_445590	1056	2144	-1	2
k63_1197732	1	558	1	1
k63_1197732	614	2488	1	2
k63_1197922	3	713	1	1
k63_1197922	750	1691	1	2
k63_18280	1	1713	1	1
k63_18280	1753	2340	1	2
k63_1303892	1	639	-1	1
k63_1303892	647	2155	-1	2
k63_1198069	2	1810	1	1
k63_1198069	1833	2348	-1	2
k63_1198069	2345	3181	-1	3
k63_662715	30	1283	-1	1
k63_662715	1457	1690	-1	2
k63_662715	1687	1956	-1	3
k63_662715	1977	2390	-1	4
k63_1304070	161	1777	1	1
k63_1304070	1795	2400	1	2
k63_1198191	55	867	1	1
k63_1198191	881	1615	1	2
k63_1198191	1631	2416	1	3
k63_1198191	2440	2895	1	4
k63_662981	3	212	1	1
k63_662981	202	1155	1	2
k63_662981	1254	4142	1	3
k63_341901	3	653	-1	1
k63_341901	665	1612	-1	2
k63_769947	2	1291	-1	1
k63_769947	1385	2125	1	2
k63_769947	2109	3590	-1	3
k63_769947	3781	4554	-1	4
k63_769947	4641	5474	1	5
k63_1304404	1	903	-1	1
k63_1304404	843	1850	-1	2
k63_1304404	1861	2958	-1	3
k63_1304404	3033	5093	-1	4
k63_1304404	5072	6478	-1	5
k63_1304404	6484	7356	-1	6
k63_1304404	7353	7841	-1	7
k63_1304404	8030	8506	1	8
k63_18943	3	128	-1	1
k63_18943	148	1914	-1	2
k63_18943	1911	2183	-1	3
k63_18943	2193	2948	-1	4
k63_18943	2961	3692	-1	5
k63_126846	1	1212	1	1
k63_126846	1218	1604	1	2
k63_984454	1	738	-1	1
k63_984454	741	1397	-1	2
k63_984454	1410	1763	-1	3
k63_877013	1	168	1	1
k63_877013	180	956	-1	2
k63_877013	953	2203	-1	3
k63_877013	2205	3026	-1	4
k63_877013	3084	3449	-1	5
k63_877013	3470	3892	-1	6
k63_663418	2	1519	1	1
k63_663418	1562	1720	1	2
k63_770437	2	1735	-1	1
k63_556797	2	1501	1	1
k63_556797	1775	3130	1	2
k63_127279	3	386	-1	1
k63_127279	408	953	-1	2
k63_127279	1062	1325	-1	3
k63_127279	1440	2522	-1	4
k63_127279	2787	4163	-1	5
k63_556851	1	936	-1	1
k63_556851	933	1337	-1	2
k63_556851	1374	3395	-1	3
k63_877496	2	547	-1	1
k63_877496	743	1117	1	2
k63_877496	1114	2925	1	3
k63_1412851	193	1554	1	1
k63_1412851	1642	2811	-1	2
k63_1412851	2817	4001	-1	3
k63_1412851	4130	4489	1	4
k63_1305362	3	1358	-1	1
k63_1305362	1300	1674	-1	2
k63_1413072	2	655	1	1
k63_1413072	652	1371	1	2
k63_1413072	1384	2373	1	3
k63_1413072	2373	2489	1	4
k63_985695	2	298	-1	1
k63_985695	303	1775	-1	2
k63_985695	1772	3322	-1	3
k63_985695	3345	5759	-1	4
k63_343547	3	1076	-1	1
k63_343547	1092	1403	1	2
k63_234821	1	144	1	1
k63_234821	234	1913	1	2
k63_234821	1917	2267	-1	3
k63_986027	2	1603	1	1
k63_986027	1615	1686	-1	2
k63_20363	1	99	1	1
k63_20363	109	876	1	2
k63_20363	869	1744	1	3
k63_20363	1741	2310	1	4
k63_878299	1	1299	1	1
k63_878299	1312	1854	1	2
k63_1200406	1	264	1	1
k63_1200406	274	2079	-1	2
k63_1200406	2134	2580	1	3
k63_878530	1	1086	-1	1
k63_878530	1089	2108	-1	2
k63_878530	2150	2332	1	3
k63_557808	1	279	-1	1
k63_557808	407	802	-1	2
k63_557808	804	1214	-1	3
k63_557808	1207	1728	-1	4
k63_557808	1829	2377	1	5
k63_557808	2374	3255	1	6
k63_1413985	1	3045	1	1
k63_128430	2	598	-1	1
k63_128430	674	1570	1	2
k63_128430	1593	3083	1	3
k63_557907	2	2404	-1	1
k63_557907	2542	3606	-1	2
k63_557907	3609	4118	-1	3
k63_557907	4115	4807	-1	4
k63_557907	4809	6074	-1	5
k63_557907	6071	7054	-1	6
k63_557907	7153	7680	-1	7
k63_557907	7688	9322	-1	8
k63_557907	9351	9995	-1	9
k63_557907	9992	10846	-1	10
k63_1306540	1	381	-1	1
k63_1306540	478	1482	1	2
k63_1306540	1479	1616	-1	3
k63_558006	1	147	-1	1
k63_558006	153	1538	-1	2
k63_558006	1538	2734	-1	3
k63_558006	2751	3638	-1	4
k63_558006	3638	4090	-1	5
k63_558006	4182	4697	-1	6
k63_558153	3	938	1	1
k63_558153	989	1453	-1	2
k63_558153	1431	1673	-1	3
k63_558153	1859	1930	1	4
k63_558330	1	369	1	1
k63_558330	420	2597	-1	2
k63_772930	1	357	-1	1
k63_772930	354	1769	-1	2
k63_772930	1766	2632	-1	3
k63_772930	2635	3570	-1	4
k63_772930	3570	4337	-1	5
k63_772930	4556	4963	1	6
k63_772930	4960	5385	1	7
k63_129220	2	2236	-1	1
k63_1094075	7	510	-1	1
k63_1094075	510	1604	-1	2
k63_1094075	1652	2056	-1	3
k63_1094075	2053	2295	-1	4
k63_1094075	2450	2587	1	5
k63_1094075	2703	2789	1	6
k63_345639	2	124	1	1
k63_345639	108	575	1	2
k63_345639	572	1039	1	3
k63_345639	1141	4398	1	4
k63_345639	4413	5879	1	5
k63_345639	5943	6416	-1	6
k63_345639	6570	7556	1	7
k63_345639	7622	7807	1	8
k63_345639	7807	8085	1	9
k63_345639	8082	9110	1	10
k63_666237	2	268	-1	1
k63_666237	416	784	1	2
k63_666237	788	1765	-1	3
k63_666237	1923	3203	1	4
k63_666237	3200	3850	-1	5
k63_666237	3866	5062	-1	6
k63_666237	5062	5289	-1	7
k63_1521527	1	2373	1	1
k63_1521527	2375	3238	-1	2
k63_1521527	3241	3783	-1	3
k63_1521527	3785	4402	-1	4
k63_1521527	4694	5302	1	5
k63_1521527	5391	6410	1	6
k63_449322	43	2133	1	1
k63_449322	2253	4025	-1	2
k63_1521677	2	121	-1	1
k63_1521677	335	1816	1	2
k63_1521677	1827	2147	1	3
k63_1521677	2151	2954	-1	4
k63_1521677	3092	4504	1	5
k63_1521677	4504	4818	1	6
k63_1521677	4822	5502	1	7
k63_1521677	5540	6100	1	8
k63_1521677	6117	6380	1	9
k63_1521677	6385	6834	1	10
k63_1521677	6838	7422	1	11
k63_1521677	7415	7963	1	12
k63_1521704	1	195	1	1
k63_1521704	259	1017	1	2
k63_1521704	1051	2130	-1	3
k63_1521704	2286	2612	1	4
k63_559113	1	507	-1	1
k63_559113	569	2287	-1	2
k63_559113	2418	2870	-1	3
k63_559113	2973	4148	-1	4
k63_559113	4164	5111	-1	5
k63_559113	5297	6250	1	6
k63_1415508	3	1691	-1	1
k63_1415508	1695	2732	-1	2
k63_1522306	155	856	1	1
k63_1522306	952	1695	1	2
k63_1522306	1789	2718	1	3
k63_22764	3	896	-1	1
k63_22764	868	1194	-1	2
k63_22764	1204	1413	-1	3
k63_22764	1590	2522	1	4
k63_347272	3	101	-1	1
k63_347272	292	1107	-1	2
k63_347272	1122	3494	-1	3
k63_347272	3504	3968	-1	4
k63_347272	4070	4129	1	5
k63_880758	1	63	-1	1
k63_880758	181	1239	-1	2
k63_880758	1236	3881	-1	3
k63_880758	4003	4083	-1	4
k63_1308851	2	1129	-1	1
k63_1308851	1222	3042	-1	2
k63_1308851	3124	3795	-1	3
k63_1308851	3792	4541	-1	4
k63_1308851	4528	5205	-1	5
k63_1308851	5198	5431	-1	6
k63_450537	2	694	1	1
k63_450537	725	2572	1	2
k63_988909	1	768	1	1
k63_988909	868	1239	-1	2
k63_988909	1661	2245	1	3
k63_560245	2	385	1	1
k63_560245	406	879	1	2
k63_560245	909	1310	1	3
k63_560245	1313	2548	-1	4
k63_560245	2587	3558	-1	5
k63_560245	3575	4507	-1	6
k63_775075	2	1435	-1	1
k63_775075	1573	2499	1	2
k63_775075	2481	3200	1	3
k63_237711	3	1403	1	1
k63_237711	1615	2154	-1	2
k63_237711	2218	2562	-1	3
k63_1095706	2	604	1	1
k63_1095706	595	2265	1	2
k63_1095749	3	212	-1	1
k63_1095749	295	1062	-1	2
k63_1095749	1087	2160	-1	3
k63_1095749	2163	2855	-1	4
k63_560386	2	112	1	1
k63_560386	145	552	1	2
k63_560386	590	1951	1	3
k63_560386	2044	3333	-1	4
k63_560386	3493	3555	1	5
k63_1416699	99	803	-1	1
k63_1416699	862	1857	-1	2
k63_1416699	1879	2778	-1	3
k63_881132	3	476	-1	1
k63_881132	635	1126	1	2
k63_881132	1108	1587	-1	3
k63_881132	1635	1823	1	4
k63_989755	311	886	1	1
k63_989755	904	2277	-1	2
k63_989755	2281	2487	-1	3
k63_989822	3	506	1	1
k63_989822	523	897	1	2
k63_989822	904	1425	-1	3
k63_989822	1422	2483	-1	4
k63_989822	2600	3931	1	5
k63_989822	3952	4359	1	6
k63_989822	4375	5580	1	7
k63_989822	5588	6256	1	8
k63_1096391	361	2178	1	1
k63_990028	3	227	-1	1
k63_990028	400	657	-1	2
k63_990028	654	1643	-1	3
k63_775993	33	476	1	1
k63_775993	483	1724	-1	2
k63_775993	1842	2123	1	3
k63_776063	1	999	-1	1
k63_776063	1110	2342	1	2
k63_776063	2397	3173	1	3
k63_776063	3226	4227	1	4
k63_1309896	1	459	1	1
k63_1309896	484	2775	1	2
k63_1524290	3	98	-1	1
k63_990314	3	1388	-1	1
k63_348525	3	629	-1	1
k63_348525	795	1082	1	2
k63_348525	1079	2695	-1	3
k63_24210	1	432	-1	1
k63_24210	443	1153	-1	2
k63_24210	1155	1703	-1	3
k63_24210	1716	3236	-1	4
k63_24210	3229	3771	-1	5
k63_990483	3	323	1	1
k63_990483	328	747	1	2
k63_990483	779	1546	1	3
k63_990483	1635	2417	1	4
k63_1204865	2	598	1	1
k63_1204865	897	1691	1	2
k63_1204865	1681	2532	1	3
k63_1204865	2483	3499	1	4
k63_1204865	3626	3754	-1	5
k63_1204865	3785	4321	-1	6
k63_1204865	4738	5340	1	7
k63_1417814	2	1558	-1	1
k63_1417814	1585	2409	-1	2
k63_1417869	2	1195	-1	1
k63_1417869	1201	1644	-1	2
k63_776579	1	549	-1	1
k63_776579	573	1295	-1	2
k63_776579	1292	2122	-1	3
k63_776579	2116	2409	-1	4
k63_776579	2568	2738	-1	5
k63_561771	1	1248	1	1
k63_561771	1209	1664	1	2
k63_561771	1869	2795	1	3
k63_239167	135	1421	-1	1
k63_239167	1418	1939	-1	2
k63_239167	1949	2248	-1	3
k63_1097087	173	958	-1	1
k63_1097087	940	1593	-1	2
k63_1097087	1901	2254	1	3
k63_1097186	2	331	1	1
k63_1097186	462	1598	-1	2
k63_1097186	1649	2374	-1	3
k63_348903	81	620	-1	1
k63_348903	627	1838	-1	2
k63_348903	2100	3458	-1	3
k63_348903	3451	4800	-1	4
k63_348903	4808	5500	-1	5
k63_348903	5500	6402	-1	6
k63_348903	6503	6871	1	7
k63_348903	7331	10291	-1	8
k63_349014	103	1434	1	1
k63_349014	1570	2307	1	2
k63_349014	2479	3522	1	3
k63_349014	3519	3812	1	4
k63_562029	2	82	-1	1
k63_562029	168	938	-1	2
k63_562029	935	2818	-1	3
k63_562029	2835	3683	-1	4
k63_562029	3689	5872	-1	5
k63_562029	6109	7440	1	6
k63_562029	7437	7766	1	7
k63_349079	1	1476	1	1
k63_349079	1561	1947	1	2
k63_776732	1	1908	1	1
k63_776732	1905	2606	1	2
k63_451849	2	577	-1	1
k63_451849	574	1803	-1	2
k63_451849	1803	3083	-1	3
k63_451849	3085	3756	-1	4
k63_451849	3895	4113	1	5
k63_776812	3	3665	1	1
k63_1097497	3	1103	-1	1
k63_1097497	1100	1324	-1	2
k63_1097497	1321	2577	-1	3
k63_1097497	2574	3845	-1	4
k63_1097497	3842	4639	-1	5
k63_1097668	3	389	1	1
k63_1097668	455	1240	1	2
k63_1097668	1370	1837	1	3
k63_1097668	1937	2080	1	4
k63_1097708	13	1827	-1	1
k63_1418634	2	463	1	1
k63_1418634	465	1652	1	2
k63_1418634	1649	2122	1	3
k63_1418634	2282	2482	-1	4
k63_1418792	3	590	-1	1
k63_1418792	587	1576	-1	2
k63_1418792	1585	2424	-1	3
k63_1418792	2512	2997	-1	4
k63_882997	2	310	-1	1
k63_882997	830	2032	-1	2
k63_882997	2273	3025	-1	3
k63_882997	3196	3282	-1	4
k63_349761	1	243	-1	1
k63_349761	420	1160	1	2
k63_349761	1164	2804	1	3
k63_133323	2	214	1	1
k63_133323	254	1474	1	2
k63_133323	1468	1692	1	3
k63_133323	1716	2657	1	4
k63_133323	2670	3149	1	5
k63_133323	3088	3675	1	6
k63_133323	4094	5605	1	7
k63_133323	5602	6993	1	8
k63_883195	1	441	-1	1
k63_883195	537	1331	-1	2
k63_883195	1349	2068	-1	3
k63_883195	2065	2790	-1	4
k63_883195	2815	3654	-1	5
k63_777497	2	1966	-1	1
k63_777497	1947	2435	-1	2
k63_777497	2436	3500	-1	3
k63_777497	3534	3869	-1	4
k63_777497	4010	4612	-1	5
k63_777497	4620	5216	-1	6
k63_777497	5197	6924	-1	7
k63_777497	7587	8072	-1	8
k63_777497	8152	8577	-1	9
k63_777497	8570	10393	-1	10
k63_777497	10486	11757	1	11
k63_777497	11734	12303	-1	12
k63_240208	2	1336	-1	1
k63_240208	1355	2197	-1	2
k63_350045	2	1486	-1	1
k63_883409	1	483	1	1
k63_883409	480	935	1	2
k63_883409	1008	2117	1	3
k63_883409	2126	3265	1	4
k63_883409	3259	4086	1	5
k63_883409	4083	6053	1	6
k63_883409	6132	6284	1	7
k63_452984	3	485	1	1
k63_452984	527	1321	1	2
k63_452984	1323	3335	1	3
k63_452984	3521	3763	1	4
k63_452984	3707	4243	-1	5
k63_452984	4243	4407	-1	6
k63_133946	2	1594	1	1
k63_133946	1664	1735	1	2
k63_1419660	2	181	-1	1
k63_1419660	487	1089	-1	2
k63_1419660	1163	2350	-1	3
k63_1419660	2347	2664	-1	4
k63_1098773	1	201	-1	1
k63_1098773	370	1218	1	2
k63_1098773	1258	1647	1	3
k63_1098821	2	1744	-1	1
k63_1098821	1741	2430	-1	2
k63_1098821	2415	2555	-1	3
k63_26256	1	564	1	1
k63_26256	587	2059	1	2
k63_26256	2065	2217	1	3
k63_778267	2	1327	-1	1
k63_778267	1537	2682	-1	2
k63_778267	2694	4313	-1	3
k63_26293	1	729	-1	1
k63_26293	735	1910	-1	2
k63_1526336	1	186	-1	1
k63_1526336	901	1488	-1	2
k63_1206836	3	1133	1	1
k63_1206836	1135	2343	1	2
k63_992616	3	248	-1	1
k63_992616	260	1810	-1	2
k63_992616	1776	2264	-1	3
k63_992616	2386	3111	1	4
k63_992616	3118	4377	-1	5
k63_778422	88	855	-1	1
k63_778422	859	2121	-1	2
k63_778422	2153	2920	-1	3
k63_778422	2948	3157	1	4
k63_884258	1	108	-1	1
k63_884258	108	1325	-1	2
k63_884258	1322	2347	-1	3
k63_884258	2359	3087	-1	4
k63_884258	3084	3749	-1	5
k63_563921	2	1129	1	1
k63_563921	1144	2631	1	2
k63_563921	2636	3397	1	3
k63_1420774	140	1270	-1	1
k63_1420774	1284	1808	-1	2
k63_1207633	2	1984	-1	1
k63_1207633	1996	2334	-1	2
k63_1207633	2345	2929	-1	3
k63_1207633	3022	3477	-1	4
k63_1207633	3566	4765	-1	5
k63_1207633	4802	5488	-1	6
k63_993439	1	732	1	1
k63_993439	773	1261	1	2
k63_993439	1297	1752	1	3
k63_993439	1788	2948	-1	4
k63_993439	2945	3235	-1	5
k63_1099835	2	370	1	1
k63_1099835	568	1701	1	2
k63_1099835	1774	2580	1	3
k63_1099835	2577	3554	-1	4
k63_1099835	3599	4042	-1	5
k63_1207913	1	2250	1	1
k63_1207913	2240	2989	1	2
k63_1207913	3005	3769	1	3
k63_1207913	3770	4858	1	4
k63_1100079	3	746	1	1
k63_1100079	759	1742	-1	2
k63_1100079	1756	2730	-1	3
k63_454423	325	720	-1	1
k63_454423	720	857	-1	2
k63_454423	854	2329	-1	3
k63_1527517	2	649	1	1
k63_1527517	697	1671	1	2
k63_352257	46	921	-1	1
k63_352257	967	1959	-1	2
k63_885319	22	363	1	1
k63_885319	415	810	1	2
k63_885319	1110	1910	1	3
k63_885319	1926	2747	1	4
k63_885319	2744	3208	-1	5
k63_565143	130	318	1	1
k63_565143	418	963	1	2
k63_565143	987	1250	1	3
k63_565143	1478	2149	1	4
k63_565143	2171	2704	1	5
k63_565143	2761	3171	1	6
k63_565143	3296	7027	1	7
k63_565238	545	676	-1	1
k63_565238	1230	1460	1	2
k63_565238	1409	1720	1	3
k63_565238	1692	1967	1	4
k63_1100378	1	321	1	1
k63_1100378	379	843	1	2
k63_1100378	840	1580	1	3
k63_1100378	1597	1950	1	4
k63_1100378	1965	2198	1	5
k63_1100378	2195	3043	1	6
k63_1421730	1	1068	-1	1
k63_1421730	1068	2420	-1	2
k63_1421730	2436	2891	-1	3
k63_454944	2	589	-1	1
k63_454944	586	2079	-1	2
k63_994223	1	681	-1	1
k63_994223	678	1868	-1	2
k63_994223	1870	2055	-1	3
k63_1528360	29	673	-1	1
k63_1528360	812	2635	1	2
k63_1528360	2687	3214	1	3
k63_1208855	1	810	-1	1
k63_1208855	811	2157	1	2
k63_1208855	2307	2543	1	3
k63_1314776	1	1206	1	1
k63_1314776	1212	1862	-1	2
k63_994744	1	906	1	1
k63_994744	903	2987	1	2
k63_28509	2	379	-1	1
k63_28509	396	1835	-1	2
k63_886306	3	1874	-1	1
k63_886306	1910	3190	1	2
k63_886306	3448	5013	1	3
k63_353139	1	885	-1	1
k63_353139	968	1402	1	2
k63_353139	1576	1848	1	3
k63_886482	65	565	-1	1
k63_886482	636	1619	-1	2
k63_1101178	1	822	1	1
k63_1101178	841	1974	1	2
k63_1101178	1980	3068	1	3
k63_1101178	3274	4992	1	4
k63_1101178	4992	5150	1	5
k63_674237	3	836	-1	1
k63_674237	998	1981	1	2
k63_674237	1978	2307	1	3
k63_1528880	1	924	-1	1
k63_1528880	1032	2504	-1	2
k63_1528880	2508	3170	-1	3
k63_1528880	3346	3561	1	4
k63_1528880	3558	3953	1	5
k63_1528880	3999	6302	-1	6
k63_1209458	1	81	-1	1
k63_1209458	97	900	-1	2
k63_1209458	1043	2053	1	3
k63_995119	2	2374	-1	1
k63_995119	2382	3503	-1	2
k63_781501	2	502	1	1
k63_781501	496	2046	-1	2
k63_887002	3	119	-1	1
k63_887002	80	604	-1	2
k63_887002	597	1382	-1	3
k63_887002	1401	1841	-1	4
k63_887002	1984	2367	1	5
k63_1101570	2	172	-1	1
k63_1101570	279	1301	-1	2
k63_1101570	1324	3840	-1	3
k63_1101570	3854	4666	-1	4
k63_29198	2	460	-1	1
k63_29198	457	1401	-1	2
k63_29198	1420	2259	-1	3
k63_29198	2256	2648	-1	4
k63_29198	2641	3876	-1	5
k63_29198	3873	4457	-1	6
k63_29198	4459	5004	-1	7
k63_29198	5017	6219	-1	8
k63_1423058	1	558	1	1
k63_1423058	555	1901	-1	2
k63_1423058	1952	2533	1	3
k63_1423058	2521	2973	-1	4
k63_1423058	2966	3868	-1	5
k63_566748	2	1669	1	1
k63_887176	1	81	-1	1
k63_887176	97	3207	-1	2
k63_887176	3244	3957	-1	3
k63_887176	3966	4793	-1	4
k63_887176	4793	4987	-1	5
k63_567190	3	1187	1	1
k63_567190	1206	1469	1	2
k63_567190	1466	2350	1	3
k63_138204	3	152	-1	1
k63_138204	154	1866	-1	2
k63_888190	72	1124	1	1
k63_888190	1198	2061	-1	2
k63_888190	2089	3819	-1	3
k63_888190	3837	4892	-1	4
k63_888190	4876	5745	-1	5
k63_1316884	1	492	1	1
k63_1316884	495	1625	-1	2
k63_1316884	1692	2603	-1	3
k63_1316884	2607	3887	-1	4
k63_1316884	3903	5483	-1	5
k63_1316884	5492	6085	-1	6
k63_1316884	6102	7352	-1	7
k63_1316884	7362	7913	-1	8
k63_568116	2	1051	-1	1
k63_568116	1063	1581	-1	2
k63_675962	3	359	-1	1
k63_675962	442	1464	1	2
k63_675962	1487	2296	1	3
k63_675962	2315	2818	-1	4
k63_675962	2815	3288	-1	5
k63_568252	1	1149	1	1
k63_568252	1375	2049	-1	2
k63_568252	2215	3642	-1	3
k63_568252	3754	4722	1	4
k63_568252	4711	5775	-1	5
k63_568252	5778	7967	-1	6
k63_568252	8106	8495	1	7
k63_568252	8495	9016	1	8
k63_568252	9050	10195	1	9
k63_568252	10219	10851	1	10
k63_30565	1	591	-1	1
k63_30565	685	1407	1	2
k63_30565	1398	2171	1	3
k63_888787	2	1222	-1	1
k63_888787	1381	2136	1	2
k63_888787	2133	2891	1	3
k63_888787	2957	3295	-1	4
k63_30981	2	757	1	1
k63_30981	754	1983	-1	2
k63_30981	2090	3589	1	3
k63_30981	3579	4601	-1	4
k63_30981	4625	5617	-1	5
k63_30981	5614	7101	-1	6
k63_30981	7164	7727	1	7
k63_139270	2	169	-1	1
k63_139270	368	1165	1	2
k63_139270	1162	2328	1	3
k63_139270	2346	2603	1	4
k63_355973	2	655	-1	1
k63_355973	648	1409	-1	2
k63_355973	1521	2087	1	3
k63_355973	1962	2762	-1	4
k63_997439	3	380	-1	1
k63_997439	383	1129	-1	2
k63_997439	1136	1759	-1	3
k63_997439	1759	2499	-1	4
k63_997439	2585	3100	-1	5
k63_676930	3	482	-1	1
k63_676930	626	1894	1	2
k63_676930	1899	2699	1	3
k63_676930	2708	3367	1	4
k63_676930	3342	3800	-1	5
k63_1104050	2	1081	1	1
k63_1104050	1093	2013	1	2
k63_1104050	2015	2830	1	3
k63_1104050	3442	3765	1	4
k63_1104050	3968	4069	1	5
k63_784467	3	917	1	1
k63_784467	991	1851	1	2
k63_1425349	1	492	1	1
k63_1425349	497	2206	1	2
k63_1425349	2291	3046	1	3
k63_1425349	3050	3376	1	4
k63_1318422	3	398	-1	1
k63_1318422	391	1302	-1	2
k63_1318422	1427	1498	1	3
k63_1531635	3	713	-1	1
k63_1531635	717	1556	-1	2
k63_1531635	1837	2730	1	3
k63_1531635	2788	3066	1	4
k63_784687	1	66	1	1
k63_784687	78	1223	1	2
k63_784687	1223	1606	1	3
k63_31659	3	545	1	1
k63_31659	567	1790	1	2
k63_31659	1862	2749	1	3
k63_31659	2759	3763	1	4
k63_31659	3738	4451	-1	5
k63_31659	4596	5231	1	6
k63_31659	5242	6234	1	7
k63_1104501	1	1977	1	1
k63_1104501	1974	2168	1	2
k63_677468	2	1120	-1	1
k63_677468	1145	1855	-1	2
k63_677468	1859	2260	-1	3
k63_677468	2390	2488	1	4
k63_998266	3	1343	-1	1
k63_998266	1386	2357	-1	2
k63_998266	2370	3206	-1	3
k63_998266	3335	4435	1	4
k63_998266	4432	4605	1	5
k63_247532	1	816	-1	1
k63_247532	813	1580	-1	2
k63_247532	1573	2310	-1	3
k63_247532	2323	2595	-1	4
k63_459004	3	1640	1	1
k63_459004	1680	1934	1	2
k63_677748	1	438	-1	1
k63_677748	439	1734	-1	2
k63_677748	1757	2761	-1	3
k63_677748	2824	3846	-1	4
k63_677748	3886	7074	-1	5
k63_1532643	3	197	-1	1
k63_1532643	167	979	-1	2
k63_1532643	940	2157	-1	3
k63_1532643	2159	2929	-1	4
k63_1532643	2931	3917	-1	5
k63_1532643	3939	4811	-1	6
k63_1532643	4942	6201	1	7
k63_1532643	6137	7006	-1	8
k63_1532643	7008	7907	-1	9
k63_1532643	7900	8448	-1	10
k63_140951	1	117	1	1
k63_140951	194	1477	1	2
k63_140951	1484	1630	-1	3
k63_1105311	3	1859	1	1
k63_357825	3	266	1	1
k63_357825	289	2028	1	2
k63_357825	2172	5099	-1	3
k63_1105363	1	108	-1	1
k63_1105363	105	2039	-1	2
k63_1105363	2137	2214	1	3
k63_357999	135	287	1	1
k63_357999	293	883	1	2
k63_357999	960	1835	1	3
k63_571380	2	961	1	1
k63_571380	962	1960	1	2
k63_1213814	2	124	1	1
k63_1213814	121	1215	-1	2
k63_1213814	1199	1570	-1	3
k63_1213814	1563	1691	-1	4
k63_459941	2	1243	1	1
k63_459941	1326	3206	-1	2
k63_459941	3563	3715	1	3
k63_459941	3835	5463	1	4
k63_459941	5502	7571	1	5
k63_459946	1	156	1	1
k63_459946	166	1986	1	2
k63_999365	2	556	1	1
k63_999365	557	1633	1	2
k63_999365	1667	1927	1	3
k63_999365	1927	2277	1	4
k63_1426789	1	459	1	1
k63_1426789	474	905	1	2
k63_1426789	902	2143	1	3
k63_1426789	2223	2507	1	4
k63_999448	1	714	1	1
k63_999448	689	1615	1	2
k63_999448	1616	2356	1	3
k63_999448	2353	3135	1	4
k63_249010	2	658	-1	1
k63_249010	753	1754	-1	2
k63_249010	1782	2249	-1	3
k63_249010	2565	3659	1	4
k63_1106179	1	168	-1	1
k63_1106179	268	711	-1	2
k63_1106179	859	1809	1	3
k63_679410	2	91	1	1
k63_679410	91	1395	1	2
k63_679410	1392	1553	1	3
k63_1427428	2	265	-1	1
k63_1427428	280	1356	-1	2
k63_1427428	1443	2423	-1	3
k63_1533807	1	567	1	1
k63_1533807	629	1609	1	2
k63_1533807	1606	1866	1	3
k63_1533857	3	1376	-1	1
k63_1533857	1379	2035	-1	2
k63_1533857	2396	2500	1	3
k63_249515	52	828	-1	1
k63_249515	825	1658	-1	2
k63_249515	1741	1896	-1	3
k63_249515	1949	2809	-1	4
k63_249515	2926	3147	-1	5
k63_358867	3	227	-1	1
k63_358867	253	1116	-1	2
k63_358867	1261	1893	1	3
k63_1106538	165	1079	1	1
k63_1106538	1072	1740	1	2
k63_1000118	3	689	-1	1
k63_1000118	929	1573	1	2
k63_1000118	1583	1879	-1	3
k63_33540	52	1182	-1	1
k63_33540	1179	2162	-1	2
k63_33540	2188	2343	-1	3
k63_572643	2	532	1	1
k63_572643	576	1223	1	2
k63_359096	2	403	1	1
k63_359096	417	2333	1	2
k63_359096	2416	3501	1	3
k63_359096	3813	4688	1	4
k63_461049	1	1584	-1	1
k63_461049	1618	1899	-1	2
k63_33684	53	2038	-1	1
k63_33684	2035	3741	-1	2
k63_33684	3763	4770	-1	3
k63_33862	3	830	1	1
k63_33862	1074	1925	-1	2
k63_33862	2225	2812	-1	3
k63_1428343	111	1004	-1	1
k63_1428343	1194	1439	1	2
k63_1428343	1644	1796	1	3
k63_1428343	1824	2459	1	4
k63_1534959	6	272	-1	1
k63_1534959	336	1199	-1	2
k63_1534959	1223	1873	-1	3
k63_1534959	1870	2511	-1	4
k63_1534959	2664	3326	1	5
k63_1534959	3433	3942	1	6
k63_462270	1	513	1	1
k63_462270	570	1556	1	2
k63_462270	1546	1908	1	3
k63_1107987	2	814	-1	1
k63_1107987	947	2203	-1	2
k63_1107987	2182	3210	-1	3
k63_1107987	3216	4223	-1	4
k63_1535345	1	456	1	1
k63_1535345	453	2567	1	2
k63_1535345	2603	3409	1	3
k63_1535345	3526	5061	-1	4
k63_1535345	5204	5335	1	5
k63_34438	584	1966	-1	1
k63_34438	1963	3270	-1	2
k63_1321923	2	1144	-1	1
k63_1321923	1225	2064	-1	2
k63_1321923	2223	2609	1	3
k63_1108172	143	1624	-1	1
k63_1108172	1611	1835	-1	2
k63_462847	2	154	1	1
k63_462847	151	801	1	2
k63_462847	882	2210	1	3
k63_462847	2236	2352	1	4
k63_1321982	1	1449	1	1
k63_1321982	1435	2388	-1	2
k63_1321982	2385	4265	-1	3
k63_1321982	4275	4358	-1	4
k63_1429171	3	173	-1	1
k63_1429171	170	1150	-1	2
k63_1429171	1147	1926	-1	3
k63_1429171	1926	2687	-1	4
k63_1429171	2754	4013	-1	5
k63_1429171	4010	4249	-1	6
k63_1429171	4361	5107	-1	7
k63_1429171	5109	6005	-1	8
k63_681446	94	1674	1	1
k63_681446	1716	2168	-1	2
k63_681524	349	2007	1	1
k63_681524	2022	3104	1	2
k63_681524	3153	4463	1	3
k63_34691	3	353	-1	1
k63_34691	597	2840	-1	2
k63_788882	2	136	-1	1
k63_788882	138	1019	-1	2
k63_788882	1191	2147	1	3
k63_1535742	3	875	-1	1
k63_1535742	842	2254	-1	2
k63_1535742	2771	4213	-1	3
k63_1535742	4220	4876	-1	4
k63_1108877	135	956	-1	1
k63_1108877	964	2298	-1	2
k63_1108976	72	1325	1	1
k63_1108976	1332	1973	-1	2
k63_1108976	1977	2489	-1	3
k63_1108976	2588	3061	1	4
k63_682373	2	1492	1	1
k63_682373	1673	2194	1	2
k63_682373	2239	4038	1	3
k63_682373	4098	5228	1	4
k63_682373	5389	6237	-1	5
k63_682373	6419	6991	-1	6
k63_145316	2	1423	1	1
k63_145316	1525	2262	1	2
k63_145316	2367	3011	1	3
k63_145316	3159	3926	-1	4
k63_145316	3913	4068	-1	5
k63_1323438	2	1642	1	1
k63_1323438	1675	1917	1	2
k63_1323438	2003	2443	-1	3
k63_1323438	2449	3642	-1	4
k63_1323438	3670	4206	-1	5
k63_1109698	1	786	-1	1
k63_1109698	783	1259	-1	2
k63_1109698	1267	1791	-1	3
k63_895547	1	1527	1	1
k63_575305	2	382	-1	1
k63_575305	393	485	-1	2
k63_575305	798	1586	1	3
k63_575305	1583	2470	-1	4
k63_575305	2549	2824	1	5
k63_895621	1	300	1	1
k63_895621	281	1030	1	2
k63_895621	1017	1691	1	3
k63_895621	1694	2788	1	4
k63_895621	2870	3085	1	5
k63_252804	3	581	1	1
k63_252804	670	1944	1	2
k63_895929	2	751	1	1
k63_895929	860	1192	-1	2
k63_895929	1189	1443	-1	3
k63_895929	1492	2700	-1	4
k63_895929	2816	4069	-1	5
k63_683265	3	1166	1	1
k63_683265	1241	1627	-1	2
k63_683265	1624	1881	-1	3
k63_683265	1992	2354	-1	4
k63_361939	20	610	-1	1
k63_361939	789	983	-1	2
k63_361939	1223	1513	1	3
k63_361939	1597	1836	1	4
k63_361939	1909	2331	-1	5
k63_361939	2355	3041	-1	6
k63_361939	3105	3473	-1	7
k63_361939	3495	3857	-1	8
k63_361939	3862	4257	-1	9
k63_361939	4254	5000	-1	10
k63_361939	5013	6722	-1	11
k63_361939	6813	7760	-1	12
k63_361939	7753	8127	-1	13
k63_361939	8129	9268	-1	14
k63_361939	9284	11005	-1	15
k63_361939	11159	12010	1	16
k63_361939	12024	12533	1	17
k63_361939	12505	12927	1	18
k63_896066	2	79	1	1
k63_896066	117	908	1	2
k63_896066	905	2101	1	3
k63_896066	2136	2906	1	4
k63_253087	17	487	-1	1
k63_253087	539	985	-1	2
k63_253087	982	1254	-1	3
k63_253087	1417	2025	-1	4
k63_1324362	2	517	-1	1
k63_1324362	532	1446	-1	2
k63_1324362	1550	1888	-1	3
k63_576357	3	413	-1	1
k63_576357	745	1641	1	2
k63_576357	1638	2915	1	3
k63_576357	2912	4078	1	4
k63_576357	4059	4451	-1	5
k63_576357	4448	4693	-1	6
k63_683910	1	363	1	1
k63_683910	365	1828	-1	2
k63_683910	1973	3223	1	3
k63_683910	3241	3489	-1	4
k63_683910	3544	4287	-1	5
k63_683910	4348	5430	-1	6
k63_683910	5510	6559	-1	7
k63_683910	6646	7035	-1	8
k63_1003801	41	1891	-1	1
k63_1003801	1911	3098	1	2
k63_1003801	3119	3703	1	3
k63_1003801	3959	5446	1	4
k63_1003801	5543	6202	1	5
k63_1003908	13	894	-1	1
k63_1003908	939	2081	1	2
k63_1003908	2086	2946	-1	3
k63_791974	3	794	-1	1
k63_791974	794	1615	-1	2
k63_791974	1928	2731	1	3
k63_791974	2748	3149	1	4
k63_1003944	1	213	1	1
k63_1003944	218	1228	1	2
k63_1003944	1354	1692	1	3
k63_1003944	1779	2804	1	4
k63_1003944	2793	4124	-1	5
k63_1003944	4162	5154	-1	6
k63_1003944	5245	6321	-1	7
k63_1003944	6700	6978	-1	8
k63_1110975	1	246	-1	1
k63_1110975	243	1220	-1	2
k63_1110975	1235	1555	-1	3
k63_1111063	3	581	-1	1
k63_1111063	595	1713	-1	2
k63_1111063	1723	3471	-1	3
k63_1111063	3492	4784	1	4
k63_1111063	4770	5984	-1	5
k63_1111063	5977	6831	-1	6
k63_1111063	6835	7299	-1	7
k63_1111063	7659	8870	1	8
k63_1111063	9084	9257	1	9
k63_253997	103	1176	-1	1
k63_253997	1178	2542	-1	2
k63_253997	2968	6708	1	3
k63_897132	66	1481	-1	1
k63_897132	1488	2183	-1	2
k63_792521	3	1037	-1	1
k63_792521	1120	1920	1	2
k63_792521	2061	2318	-1	3
k63_684616	161	1189	-1	1
k63_684616	1367	2251	1	2
k63_684616	2315	3895	1	3
k63_684616	4392	4856	1	4
k63_684616	5056	5307	1	5
k63_684616	5323	5538	1	6
k63_577266	2	601	1	1
k63_577266	615	1490	1	2
k63_577266	1515	2438	1	3
k63_577266	2524	2721	1	4
k63_1004445	7	1518	-1	1
k63_148355	2	1846	-1	1
k63_255371	3	560	-1	1
k63_255371	658	1527	1	2
k63_255371	1553	3367	1	3
k63_793363	2	541	-1	1
k63_793363	691	2016	1	2
k63_793363	2031	2795	1	3
k63_793363	2829	3134	1	4
k63_898325	3	485	1	1
k63_898325	502	1452	1	2
k63_898325	1708	3066	1	3
k63_898325	3063	4418	1	4
k63_898325	4415	4774	1	5
k63_898325	5142	5405	1	6
k63_898325	5430	5510	1	7
k63_577948	50	1099	1	1
k63_577948	1363	1956	-1	2
k63_577948	2460	2954	1	3
k63_1539131	3	968	1	1
k63_1539131	990	2102	1	2
k63_1539131	2107	2208	-1	3
k63_256085	1	663	-1	1
k63_256085	775	1119	-1	2
k63_256085	1101	2441	-1	3
k63_256085	2438	3499	-1	4
k63_256085	3517	3816	-1	5
k63_256085	3837	4001	-1	6
k63_898983	2	895	-1	1
k63_898983	1041	2288	1	2
k63_898983	2295	3263	-1	3
k63_898983	3351	4232	-1	4
k63_686147	2	538	1	1
k63_686147	529	846	1	2
k63_686147	1017	1565	-1	3
k63_256164	3	1157	1	1
k63_256164	1198	1527	1	2
k63_794077	2	919	1	1
k63_794077	923	1084	1	2
k63_794077	1109	1621	1	3
k63_794077	1658	2326	1	4
k63_794077	2338	3261	1	5
k63_794077	3274	3885	1	6
k63_1005686	1	504	1	1
k63_1005686	519	2417	1	2
k63_1005686	2414	3448	1	3
k63_1005686	3441	3815	1	4
k63_1005686	4277	4750	1	5
k63_364642	3	224	1	1
k63_364642	236	397	1	2
k63_364642	414	1565	1	3
k63_364642	1572	2711	1	4
k63_466826	2	337	1	1
k63_466826	416	2653	1	2
k63_466826	2783	2989	1	3
k63_794378	3	233	-1	1
k63_794378	247	1842	-1	2
k63_1539855	119	853	-1	1
k63_1539855	859	2301	-1	2
k63_1539855	2334	3740	-1	3
k63_1539855	3839	5278	1	4
k63_1539855	5281	5523	1	5
k63_579284	211	795	1	1
k63_579284	1953	2192	1	2
k63_579284	2320	3162	1	3
k63_579284	3177	4529	1	4
k63_579284	4534	5073	1	5
k63_1114056	1	1146	1	1
k63_1114056	1210	2385	1	2
k63_1114056	2402	2710	1	3
k63_1114056	2710	4161	1	4
k63_1114056	4177	5241	1	5
k63_1114056	5238	6344	1	6
k63_1114056	6419	6601	1	7
k63_467466	1	126	1	1
k63_467466	152	424	1	2
k63_467466	431	784	1	3
k63_467466	777	1673	1	4
k63_467466	1674	2093	1	5
k63_467466	2096	2362	1	6
k63_467466	2452	4521	1	7
k63_467466	4638	5930	1	8
k63_467466	5950	6348	1	9
k63_1114386	3	368	-1	1
k63_1114386	402	1235	-1	2
k63_1114386	1288	1512	-1	3
k63_579574	2	85	1	1
k63_579574	163	1152	1	2
k63_579574	1155	2714	1	3
k63_579574	2718	3728	1	4
k63_579574	3832	3981	-1	5
k63_1435141	3	275	-1	1
k63_1435141	305	2023	-1	2
k63_1435141	2065	3648	-1	3
k63_1435141	3661	4023	-1	4
k63_257739	143	901	1	1
k63_257739	914	1453	1	2
k63_257739	1462	2052	1	3
k63_257739	2063	3088	1	4
k63_257739	3085	3237	1	5
k63_1007604	2	520	-1	1
k63_1007604	530	1531	-1	2
k63_1007604	1646	2572	1	3
k63_40897	1	669	-1	1
k63_40897	674	2005	-1	2
k63_40897	2009	2830	-1	3
k63_1542052	129	1442	1	1
k63_1542052	1643	2737	1	2
k63_1542052	2855	2980	1	3
k63_1542052	2983	3750	-1	4
k63_1542052	3789	4334	-1	5
k63_1115807	45	800	-1	1
k63_1115807	1107	2102	1	2
k63_1115884	2	406	1	1
k63_1115884	420	1190	-1	2
k63_1115884	1209	1847	-1	3
k63_258775	1	1635	1	1
k63_1330248	1	714	-1	1
k63_1330248	847	3156	1	2
k63_1330248	3153	3713	-1	3
k63_1330248	3742	4944	-1	4
k63_1330248	5059	5376	-1	5
k63_1330248	5373	5630	-1	6
k63_1330248	5975	6838	1	7
k63_1330248	6852	7850	1	8
k63_1330248	7847	8827	1	9
k63_1330248	8924	9094	1	10
k63_798237	2	631	-1	1
k63_798237	656	1687	-1	2
k63_798237	1684	3069	-1	3
k63_798237	3107	3349	1	4
k63_690096	1	993	-1	1
k63_690096	1010	1744	-1	2
k63_690096	1741	1836	-1	3
k63_1437758	1	288	1	1
k63_1437758	303	1220	1	2
k63_1437758	1245	1604	-1	3
k63_799198	3	887	1	1
k63_799198	785	1507	-1	2
k63_799198	1562	2341	-1	3
k63_42473	11	958	-1	1
k63_42473	1066	1371	-1	2
k63_42473	1364	1807	-1	3
k63_1543974	2	241	1	1
k63_1543974	214	591	-1	2
k63_1543974	874	1353	1	3
k63_1543974	1350	2177	1	4
k63_1543974	2170	2724	1	5
k63_260089	2	1393	1	1
k63_260089	1445	1909	1	2
k63_260089	1926	3299	1	3
k63_1438331	8	235	-1	1
k63_1438331	540	1424	-1	2
k63_1438331	1417	1614	-1	3
k63_1438331	1827	2732	1	4
k63_1438331	2729	4135	-1	5
k63_1438331	4132	4614	-1	6
k63_1438331	4764	5576	1	7
k63_1438331	5644	6381	-1	8
k63_1438331	6394	8220	-1	9
k63_1438331	8441	9271	-1	10
k63_1438331	9268	9864	-1	11
k63_153621	3	506	-1	1
k63_153621	511	1563	-1	2
k63_153621	1652	1780	-1	3
k63_582196	1	774	-1	1
k63_582196	1960	3171	1	2
k63_1331711	1	345	1	1
k63_1331711	532	1440	1	2
k63_1331711	1559	1978	1	3
k63_1438758	1	339	1	1
k63_1438758	498	1328	1	2
k63_1438758	1400	2023	-1	3
k63_1438758	2091	3410	-1	4
k63_903654	2	1417	1	1
k63_903654	1433	1768	1	2
k63_470516	1	1365	1	1
k63_470516	1350	2435	1	2
k63_470534	2	643	1	1
k63_470534	810	1343	1	2
k63_470534	1345	1797	1	3
k63_470534	1808	2731	1	4
k63_470534	2991	3953	1	5
k63_470534	4048	5286	1	6
k63_1010401	2	1102	1	1
k63_1010401	1086	1913	1	2
k63_691088	2	886	1	1
k63_691088	893	3388	-1	2
k63_1544851	37	1764	-1	1
k63_582794	2	196	1	1
k63_582794	209	1909	1	2
k63_582794	1918	3465	1	3
k63_582794	3462	3650	1	4
k63_582794	3657	4415	1	5
k63_582794	4421	5182	1	6
k63_582794	5184	5330	1	7
k63_471305	3	752	1	1
k63_471305	759	1940	1	2
k63_471305	2003	2965	1	3
k63_471305	3024	4163	-1	4
k63_471305	4234	4305	-1	5
k63_1118931	2	583	-1	1
k63_1118931	635	1477	1	2
k63_1118931	1423	1572	-1	3
k63_1118931	1569	2576	-1	4
k63_1118931	2586	3968	-1	5
k63_1118931	3986	4669	-1	6
k63_1118931	4694	5893	-1	7
k63_1118931	5890	6432	-1	8
k63_1118931	6441	7193	-1	9
k63_43806	1	2076	-1	1
k63_43806	2194	2493	-1	2
k63_43806	2498	3634	-1	3
k63_43806	3641	3844	-1	4
k63_1439780	2	70	-1	1
k63_1439780	72	593	-1	2
k63_1439780	609	1076	-1	3
k63_1439780	1294	1833	-1	4
k63_1439780	1841	2227	-1	5
k63_1439780	2429	3772	1	6
k63_1439780	3839	5137	1	7
k63_154654	3	467	-1	1
k63_154654	469	1641	-1	2
k63_154654	1795	2928	1	3
k63_154654	3204	4340	1	4
k63_154654	4337	5125	1	5
k63_154654	5147	6322	1	6
k63_154654	6358	7005	-1	7
k63_154654	7138	8211	-1	8
k63_1119142	3	1223	1	1
k63_1119142	1237	2076	1	2
k63_1119142	2091	2687	1	3
k63_1119142	2705	3241	1	4
k63_1119142	3310	4212	-1	5
k63_1119142	4339	4479	1	6
k63_1333032	3	725	-1	1
k63_1333032	778	1602	-1	2
k63_1333032	1855	1914	1	3
k63_801453	125	1804	1	1
k63_801453	1812	3602	-1	2
k63_801453	3973	4164	1	3
k63_692346	3	1388	-1	1
k63_692346	1733	1924	-1	2
k63_584165	29	1048	1	1
k63_584165	1234	3669	1	2
k63_584221	3	314	-1	1
k63_584221	423	1697	1	2
k63_584221	1938	2084	-1	3
k63_472020	1	1329	-1	1
k63_472020	1317	2801	-1	2
k63_472020	2802	4232	-1	3
k63_370757	75	3281	1	1
k63_370757	3283	5223	-1	2
k63_370757	5411	5683	-1	3
k63_1226763	2	1552	1	1
k63_1226763	1874	2695	1	2
k63_1226763	2701	3282	-1	3
k63_692754	2	568	1	1
k63_692754	587	1384	-1	2
k63_692754	1368	1937	-1	3
k63_45469	1	3546	-1	1
k63_472656	3	737	1	1
k63_472656	762	2201	-1	2
k63_1227146	3	2021	1	1
k63_1227146	2062	3318	1	2
k63_1227146	3320	5059	1	3
k63_46152	3	1523	1	1
k63_46152	1565	2557	1	2
k63_693363	2	1096	1	1
k63_693363	1116	1298	-1	2
k63_693363	1308	2030	-1	3
k63_693363	2046	3251	-1	4
k63_693363	3396	4436	-1	5
k63_693363	4450	4776	-1	6
k63_693461	3	98	-1	1
k63_693461	153	1640	-1	2
k63_693461	1644	2648	-1	3
k63_693461	2855	4582	1	4
k63_1547812	1	72	1	1
k63_1547812	99	959	1	2
k63_1547812	963	2117	1	3
k63_906497	1	1683	1	1
k63_906497	1685	2062	1	2
k63_1442167	1	354	1	1
k63_1442167	357	1640	1	2
k63_1442167	1820	2113	1	3
k63_803537	1	504	1	1
k63_803537	547	999	1	2
k63_803537	1004	1891	1	3
k63_803537	1896	2717	-1	4
k63_586146	2	316	-1	1
k63_586146	347	1837	-1	2
k63_586146	1834	2271	-1	3
k63_47053	158	1582	1	1
k63_372976	3	89	1	1
k63_372976	358	1197	1	2
k63_372976	1352	2500	-1	3
k63_372976	2587	2802	1	4
k63_372976	2916	4130	-1	5
k63_372976	4593	4910	1	6
k63_47304	2	634	-1	1
k63_47304	654	1451	-1	2
k63_47304	1499	2539	-1	3
k63_1548652	2	319	1	1
k63_1548652	316	699	1	2
k63_1548652	696	1118	1	3
k63_1548652	1127	2845	1	4
k63_373303	3	281	-1	1
k63_373303	356	682	-1	2
k63_373303	706	1707	-1	3
k63_373303	1713	1895	-1	4
k63_1548841	48	1517	-1	1
k63_1548841	1675	3069	-1	2
k63_1548841	3133	3495	1	3
k63_1548841	3492	4538	1	4
k63_1548841	4535	4672	1	5
k63_1548841	4854	5690	1	6
k63_1548841	5691	6092	1	7
k63_1548889	1	570	1	1
k63_1548889	581	1738	1	2
k63_1548889	1851	2549	1	3
k63_158051	1	756	-1	1
k63_158051	853	2553	-1	2
k63_158051	2559	3107	-1	3
k63_158051	3123	3932	-1	4
k63_265076	3	1454	1	1
k63_265076	1461	2510	-1	2
k63_265137	407	2014	-1	1
k63_265137	2049	3641	-1	2
k63_695195	3	812	-1	1
k63_695195	815	1504	-1	2
k63_695195	1514	1594	-1	3
k63_1443891	2	835	-1	1
k63_1443891	995	2005	1	2
k63_1443891	2008	2139	1	3
k63_475364	3	347	-1	1
k63_475364	349	789	-1	2
k63_475364	779	1063	-1	3
k63_475364	1140	1601	-1	4
k63_805663	3	119	1	1
k63_805663	239	2446	1	2
k63_805663	2586	2837	-1	3
k63_805663	2962	3768	-1	4
k63_805663	3931	5019	1	5
k63_805663	5054	6391	1	6
k63_805663	6405	7652	1	7
k63_805663	7649	8890	1	8
k63_805663	8887	10131	1	9
k63_805717	3	113	-1	1
k63_805717	245	949	1	2
k63_805717	946	2745	-1	3
k63_805717	2763	3677	-1	4
k63_1444466	3	2033	-1	1
k63_1444466	2359	2811	-1	2
k63_1444466	2923	3165	-1	3
k63_375158	717	1769	1	1
k63_375158	1775	2170	1	2
k63_375158	2180	3310	-1	3
k63_375158	3481	4464	1	4
k63_375158	4465	5055	-1	5
k63_375158	5124	5927	-1	6
k63_588483	1	1932	1	1
k63_476362	31	246	-1	1
k63_476362	451	660	-1	2
k63_476362	771	1697	-1	3
k63_476362	1874	2815	-1	4
k63_476362	3253	3429	1	5
k63_1230165	1	1155	-1	1
k63_1230165	1160	1534	-1	2
k63_589037	1	330	-1	1
k63_589037	350	1279	-1	2
k63_589037	1276	2391	-1	3
k63_589037	2781	3314	1	4
k63_589037	3387	3836	-1	5
k63_589037	3917	4612	-1	6
k63_589037	4612	5229	-1	7
k63_589037	5303	5482	-1	8
k63_589037	5489	6157	-1	9
k63_589037	6157	6834	-1	10
k63_589037	6831	7544	-1	11
k63_589037	7544	8617	-1	12
k63_589037	8621	9058	-1	13
k63_589037	9105	11324	-1	14
k63_697616	3	605	-1	1
k63_697616	688	894	-1	2
k63_697616	1146	2282	-1	3
k63_697616	2489	3109	1	4
k63_477065	98	394	1	1
k63_477065	397	1287	1	2
k63_477065	1349	1705	-1	3
k63_477065	1745	1933	-1	4
k63_477065	1997	2176	-1	5
k63_806991	2	262	1	1
k63_806991	299	1066	1	2
k63_806991	1182	3512	1	3
k63_807180	3	179	-1	1
k63_807180	181	1992	-1	2
k63_807433	60	821	1	1
k63_807433	838	1317	1	2
k63_807433	1454	1906	1	3
k63_807433	1909	2574	1	4
k63_1551235	29	754	1	1
k63_1551235	751	978	-1	2
k63_1551235	953	1516	-1	3
k63_1231166	2	787	-1	1
k63_1231166	980	1519	-1	2
k63_1231166	1516	2565	-1	3
k63_1231166	2571	2990	-1	4
k63_477852	2	1354	-1	1
k63_477852	1370	2992	-1	2
k63_377878	1	639	-1	1
k63_377878	691	1098	-1	2
k63_377878	1188	1628	1	3
k63_377878	1625	2173	-1	4
k63_1126335	244	2400	1	1
k63_1126335	2484	2861	-1	2
k63_1126335	2858	3097	-1	3
k63_1126335	3254	4003	-1	4
k63_1126335	4092	4697	-1	5
k63_478294	23	1420	-1	1
k63_478294	1463	2056	-1	2
k63_478295	2	1336	1	1
k63_478295	1337	2503	1	2
k63_478555	1	1398	1	1
k63_478555	1517	2770	-1	2
k63_478555	2812	4347	-1	3
k63_478555	4352	5338	-1	4
k63_912023	1	369	-1	1
k63_912023	418	1161	-1	2
k63_912023	1369	3021	-1	3
k63_912023	3188	4366	1	4
k63_912023	4389	5210	-1	5
k63_912023	5248	5952	-1	6
k63_808800	168	1643	-1	1
k63_808800	1824	2351	1	2
k63_591503	2	121	1	1
k63_591503	191	1066	1	2
k63_591503	1069	1806	1	3
k63_591503	1900	2913	1	4
k63_591503	2962	4152	-1	5
k63_1232671	3	476	-1	1
k63_1232671	486	1709	-1	2
k63_1342230	2	1126	-1	1
k63_1342230	1147	1986	-1	2
k63_1342230	1993	3006	-1	3
k63_1342230	3023	4294	-1	4
k63_55828	24	1112	-1	1
k63_55828	1122	2099	-1	2
k63_55828	2099	3097	-1	3
k63_55828	3199	3789	-1	4
k63_55829	3	224	-1	1
k63_55829	239	2452	-1	2
k63_55829	2462	4696	-1	3
k63_55829	4857	5654	1	4
k63_1554330	2	766	1	1
k63_1554330	813	1301	1	2
k63_1554330	1400	2839	-1	3
k63_1554330	3023	3772	1	4
k63_1450302	3	371	-1	1
k63_1450302	371	772	-1	2
k63_1450302	789	1253	-1	3
k63_1450302	1316	2269	1	4
k63_1450302	2262	5099	-1	5
k63_1450302	5121	5435	-1	6
k63_702666	2	1003	1	1
k63_702666	1014	1139	-1	2
k63_702666	1111	1515	-1	3
k63_1554729	3	662	-1	1
k63_1554729	750	1679	1	2
k63_1554729	1794	1928	1	3
k63_480968	109	396	1	1
k63_480968	432	923	1	2
k63_480968	1034	1525	1	3
k63_381033	2206	4290	1	1
k63_381210	3	1109	1	1
k63_381210	1124	1552	1	2
k63_1235235	1	915	1	1
k63_1235235	997	2553	1	2
k63_382183	2	1624	1	1
k63_382183	1621	2661	1	2
k63_382183	2658	2942	1	3
k63_1556295	3	860	-1	1
k63_1556295	975	1790	-1	2
k63_1556295	1811	2320	-1	3
k63_482314	26	1708	1	1
k63_274038	3	86	-1	1
k63_274038	323	1129	1	2
k63_274038	1126	2412	1	3
k63_274038	2452	2583	1	4
k63_1345384	2	1222	1	1
k63_1345384	1235	1801	1	2
k63_1345384	1841	2998	1	3
k63_1345384	3072	3959	1	4
k63_482874	3	1112	1	1
k63_482874	1109	2125	1	2
k63_482939	2	190	-1	1
k63_482939	505	1473	1	2
k63_916800	68	925	-1	1
k63_916800	933	1649	-1	2
k63_1558297	21	506	-1	1
k63_1558297	542	1948	-1	2
k63_1558297	1993	2094	-1	3
k63_918027	2	418	1	1
k63_918027	506	1387	1	2
k63_918027	1368	2150	-1	3
k63_918027	2311	2538	1	4
k63_918027	2638	2943	1	5
k63_918027	2948	3805	1	6
k63_918027	3812	4765	-1	7
k63_918027	4762	5868	-1	8
k63_815593	2	433	-1	1
k63_815593	430	786	-1	2
k63_815593	783	1754	-1	3
k63_815593	1751	2065	-1	4
k63_815593	2065	2331	-1	5
k63_815593	2331	2819	-1	6
k63_815593	3077	3178	1	7
k63_1455440	3	449	-1	1
k63_1455440	446	856	-1	2
k63_1455440	860	1273	-1	3
k63_1455440	1276	1893	-1	4
k63_1455440	1948	3090	-1	5
k63_1455440	3357	4295	1	6
k63_1455440	4292	4999	-1	7
k63_61336	1	186	-1	1
k63_61336	251	1021	-1	2
k63_61336	1048	1524	-1	3
k63_61336	1709	3103	1	4
k63_61336	3113	4348	1	5
k63_61336	4440	5546	1	6
k63_61336	5552	6868	-1	7
k63_919267	1	1302	-1	1
k63_919267	1464	2558	-1	2
k63_919267	2629	4623	-1	3
k63_919267	4717	4935	1	4
k63_385911	2	1594	1	1
k63_385911	1597	2874	1	2
k63_1026181	1	786	-1	1
k63_1026181	808	1692	-1	2
k63_1026181	1692	2468	-1	3
k63_486330	3	2744	-1	1
k63_708039	1	117	-1	1
k63_708039	225	1037	-1	2
k63_708039	1051	1791	-1	3
k63_1457631	3	224	-1	1
k63_1457631	241	612	-1	2
k63_1457631	834	1997	-1	3
k63_486559	3	620	-1	1
k63_486559	617	1996	-1	2
k63_486559	1993	2712	-1	3
k63_486559	2706	4277	-1	4
k63_1027655	823	1671	-1	1
k63_1027655	1820	2866	-1	2
k63_1561314	3	1505	-1	1
k63_1561314	1502	3142	-1	2
k63_818107	204	1397	1	1
k63_818107	1467	2687	1	2
k63_818107	2715	3395	1	3
k63_1028004	2	904	-1	1
k63_1028004	956	1855	1	2
k63_921747	1	651	-1	1
k63_921747	758	1717	-1	2
k63_921927	1	948	-1	1
k63_921927	1039	1575	-1	2
k63_921927	1580	2167	-1	3
k63_921927	2174	2830	-1	4
k63_172272	3	332	-1	1
k63_172272	404	1705	-1	2
k63_172272	1794	3239	-1	3
k63_172272	3236	4741	-1	4
k63_172272	4872	5732	-1	5
k63_172272	5856	6005	-1	6
k63_922614	2	682	1	1
k63_922614	797	1747	-1	2
k63_922614	1862	2137	-1	3
k63_602981	2	619	1	1
k63_602981	636	1874	1	2
k63_172703	2	610	-1	1
k63_172703	607	1332	-1	2
k63_172703	1424	2761	1	3
k63_172703	2811	4028	-1	4
k63_172703	4019	4720	-1	5
k63_172703	4722	5960	-1	6
k63_172703	5957	7156	-1	7
k63_172703	7196	7279	-1	8
k63_1350696	2	946	-1	1
k63_1350696	943	2307	-1	2
k63_1029361	3	638	-1	1
k63_1029361	718	1977	1	2
k63_710468	2	1615	1	1
k63_710468	1751	2029	1	2
k63_710468	2026	2874	1	3
k63_710468	2990	3562	1	4
k63_819444	1	594	1	1
k63_819444	721	1479	1	2
k63_819444	1506	2216	-1	3
k63_489046	1	1020	-1	1
k63_489046	998	1588	-1	2
k63_489046	1952	2887	-1	3
k63_489046	3076	3210	-1	4
k63_489046	3683	4924	1	5
k63_489046	4948	5319	1	6
k63_489046	5420	5917	-1	7
k63_1351236	3	287	-1	1
k63_1351236	366	1805	1	2
k63_1351236	1870	2577	1	3
k63_1563288	1	1182	-1	1
k63_1563288	1205	2089	-1	2
k63_1243539	2	799	1	1
k63_1243539	796	1998	1	2
k63_1243539	2053	2331	-1	3
k63_711162	49	258	1	1
k63_711162	255	1424	1	2
k63_711162	1613	2473	1	3
k63_604504	1	795	-1	1
k63_604504	734	1546	-1	2
k63_604504	1602	1778	1	3
k63_490756	1	321	1	1
k63_490756	418	744	1	2
k63_490756	798	1376	1	3
k63_490756	1373	2413	1	4
k63_1565044	3	755	-1	1
k63_1565044	1112	2293	1	2
k63_1565044	2364	2765	-1	3
k63_1565044	2943	4409	1	4
k63_1565044	4482	4562	1	5
k63_1245736	3	239	-1	1
k63_1245736	236	673	-1	2
k63_1245736	995	2185	-1	3
k63_1245736	2246	2917	-1	4
k63_491336	1	1827	1	1
k63_491336	1947	3041	-1	2
k63_491601	2	277	-1	1
k63_491601	282	884	-1	2
k63_491601	865	2223	-1	3
k63_491601	2405	3175	1	4
k63_281951	2	907	1	1
k63_281951	956	1561	1	2
k63_1353651	1	588	1	1
k63_1353651	602	1558	1	2
k63_1353651	1571	2266	1	3
k63_1353651	2336	4726	1	4
k63_1353651	4726	5595	1	5
k63_1566725	3	299	-1	1
k63_1566725	319	1146	-1	2
k63_1566725	1153	1566	-1	3
k63_1566725	1566	2795	-1	4
k63_1566725	2834	4954	-1	5
k63_927612	1	318	-1	1
k63_927612	478	1521	-1	2
k63_927612	1521	1952	-1	3
k63_927612	2129	3670	1	4
k63_927612	3675	3854	1	5
k63_927612	3851	5452	1	6
k63_927612	5522	6337	1	7
k63_179323	2	1042	1	1
k63_179323	1119	2642	1	2
k63_179323	2719	2997	1	3
k63_283879	14	1465	-1	1
k63_283879	1507	3894	-1	2
k63_283879	3904	5946	-1	3
k63_283879	6032	6253	-1	4
k63_179533	2	97	1	1
k63_179533	167	703	1	2
k63_179533	707	1507	-1	3
k63_284160	1	1023	-1	1
k63_284160	1176	1688	1	2
k63_284160	1688	1990	1	3
k63_928844	73	309	1	1
k63_928844	313	1758	1	2
k63_928844	1784	2185	1	3
k63_395215	1	1113	1	1
k63_395215	1189	2040	-1	2
k63_395215	2049	2813	-1	3
k63_395215	2810	3658	-1	4
k63_180263	1	651	-1	1
k63_180263	638	1507	-1	2
k63_180263	1538	2500	-1	3
k63_180263	2660	3145	-1	4
k63_180263	3345	3797	1	5
k63_1142857	2	268	1	1
k63_1142857	323	3067	-1	2
k63_1142857	3198	4337	-1	3
k63_1142857	4419	4979	-1	4
k63_1465721	2	310	1	1
k63_1465721	317	1798	-1	2
k63_1465721	1812	2348	-1	3
k63_1465721	2317	2451	-1	4
k63_494654	3	1016	1	1
k63_494654	1056	1661	1	2
k63_494654	1665	2765	1	3
k63_494654	2755	3765	1	4
k63_494654	3762	4478	1	5
k63_494654	4451	5098	-1	6
k63_71982	3	734	-1	1
k63_71982	756	2015	-1	2
k63_1568848	1	129	-1	1
k63_1568848	143	1048	-1	2
k63_1568848	1163	2341	1	3
k63_1355892	3	635	1	1
k63_1355892	740	1411	1	2
k63_1355892	1467	2369	-1	3
k63_1355892	2369	3313	-1	4
k63_1355892	3310	4599	-1	5
k63_1355892	4609	5385	-1	6
k63_1466829	2	514	1	1
k63_1466829	495	1238	-1	2
k63_1466829	1426	2532	1	3
k63_495854	3	797	-1	1
k63_495854	850	1722	1	2
k63_495854	1722	2513	1	3
k63_826027	2	499	1	1
k63_826027	534	938	1	2
k63_826027	935	1441	1	3
k63_826027	1447	1542	1	4
k63_826064	3	320	1	1
k63_826064	378	671	1	2
k63_826064	750	1307	-1	3
k63_826064	1322	1918	-1	4
k63_717010	2	2173	1	1
k63_717010	2270	2962	1	2
k63_182726	3	1529	1	1
k63_1038527	1	87	1	1
k63_1038527	84	1271	-1	2
k63_1038527	1306	1662	-1	3
k63_1038527	1664	2977	-1	4
k63_1038527	2980	4878	-1	5
k63_1251667	3	323	-1	1
k63_1251667	340	711	-1	2
k63_1251667	721	1992	-1	3
k63_612556	1	270	1	1
k63_612556	282	377	-1	2
k63_612556	365	1474	-1	3
k63_183860	6	374	-1	1
k63_183860	403	660	-1	2
k63_183860	668	883	-1	3
k63_183860	888	1298	-1	4
k63_183860	1317	1502	-1	5
k63_498474	1	1392	1	1
k63_498474	1586	1828	1	2
k63_498524	1	693	1	1
k63_498524	731	1591	1	2
k63_498524	1617	2498	1	3
k63_498524	2500	3582	1	4
k63_498524	3634	4224	1	5
k63_498524	4225	4623	-1	6
k63_1572472	2	751	-1	1
k63_1572472	944	3109	-1	2
k63_828665	2	712	-1	1
k63_828665	791	1555	-1	2
k63_828665	1578	2036	-1	3
k63_934630	1	1065	1	1
k63_934630	1073	1396	-1	2
k63_934630	1393	1719	-1	3
k63_934630	1837	2367	1	4
k63_185145	1	684	-1	1
k63_185145	755	1588	-1	2
k63_185145	1607	2623	-1	3
k63_1148501	1	150	1	1
k63_1148501	147	2813	1	2
k63_1148669	467	703	1	1
k63_1148669	841	1044	-1	2
k63_1148669	1106	1900	1	3
k63_1360636	1	477	-1	1
k63_1360636	521	1147	-1	2
k63_1360636	1164	1502	-1	3
k63_1360636	1582	1953	-1	4
k63_402459	1	1152	-1	1
k63_402459	1194	2594	-1	2
k63_402459	2575	3369	-1	3
k63_501823	1	804	1	1
k63_501823	840	1553	1	2
k63_1256994	3	446	-1	1
k63_1256994	437	829	-1	2
k63_1256994	949	1662	1	3
k63_617881	1	234	1	1
k63_617881	278	952	-1	2
k63_617881	975	1760	-1	3
k63_617881	1901	2173	1	4
k63_81595	2	2392	-1	1
k63_81595	2663	4582	-1	2
k63_81595	4886	5263	-1	3
k63_503296	11	181	-1	1
k63_503296	172	1734	-1	2
k63_503296	1724	2680	-1	3
k63_503296	2711	2827	-1	4
k63_1045429	2	1000	-1	1
k63_1045429	1263	3269	1	2
k63_1045429	3293	4087	-1	3
k63_1154354	2	418	1	1
k63_1154354	311	976	-1	2
k63_1154354	978	3179	-1	3
k63_1154354	3189	5639	-1	4
k63_1154354	5636	6592	-1	5
k63_1154354	6589	7059	-1	6
k63_1155052	1	732	1	1
k63_1155052	722	1081	1	2
k63_1155052	1249	1926	1	3
k63_1578967	1	138	-1	1
k63_1578967	138	413	-1	2
k63_1578967	725	1210	1	3
k63_1578967	1220	2572	1	4
k63_1578967	2704	2820	-1	5
k63_297065	141	497	1	1
k63_297065	473	1057	1	2
k63_297065	1044	1172	1	3
k63_297065	1191	1919	-1	4
k63_1261859	2	1111	1	1
k63_1261859	1118	1696	1	2
k63_1261859	1781	2095	1	3
k63_1261859	2220	3230	1	4
k63_1261859	3238	3963	1	5
k63_1156259	3	878	-1	1
k63_1156259	1030	1518	-1	2
k63_1156259	1697	1984	1	3
k63_1156259	2052	2132	1	4
k63_836825	1	294	-1	1
k63_836825	291	1118	-1	2
k63_836825	1209	1469	1	3
k63_836825	1463	2335	1	4
k63_1156446	15	1742	-1	1
k63_1156446	1789	2196	-1	2
k63_1156446	2216	3055	-1	3
k63_1156446	3206	3376	1	4
k63_1581159	3	377	-1	1
k63_1581159	390	791	-1	2
k63_1581159	923	1753	1	3
k63_1581159	1757	2488	1	4
k63_1581159	2523	3041	1	5
k63_87646	1	99	1	1
k63_87646	154	1275	1	2
k63_87646	1272	2660	1	3
k63_87646	2657	3484	1	4
k63_87646	3481	3735	1	5
k63_299047	2	157	1	1
k63_299047	446	1285	1	2
k63_299047	1295	2059	1	3
k63_299047	2137	2271	-1	4
k63_299047	2597	3379	1	5
k63_299047	3414	3473	1	6
k63_507395	1	615	1	1
k63_507395	723	2732	1	2
k63_507395	2729	3403	1	3
k63_1050280	3	185	-1	1
k63_1050280	230	919	-1	2
k63_1050280	934	1716	-1	3
k63_1050280	1725	3317	-1	4
k63_1050280	3317	5521	-1	5
k63_1050280	5534	6445	-1	6
k63_625216	749	1603	1	1
k63_625216	1700	2620	1	2
k63_1159388	3	185	1	1
k63_1159388	190	2220	1	2
k63_1159388	2238	3314	1	3
k63_1159388	3296	3925	1	4
k63_1159388	3929	5116	1	5
k63_1265471	2	709	1	1
k63_1265471	706	1314	1	2
k63_1265471	1283	1639	-1	3
k63_198798	2	331	1	1
k63_198798	328	1605	1	2
k63_198798	1766	1957	1	3
k63_302191	2	736	1	1
k63_302191	819	1619	1	2
k63_1484575	2	1150	1	1
k63_1484575	1147	2445	-1	2
k63_1484575	2520	2948	1	3
k63_1484575	3026	3094	1	4
k63_732981	3	959	1	1
k63_732981	1196	1777	1	2
k63_732981	1780	4983	1	3
k63_732981	4980	5624	1	4
k63_842930	1	1518	1	1
k63_842930	1521	2240	-1	2
k63_733437	3	740	1	1
k63_733437	744	1595	1	2
k63_1585392	3	758	-1	1
k63_1585392	745	1440	-1	2
k63_1585392	1440	1700	-1	3
k63_200738	3	869	1	1
k63_200738	866	1231	-1	2
k63_200738	1212	2015	-1	3
k63_304217	1	870	1	1
k63_304217	888	1664	1	2
k63_512262	3	527	1	1
k63_512262	540	1583	1	2
k63_512262	1602	4118	1	3
k63_512262	4152	5363	1	4
k63_512262	5430	6131	1	5
k63_512262	6148	6441	1	6
k63_512262	6438	7835	1	7
k63_846103	2	472	1	1
k63_846103	474	1232	1	2
k63_846103	1271	1663	1	3
k63_846103	1838	2086	-1	4
k63_846103	2373	2507	1	5
k63_417001	73	1140	1	1
k63_417001	1158	2159	-1	2
k63_417001	2255	3382	1	3
k63_513188	1	426	1	1
k63_513188	423	704	1	2
k63_513188	701	2581	1	3
k63_513188	2654	3076	-1	4
k63_631288	1	1548	-1	1
k63_631288	1552	2223	-1	2
k63_631288	2220	3041	-1	3
k63_737029	2	526	-1	1
k63_737029	549	2216	-1	2
k63_632326	1	126	-1	1
k63_632326	126	425	-1	2
k63_632326	427	1353	-1	3
k63_632326	1369	1656	-1	4
k63_420082	2	1210	1	1
k63_420082	1269	2333	1	2
k63_420082	2371	2505	1	3
k63_1058336	2	1807	1	1
k63_1058336	1935	2051	1	2
k63_1058336	2048	2305	1	3
k63_1058336	2281	2874	1	4
k63_1058336	2999	3289	1	5
k63_1058336	3286	3675	1	6
k63_1058336	3754	3951	1	7
k63_1379668	2	181	1	1
k63_1379668	285	1091	1	2
k63_1379668	1123	1746	1	3
k63_1380117	3	1214	-1	1
k63_1380117	1317	1529	1	2
k63_1380117	1526	1900	-1	3
k63_741553	1	111	1	1
k63_741553	128	1033	1	2
k63_741553	1026	1967	1	3
k63_741553	1964	2764	1	4
k63_741553	2805	3329	1	5
k63_741553	3337	5076	1	6
k63_741553	5223	6197	1	7
k63_1274917	2	127	-1	1
k63_1274917	457	1224	1	2
k63_1274917	1221	1595	1	3
k63_1494100	3	1847	1	1
k63_1060904	1	348	-1	1
k63_1060904	363	1838	-1	2
k63_101985	2	877	1	1
k63_101985	894	1658	1	2
k63_101985	1655	1732	1	3
k63_851861	3	827	1	1
k63_851861	824	1126	1	2
k63_851861	1123	1383	1	3
k63_851861	1380	1643	1	4
k63_851861	1640	1936	-1	5
k63_851861	2091	2459	-1	6
k63_851861	2493	3083	-1	7
k63_743293	1	81	-1	1
k63_743293	83	886	-1	2
k63_743293	913	1935	-1	3
k63_743293	2016	2123	1	4
k63_520342	3	410	1	1
k63_520342	407	1504	1	2
k63_1062261	3	350	1	1
k63_1062261	417	2591	-1	2
k63_1062261	2601	3221	-1	3
k63_1062261	3206	3589	-1	4
k63_1062261	3561	4553	-1	5
k63_1062261	4555	4731	-1	6
k63_961867	2	949	-1	1
k63_961867	984	1763	-1	2
k63_1174810	2	319	-1	1
k63_1174810	468	1805	-1	2
k63_1174810	1812	2240	-1	3
k63_1496792	1	342	1	1
k63_1496792	339	1340	-1	2
k63_1496792	1402	1620	-1	3
k63_1063671	2	190	-1	1
k63_1063671	293	1351	1	2
k63_1063671	1364	2065	1	3
k63_1063671	2100	3440	-1	4
k63_104636	1	2562	1	1
k63_963182	1	579	1	1
k63_963182	642	1433	-1	2
k63_963182	1448	1651	-1	3
k63_963182	1737	1976	-1	4
k63_1175979	2	910	1	1
k63_1175979	922	2013	1	2
k63_1175979	2030	2806	1	3
k63_963546	1	180	1	1
k63_963546	199	453	1	2
k63_963546	618	1370	-1	3
k63_963546	1527	2153	1	4
k63_963581	3	1097	-1	1
k63_963581	1143	2153	-1	2
k63_963581	2156	3370	-1	3
k63_963581	3399	3770	-1	4
k63_963586	1	1308	-1	1
k63_963586	1320	2156	-1	2
k63_211919	31	1467	1	1
k63_211919	1474	2517	1	2
k63_1065083	1	471	1	1
k63_1065083	468	1442	1	2
k63_1065083	1447	1650	-1	3
k63_1498595	74	358	1	1
k63_1498595	355	867	1	2
k63_1498595	940	1815	1	3
k63_1498595	1875	2597	1	4
k63_1498595	2606	3412	-1	5
k63_1498595	3593	3784	1	6
k63_1498794	3	437	-1	1
k63_1498794	430	1722	-1	2
k63_1498794	1772	2758	-1	3
k63_1498794	2772	3875	-1	4
k63_212724	180	689	-1	1
k63_212724	814	1035	-1	2
k63_212724	1124	1774	-1	3
k63_106359	2	955	1	1
k63_106359	972	1613	1	2
k63_106984	2	733	1	1
k63_106984	730	1512	1	2
k63_106984	1519	3417	1	3
k63_106984	3419	3886	1	4
k63_106984	3889	5661	1	5
k63_106984	5665	6903	1	6
k63_106984	6904	7962	1	7
k63_106984	7967	8989	-1	8
k63_106984	9096	9872	-1	9
k63_106984	10273	11073	1	10
k63_106984	11083	11796	1	11
k63_106984	11745	12380	-1	12
k63_857031	3	584	1	1
k63_857031	674	1801	1	2
k63_857031	1743	2129	1	3
k63_857031	2178	2840	1	4
k63_857031	2950	3663	1	5
k63_526097	2	1399	-1	1
k63_1599078	1	1347	1	1
k63_1599078	1453	1842	1	2
k63_213951	2	880	1	1
k63_213951	900	3902	1	2
k63_214148	1	2355	1	1
k63_214148	2430	2801	1	2
k63_214148	2811	3281	1	3
k63_214148	3298	5376	1	4
k63_214148	5424	6614	1	5
k63_214148	6645	6953	1	6
k63_214148	6961	7599	1	7
k63_214148	7583	7888	1	8
k63_214148	7905	8738	1	9
k63_214148	8748	9035	1	10
k63_214148	9038	9385	1	11
k63_214148	9396	9782	1	12
k63_1069496	1	477	1	1
k63_1069496	642	1115	1	2
k63_1069496	1151	2515	1	3
k63_1601409	1	186	1	1
k63_1601409	382	648	1	2
k63_1601409	906	1961	-1	3
k63_529133	3	290	1	1
k63_529133	335	2071	1	2
k63_529133	2075	2650	-1	3
k63_320243	2	106	-1	1
k63_320243	124	801	-1	2
k63_320243	859	1848	-1	3
k63_320243	2005	2619	1	4
k63_1069971	1	378	1	1
k63_1069971	420	1412	1	2
k63_1069971	1819	2616	1	3
k63_320688	1	696	1	1
k63_320688	794	985	-1	2
k63_320688	1287	2258	1	3
k63_320688	2533	3195	1	4
k63_1285258	3	920	-1	1
k63_1285258	1077	2510	-1	2
k63_1392628	1	642	1	1
k63_1392628	650	1915	-1	2
k63_1392628	2007	2924	1	3
k63_1392628	3120	3269	1	4
k63_533338	2	190	1	1
k63_533338	208	2754	1	2
