Hmm	ORF	tlen	qlen	Eval	score	start	end	Acc	Pos	Cov_seq	Cov_hmm	strand
2OG_1_CAS-I-II-III-IV-V-VI	k63_1081291_7	324	94	0.013	13.8	5163	6134	k63_1081291	7	0.31790123456790126	0.8297872340425532	-1
2OG_1_CAS-I-II-III-IV-V-VI	k63_1190395_2	261	94	0.017	13.5	536	1318	k63_1190395	2	0.41762452107279696	0.8617021276595744	1
2OG_1_CAS-I-II-III-IV-V-VI	k63_1342230_2	280	94	0.0024	16.2	1147	1986	k63_1342230	2	0.275	0.6702127659574468	-1
2OG_1_CAS-I-II-III-IV-V-VI	k63_1399017_2	248	94	0.0017	16.6	768	1511	k63_1399017	2	0.3951612903225806	0.8297872340425532	1
2OG_1_CAS-I-II-III-IV-V-VI	k63_1399017_3	286	94	0.0013	17.0	1526	2383	k63_1399017	3	0.4195804195804196	0.9468085106382979	1
2OG_1_CAS-I-II-III-IV-V-VI	k63_1498595_4	241	94	0.0012	17.2	1875	2597	k63_1498595	4	0.4024896265560166	0.7127659574468085	1
2OG_1_CAS-I-II-III-IV-V-VI	k63_1507592_7	291	94	0.0025	16.2	2876	3748	k63_1507592	7	0.26804123711340205	0.7021276595744681	1
2OG_1_CAS-I-II-III-IV-V-VI	k63_1532643_8	290	94	0.00027	19.2	6137	7006	k63_1532643	8	0.3689655172413793	0.8297872340425532	-1
2OG_1_CAS-I-II-III-IV-V-VI	k63_215690_1	271	94	0.0057	15.0	14	826	k63_215690	1	0.34686346863468637	0.7446808510638298	1
2OG_1_CAS-I-II-III-IV-V-VI	k63_658880_5	262	94	0.0032	15.8	2991	3776	k63_658880	5	0.40458015267175573	0.8297872340425532	1
2OG_1_CAS-I-II-III-IV-V-VI	k63_883195_2	265	94	0.0011	17.3	537	1331	k63_883195	2	0.3886792452830189	0.7553191489361702	-1
2OG_1_CAS-I-II-III-IV-V-VI	k63_980013_1	290	94	0.0099	14.2	60	929	k63_980013	1	0.3482758620689655	0.6914893617021277	-1
AbiEii_0_CAS-III	k63_1050280_3	261	284	6.7e-05	20.2	934	1716	k63_1050280	3	0.3716475095785441	0.3345070422535211	-1
AbiEii_0_CAS-III	k63_1073708_2	226	284	0.00011	19.4	2085	2762	k63_1073708	2	0.3053097345132743	0.23943661971830985	-1
AbiEii_0_CAS-III	k63_108839_2	509	284	0.023	11.9	457	1983	k63_108839	2	0.07858546168958742	0.13732394366197184	-1
AbiEii_0_CAS-III	k63_1105363_2	645	284	2.9e-05	21.4	105	2039	k63_1105363	2	0.31627906976744186	0.545774647887324	-1
AbiEii_0_CAS-III	k63_1126335_4	250	284	0.00072	16.8	3254	4003	k63_1126335	4	0.456	0.40492957746478875	-1
AbiEii_0_CAS-III	k63_1156259_1	292	284	7.6e-05	20.0	3	878	k63_1156259	1	0.2054794520547945	0.22183098591549297	-1
AbiEii_0_CAS-III	k63_1192822_4	588	284	0.0012	16.0	1118	2881	k63_1192822	4	0.1292517006802721	0.2746478873239437	-1
AbiEii_0_CAS-III	k63_1192822_6	299	284	0.016	12.4	3455	4351	k63_1192822	6	0.07357859531772576	0.07394366197183098	-1
AbiEii_0_CAS-III	k63_1194414_5	207	284	0.00022	18.5	3677	4297	k63_1194414	5	0.2995169082125604	0.2147887323943662	1
AbiEii_0_CAS-III	k63_1195715_8	363	284	5e-05	20.6	9274	10362	k63_1195715	8	0.2066115702479339	0.28169014084507044	-1
AbiEii_0_CAS-III	k63_119963_5	250	284	2.1e-07	28.4	3458	4207	k63_119963	5	0.408	0.3591549295774648	-1
AbiEii_0_CAS-III	k63_1204865_4	339	284	9.8e-07	26.2	2483	3499	k63_1204865	4	0.29793510324483774	0.3415492957746479	1
AbiEii_0_CAS-III	k63_1256994_3	238	284	4.3e-05	20.8	949	1662	k63_1256994	3	0.38235294117647056	0.2992957746478873	1
AbiEii_0_CAS-III	k63_1285738_2	232	284	0.0078	13.4	321	1016	k63_1285738	2	0.35344827586206895	0.29577464788732394	-1
AbiEii_0_CAS-III	k63_1287808_1	309	284	4.7e-10	37.1	2	928	k63_1287808	1	0.4174757281553398	0.4295774647887324	-1
AbiEii_0_CAS-III	k63_1304404_6	291	284	2.3e-06	25.0	6484	7356	k63_1304404	6	0.1958762886597938	0.19014084507042253	-1
AbiEii_0_CAS-III	k63_1316884_7	417	284	0.0011	16.2	6102	7352	k63_1316884	7	0.0815347721822542	0.11971830985915492	-1
AbiEii_0_CAS-III	k63_1318422_2	304	284	4.1e-08	30.7	391	1302	k63_1318422	2	0.2730263157894737	0.27816901408450706	-1
AbiEii_0_CAS-III	k63_1393078_2	311	284	1.5e-07	28.9	972	1904	k63_1393078	2	0.3279742765273312	0.3485915492957746	1
AbiEii_0_CAS-III	k63_1404153_14	168	284	0.0014	15.8	10766	11269	k63_1404153	14	0.26785714285714285	0.15140845070422534	1
AbiEii_0_CAS-III	k63_1405633_5	581	284	1.3e-10	38.9	3402	5144	k63_1405633	5	0.24440619621342513	0.4788732394366197	1
AbiEii_0_CAS-III	k63_1405956_1	371	284	0.0028	14.9	1	1113	k63_1405956	1	0.24797843665768193	0.3485915492957746	1
AbiEii_0_CAS-III	k63_1412851_4	120	284	8.9e-06	23.1	4130	4489	k63_1412851	4	0.39166666666666666	0.16549295774647887	1
AbiEii_0_CAS-III	k63_1429171_2	327	284	0.02	12.1	170	1150	k63_1429171	2	0.1926605504587156	0.20422535211267606	-1
AbiEii_0_CAS-III	k63_1457631_1	74	284	0.0028	14.9	3	224	k63_1457631	1	0.5675675675675675	0.1443661971830986	-1
AbiEii_0_CAS-III	k63_1539855_4	480	284	0.0084	13.3	3839	5278	k63_1539855	4	0.04791666666666667	0.07746478873239436	1
AbiEii_0_CAS-III	k63_154654_1	155	284	0.026	11.7	3	467	k63_154654	1	0.23870967741935484	0.11971830985915492	-1
AbiEii_0_CAS-III	k63_172703_5	234	284	1.8e-06	25.3	4019	4720	k63_172703	5	0.44871794871794873	0.34507042253521125	-1
AbiEii_0_CAS-III	k63_17548_4	257	284	9.9e-06	22.9	2825	3595	k63_17548	4	0.3229571984435798	0.2992957746478873	-1
AbiEii_0_CAS-III	k63_215042_3	409	284	0.019	12.1	2248	3474	k63_215042	3	0.097799511002445	0.1267605633802817	-1
AbiEii_0_CAS-III	k63_221373_8	233	284	3e-05	21.3	4711	5409	k63_221373	8	0.45493562231759654	0.3591549295774648	1
AbiEii_0_CAS-III	k63_247532_3	246	284	5.2e-05	20.5	1573	2310	k63_247532	3	0.27235772357723576	0.22183098591549297	-1
AbiEii_0_CAS-III	k63_322039_2	244	284	0.0023	15.2	736	1467	k63_322039	2	0.35655737704918034	0.30633802816901406	-1
AbiEii_0_CAS-III	k63_341901_1	217	284	0.00018	18.8	3	653	k63_341901	1	0.4423963133640553	0.3274647887323944	-1
AbiEii_0_CAS-III	k63_348903_2	404	284	2.5e-07	28.1	627	1838	k63_348903	2	0.19801980198019803	0.2676056338028169	-1
AbiEii_0_CAS-III	k63_349761_1	81	284	4.4e-07	27.3	1	243	k63_349761	1	0.7160493827160493	0.20422535211267606	-1
AbiEii_0_CAS-III	k63_373303_3	334	284	4.6e-07	27.3	706	1707	k63_373303	3	0.2964071856287425	0.3274647887323944	-1
AbiEii_0_CAS-III	k63_478555_1	466	284	0.0017	15.6	1	1398	k63_478555	1	0.12017167381974249	0.19014084507042253	1
AbiEii_0_CAS-III	k63_486559_4	524	284	7.6e-06	23.3	2706	4277	k63_486559	4	0.16603053435114504	0.29577464788732394	-1
AbiEii_0_CAS-III	k63_491601_3	453	284	7.4e-05	20.0	865	2223	k63_491601	3	0.2251655629139073	0.3204225352112676	-1
AbiEii_0_CAS-III	k63_555407_4	750	284	0.00069	16.9	2330	4579	k63_555407	4	0.03866666666666667	0.09154929577464789	1
AbiEii_0_CAS-III	k63_589037_11	238	284	0.00025	18.3	6831	7544	k63_589037	11	0.2689075630252101	0.21830985915492956	-1
AbiEii_0_CAS-III	k63_647872_3	503	284	3.7e-07	27.6	935	2443	k63_647872	3	0.4095427435387674	0.7007042253521126	1
AbiEii_0_CAS-III	k63_869455_2	299	284	0.00012	19.4	725	1621	k63_869455	2	0.391304347826087	0.4084507042253521	-1
AbiEii_0_CAS-III	k63_883409_3	370	284	9e-07	26.3	1008	2117	k63_883409	3	0.42162162162162165	0.5528169014084507	1
AbiEii_0_CAS-III	k63_888190_4	352	284	0.0047	14.1	3837	4892	k63_888190	4	0.24147727272727273	0.2992957746478873	-1
AbiEii_0_CAS-III	k63_895621_4	365	284	4.5e-05	20.7	1694	2788	k63_895621	4	0.18904109589041096	0.23591549295774647	1
AbiEii_1_CAS-III-A	k63_1050280_3	261	335	0.00051	16.9	934	1716	k63_1050280	3	0.16475095785440613	0.12238805970149254	-1
AbiEii_1_CAS-III-A	k63_1156259_1	292	335	0.022	11.5	3	878	k63_1156259	1	0.4623287671232877	0.39104477611940297	-1
AbiEii_1_CAS-III-A	k63_1194414_5	207	335	0.017	11.9	3677	4297	k63_1194414	5	0.2028985507246377	0.1253731343283582	1
AbiEii_1_CAS-III-A	k63_1287808_1	309	335	0.00052	16.8	2	928	k63_1287808	1	0.2588996763754045	0.2417910447761194	-1
AbiEii_1_CAS-III-A	k63_1405633_5	581	335	1.3e-05	22.1	3402	5144	k63_1405633	5	0.18244406196213425	0.32238805970149254	1
AbiEii_1_CAS-III-A	k63_17548_4	257	335	0.0038	14.0	2825	3595	k63_17548	4	0.17120622568093385	0.1253731343283582	-1
AbiEii_1_CAS-III-A	k63_373303_3	334	335	0.0014	15.4	706	1707	k63_373303	3	0.24850299401197604	0.24776119402985075	-1
AbiEii_1_CAS-III-A	k63_647872_3	503	335	9.3e-09	32.5	935	2443	k63_647872	3	0.1709741550695825	0.2716417910447761	1
AbiEii_1_CAS-III-A	k63_883409_3	370	335	0.0015	15.3	1008	2117	k63_883409	3	0.11351351351351352	0.11641791044776119	1
AbiEii_2_CAS-III-C	k63_1287808_1	309	440	0.011	12.5	2	928	k63_1287808	1	0.32362459546925565	0.23636363636363636	-1
AbiEii_2_CAS-III-C	k63_1405633_5	581	440	0.001	16.0	3402	5144	k63_1405633	5	0.07401032702237521	0.1	1
AbiEii_2_CAS-III-C	k63_1412851_4	120	440	1.4e-06	25.4	4130	4489	k63_1412851	4	0.35	0.09772727272727273	1
AbiEii_2_CAS-III-C	k63_172703_5	234	440	0.0089	12.9	4019	4720	k63_172703	5	0.34615384615384615	0.18409090909090908	-1
AbiEii_2_CAS-III-C	k63_349761_1	81	440	0.014	12.2	1	243	k63_349761	1	0.6419753086419753	0.11818181818181818	-1
AbiEii_2_CAS-III-C	k63_373303_3	334	440	0.029	11.2	706	1707	k63_373303	3	0.2155688622754491	0.16363636363636364	-1
AbiEii_2_CAS-III-C	k63_575305_1	127	440	8.6e-11	39.3	2	382	k63_575305	1	0.4094488188976378	0.1159090909090909	-1
AbiEii_2_CAS-III-C	k63_647872_3	503	440	5.7e-05	20.1	935	2443	k63_647872	3	0.17892644135188868	0.20227272727272727	1
Cas10_0_CAS-III	k63_1189918_1	650	511	5.2	3.3	188	2137	k63_1189918	1	0.2523076923076923	0.2857142857142857	1
Cas10_1_CAS-III	k63_1521677_10	150	654	0.23	7.5	6385	6834	k63_1521677	10	0.25333333333333335	0.0581039755351682	1
Cas10_1_CAS-III	k63_965460_1	416	654	0.014	11.6	1	1248	k63_965460	1	0.10817307692307693	0.0672782874617737	1
Cas12a_0_CAS-V-A	k63_1189918_1	650	1244	0.0021	13.5	188	2137	k63_1189918	1	0.2076923076923077	0.1085209003215434	1
Cas12a_1_CAS-V-A	k63_154654_3	378	1086	0.0052	12.3	1795	2928	k63_154654	3	0.12433862433862433	0.053406998158379376	1
Cas12a_1_CAS-V-A	k63_222085_2	374	1086	0.00016	17.3	363	1484	k63_222085	2	0.13636363636363635	0.05432780847145488	-1
Cas12b1_0_CAS-V-B	k63_154654_3	378	1125	0.033	9.6	1795	2928	k63_154654	3	0.24338624338624337	0.08177777777777778	1
Cas12b2_0_CAS-V-B	k63_154654_3	378	747	0.0002	17.5	1795	2928	k63_154654	3	0.41534391534391535	0.20481927710843373	1
Cas12b2_0_CAS-V-B	k63_222085_2	374	747	0.039	9.9	363	1484	k63_222085	2	0.42780748663101603	0.2074966532797858	-1
Cas12c_0_CAS-V-C	k63_154654_3	378	1272	0.5	5.4	1795	2928	k63_154654	3	0.26455026455026454	0.08176100628930817	1
Cas12c_0_CAS-V-C	k63_222085_2	374	1272	1.4	3.9	363	1484	k63_222085	2	0.21122994652406418	0.06525157232704402	-1
Cas12c_0_VC	k63_222085_2	374	1256	0.085	7.8	363	1484	k63_222085	2	0.12566844919786097	0.03901273885350318	-1
Cas12c_1_CAS-V-C	k63_154654_3	378	1268	0.0076	11.4	1795	2928	k63_154654	3	0.21693121693121692	0.06624605678233439	1
Cas12c_1_CAS-V-C	k63_222085_2	374	1268	0.61	5.1	363	1484	k63_222085	2	0.12834224598930483	0.03943217665615142	-1
Cas12e_0_CAS-V-E	k63_154654_3	378	855	0.0096	11.6	1795	2928	k63_154654	3	0.15873015873015872	0.06900584795321638	1
Cas12e_0_CAS-V-E	k63_222085_2	374	855	0.00033	16.5	363	1484	k63_222085	2	0.1497326203208556	0.06666666666666667	-1
Cas12e_1_CAS-V-E	k63_154654_3	378	986	0.0015	13.9	1795	2928	k63_154654	3	0.2777777777777778	0.10649087221095335	1
Cas12e_1_CAS-V-E	k63_222085_2	374	986	0.0023	13.4	363	1484	k63_222085	2	0.08288770053475936	0.03144016227180527	-1
Cas12f1_0_CAS-V-F	k63_154654_3	378	512	3.7e-14	50.0	1795	2928	k63_154654	3	0.5634920634920635	0.44921875	1
Cas12f1_0_CAS-V-F	k63_222085_2	374	512	4.8e-16	56.2	363	1484	k63_222085	2	0.6256684491978609	0.474609375	-1
Cas12f1_1_CAS-V-F	k63_154654_3	378	557	2.1e-31	106.8	1795	2928	k63_154654	3	0.6349206349206349	0.4524236983842011	1
Cas12f1_1_CAS-V-F	k63_222085_2	374	557	6e-29	98.7	363	1484	k63_222085	2	0.56951871657754	0.4021543985637343	-1
Cas12f1_2_CAS-V-F	k63_154654_3	378	429	2.2e-43	146.4	1795	2928	k63_154654	3	0.5661375661375662	0.5128205128205128	1
Cas12f1_2_CAS-V-F	k63_222085_2	374	429	5.1e-52	174.9	363	1484	k63_222085	2	0.6844919786096256	0.6107226107226107	-1
Cas12f2_0_CAS-V-F	k63_154654_3	378	517	5.4e-11	39.4	1795	2928	k63_154654	3	0.582010582010582	0.44874274661508706	1
Cas12f2_0_CAS-V-F	k63_222085_2	374	517	2.6e-21	73.4	363	1484	k63_222085	2	0.6229946524064172	0.4700193423597679	-1
Cas12f2_1_CAS-V-F	k63_1455440_6	313	422	0.024	11.3	3357	4295	k63_1455440	6	0.0926517571884984	0.06872037914691943	1
Cas12f2_1_CAS-V-F	k63_154654_3	378	422	4.7e-46	155.3	1795	2928	k63_154654	3	0.5978835978835979	0.556872037914692	1
Cas12f2_1_CAS-V-F	k63_222085_2	374	422	3.9e-50	168.7	363	1484	k63_222085	2	0.9090909090909091	0.8080568720379147	-1
Cas12f2_2_CAS-V-F	k63_1455440_6	313	493	0.056	9.6	3357	4295	k63_1455440	6	0.08306709265175719	0.05273833671399594	1
Cas12f2_2_CAS-V-F	k63_154654_3	378	493	5.8e-19	65.7	1795	2928	k63_154654	3	0.4973544973544973	0.3995943204868154	1
Cas12f2_2_CAS-V-F	k63_222085_2	374	493	3.5e-21	73.0	363	1484	k63_222085	2	0.7085561497326203	0.5578093306288032	-1
Cas12f3_0_CAS-V-F	k63_154654_3	378	496	7.5e-13	45.8	1795	2928	k63_154654	3	0.4417989417989418	0.3467741935483871	1
Cas12f3_0_CAS-V-F	k63_222085_2	374	496	3e-19	66.9	363	1484	k63_222085	2	0.5374331550802139	0.40524193548387094	-1
Cas12f7_0_CAS-V-F	k63_222085_2	374	566	0.11	8.8	363	1484	k63_222085	2	0.43315508021390375	0.2950530035335689	-1
Cas12g_0_CAS-V-G	k63_154654_3	378	771	2.3e-10	36.9	1795	2928	k63_154654	3	0.42063492063492064	0.2191958495460441	1
Cas12g_0_CAS-V-G	k63_222085_2	374	771	7.1e-08	28.7	363	1484	k63_222085	2	0.446524064171123	0.2243839169909209	-1
Cas12j_0_V-J	k63_154654_3	378	758	5.3e-11	38.8	1795	2928	k63_154654	3	0.1455026455026455	0.07651715039577836	1
Cas12j_0_V-J	k63_222085_2	374	758	6.4e-10	35.2	363	1484	k63_222085	2	0.16042780748663102	0.079155672823219	-1
Cas12m_0_V-M	k63_154654_3	378	577	1.5e-08	31.1	1795	2928	k63_154654	3	0.3544973544973545	0.23743500866551126	1
Cas12m_0_V-M	k63_222085_2	374	577	3e-07	26.9	363	1484	k63_222085	2	0.28342245989304815	0.1975736568457539	-1
Cas1_0_CAS-I-II-III-IV-V-VI	k63_983165_1	433	317	1.8e-23	80.7	1	1299	k63_983165	1	0.21709006928406466	0.2996845425867508	1
Cas1_0_CAS-I-II-III-IV-V-VI	k63_983165_2	168	317	6.1e-61	203.8	1281	1784	k63_983165	2	0.8630952380952381	0.45741324921135645	1
Cas1_0_I-II-III	k63_983165_1	433	327	5.7e-18	62.6	1	1299	k63_983165	1	0.21709006928406466	0.29357798165137616	1
Cas1_0_I-II-III	k63_983165_2	168	327	1.0999999999999999e-47	160.3	1281	1784	k63_983165	2	0.8869047619047619	0.45871559633027525	1
Cas1_0_I-II-III-V	k63_983165_1	433	315	2.4e-20	70.2	1	1299	k63_983165	1	0.21247113163972287	0.29523809523809524	1
Cas1_0_I-II-III-V	k63_983165_2	168	315	1.2e-57	192.8	1281	1784	k63_983165	2	0.8630952380952381	0.45714285714285713	1
Cas1_0_IA	k63_983165_1	433	347	2.4e-14	50.6	1	1299	k63_983165	1	0.23556581986143188	0.29394812680115273	1
Cas1_0_IA	k63_983165_2	168	347	3.5e-38	129.0	1281	1784	k63_983165	2	0.8928571428571429	0.43804034582132567	1
Cas1_0_IC	k63_983165_1	433	340	3.5e-17	60.1	1	1299	k63_983165	1	0.22170900692840648	0.2852941176470588	1
Cas1_0_IC	k63_983165_2	168	340	5.7e-52	174.5	1281	1784	k63_983165	2	0.9523809523809523	0.47352941176470587	1
Cas1_0_IE	k63_983165_1	433	269	0.0071	13.2	1	1299	k63_983165	1	0.18244803695150116	0.2899628252788104	1
Cas1_0_IE	k63_983165_2	168	269	0.00025	17.9	1281	1784	k63_983165	2	0.2261904761904762	0.1412639405204461	1
Cas1_0_IF	k63_863336_4	145	307	0.0035	14.3	2888	3322	k63_863336	4	0.2689655172413793	0.1270358306188925	1
Cas1_0_II	k63_983165_2	168	278	2.1e-15	54.3	1281	1784	k63_983165	2	0.43452380952380953	0.2589928057553957	1
Cas1_0_V	k63_983165_2	168	317	1.6e-16	57.9	1281	1784	k63_983165	2	0.6428571428571429	0.33753943217665616	1
Cas1_1_CAS-I-II-III-IV-V-VI	k63_983165_1	433	261	1.9e-17	61.0	1	1299	k63_983165	1	0.21478060046189376	0.36398467432950193	1
Cas1_1_CAS-I-II-III-IV-V-VI	k63_983165_2	168	261	2.2e-31	106.7	1281	1784	k63_983165	2	0.5357142857142857	0.3486590038314176	1
Cas1_2_CAS-I-II-III-IV-V-VI	k63_863336_4	145	306	0.0033	14.4	2888	3322	k63_863336	4	0.2689655172413793	0.12745098039215685	1
Cas1_3_CAS-I-II-III-IV-V-VI	k63_983165_1	433	262	0.0036	14.2	1	1299	k63_983165	1	0.18244803695150116	0.29770992366412213	1
Cas1_3_CAS-I-II-III-IV-V-VI	k63_983165_2	168	262	0.00025	18.0	1281	1784	k63_983165	2	0.23214285714285715	0.14885496183206107	1
Cas1_4_CAS-I-II-III-IV-V-VI	k63_983165_2	168	275	1e-15	55.3	1281	1784	k63_983165	2	0.4523809523809524	0.27636363636363637	1
Cas1_5_CAS-I-II-III-IV-V-VI	k63_983165_1	433	338	2.8e-17	60.5	1	1299	k63_983165	1	0.22170900692840648	0.2869822485207101	1
Cas1_5_CAS-I-II-III-IV-V-VI	k63_983165_2	168	338	9.1e-52	173.9	1281	1784	k63_983165	2	0.9523809523809523	0.47633136094674555	1
Cas1_6_CAS-I-II-III-IV-V-VI	k63_983165_1	433	320	4.3e-06	23.8	1	1299	k63_983165	1	0.19861431870669746	0.275	1
Cas1_6_CAS-I-II-III-IV-V-VI	k63_983165_2	168	320	6e-35	118.6	1281	1784	k63_983165	2	0.8690476190476191	0.45625	1
Cas1_7_CAS-I-II-III-IV-V-VI	k63_983165_1	433	328	3.1e-16	57.0	1	1299	k63_983165	1	0.21478060046189376	0.2896341463414634	1
Cas1_7_CAS-I-II-III-IV-V-VI	k63_983165_2	168	328	2e-48	162.8	1281	1784	k63_983165	2	0.9107142857142857	0.4695121951219512	1
Cas1_8_CAS-I-II-III-IV-V-VI	k63_983165_1	433	283	6.6e-24	82.2	1	1299	k63_983165	1	0.22170900692840648	0.34275618374558303	1
Cas1_8_CAS-I-II-III-IV-V-VI	k63_983165_2	168	283	6.3e-46	154.4	1281	1784	k63_983165	2	0.6666666666666666	0.3957597173144876	1
Cas2_0_CAS-I-II-III-IV-V-VI	k63_983165_3	93	90	6.3e-12	43.4	1790	2068	k63_983165	3	0.7741935483870968	0.8222222222222222	1
Cas2_0_CAS-III-AM	k63_119233_3	305	95	0.013	13.5	1659	2573	k63_119233	3	0.15737704918032788	0.49473684210526314	-1
Cas2_0_I-II-III	k63_983165_3	93	96	9.6e-10	36.2	1790	2068	k63_983165	3	0.7204301075268817	0.7395833333333334	1
Cas2_0_I-II-III-V	k63_983165_3	93	83	1.6e-13	48.3	1790	2068	k63_983165	3	0.6989247311827957	0.8192771084337349	1
Cas2_0_IE	k63_863193_2	304	87	0.16	9.8	555	1466	k63_863193	2	0.2631578947368421	0.5172413793103449	-1
Cas2_11_CAS-I-II-III-IV-V-VI	k63_983165_3	93	71	2.6e-17	60.4	1790	2068	k63_983165	3	0.7096774193548387	0.9295774647887324	1
Cas2_2_CAS-I-II-III-IV-V-VI	k63_983165_3	93	79	8.7e-19	65.2	1790	2068	k63_983165	3	0.7204301075268817	0.8481012658227848	1
Cas2_4_CAS-I-II-III-IV-V-VI	k63_983165_3	93	89	1.3e-16	58.3	1790	2068	k63_983165	3	0.7526881720430108	0.797752808988764	1
Cas2_6_CAS-I-II-III-IV-V-VI	k63_983165_3	93	90	2.6e-09	35.0	1790	2068	k63_983165	3	0.7526881720430108	0.7444444444444445	1
Cas2_7_CAS-I-II-III-IV-V-VI	k63_983165_3	93	94	4.6e-05	21.4	1790	2068	k63_983165	3	0.6774193548387096	0.6808510638297872	1
Cas3-Cas2_0_CAS-I-F	k63_806991_3	777	1106	8.3e-08	28.1	1182	3512	k63_806991	3	0.18018018018018017	0.12477396021699819	1
Cas3-Cas2_0_IF	k63_806991_3	777	1110	5.8e-08	28.6	1182	3512	k63_806991	3	0.18018018018018017	0.12432432432432433	1
Cas3HD_0_CAS-I	k63_1404153_10	525	203	1.8e-05	22.3	6857	8431	k63_1404153	10	0.13333333333333333	0.3842364532019704	1
Cas3HD_0_CAS-I	k63_806991_3	777	203	6.8e-21	72.6	1182	3512	k63_806991	3	0.24967824967824967	0.9261083743842364	1
Cas3HD_2_CAS-I	k63_965460_1	416	231	0.0085	13.3	1	1248	k63_965460	1	0.2692307692307692	0.48484848484848486	1
Cas3_0_CAS-I	k63_1003801_4	496	353	5.8e-07	26.5	3959	5446	k63_1003801	4	0.4879032258064516	0.6827195467422096	1
Cas3_0_CAS-I	k63_1154354_4	817	353	0.0071	13.1	3189	5639	k63_1154354	4	0.1003671970624235	0.23796033994334279	-1
Cas3_0_CAS-I	k63_478555_3	512	353	5e-11	39.9	2812	4347	k63_478555	3	0.603515625	0.7818696883852692	-1
Cas3_0_CAS-I	k63_482314_1	561	353	0.021	11.6	26	1708	k63_482314	1	0.1586452762923351	0.24929178470254956	1
Cas3_0_CAS-I	k63_495854_1	265	353	0.041	10.6	3	797	k63_495854	1	0.11320754716981132	0.08498583569405099	-1
Cas3_0_CAS-I	k63_542470_7	1133	353	7.6e-13	45.9	4481	7879	k63_542470	7	0.16857899382171226	0.5609065155807366	-1
Cas3_0_CAS-I	k63_710468_4	191	353	0.031	11.0	2990	3562	k63_710468	4	0.16230366492146597	0.08781869688385269	1
Cas3_0_CAS-I	k63_806991_3	777	353	4.2e-64	214.5	1182	3512	k63_806991	3	0.4942084942084942	0.9093484419263456	1
Cas3_0_CAS-I	k63_81595_2	640	353	0.014	12.1	2663	4582	k63_81595	2	0.3578125	0.623229461756374	-1
Cas3_0_CAS-I-D	k63_806991_3	777	626	0.0073	12.1	1182	3512	k63_806991	3	0.47361647361647363	0.5191693290734825	1
Cas3_0_CAS-I-D	k63_808800_2	176	626	0.02	10.7	1824	2351	k63_808800	2	0.3465909090909091	0.0878594249201278	1
Cas3_0_CAS-I-D	k63_81595_2	640	626	0.0057	12.5	2663	4582	k63_81595	2	0.290625	0.30990415335463256	-1
Cas3_0_CAS-I-U	k63_482314_1	561	843	0.037	9.4	26	1708	k63_482314	1	0.1140819964349376	0.0711743772241993	1
Cas3_0_CAS-I-U	k63_806991_3	777	843	2e-11	40.0	1182	3512	k63_806991	3	0.16731016731016732	0.1553973902728351	1
Cas3_0_I	k63_1003801_4	496	358	4.6e-07	26.8	3959	5446	k63_1003801	4	0.4838709677419355	0.6759776536312849	1
Cas3_0_I	k63_1154354_4	817	358	0.02	11.6	3189	5639	k63_1154354	4	0.1346389228886169	0.3268156424581006	-1
Cas3_0_I	k63_478555_3	512	358	1.9e-10	37.9	2812	4347	k63_478555	3	0.58203125	0.776536312849162	-1
Cas3_0_I	k63_482314_1	561	358	0.03	11.0	26	1708	k63_482314	1	0.15508021390374332	0.24022346368715083	1
Cas3_0_I	k63_495854_1	265	358	0.048	10.3	3	797	k63_495854	1	0.11320754716981132	0.08379888268156424	-1
Cas3_0_I	k63_542470_7	1133	358	1.7e-10	38.1	4481	7879	k63_542470	7	0.16063548102383055	0.5139664804469274	-1
Cas3_0_I	k63_805663_2	736	358	0.025	11.3	239	2446	k63_805663	2	0.13858695652173914	0.2877094972067039	1
Cas3_0_I	k63_806991_3	777	358	4.7e-62	207.7	1182	3512	k63_806991	3	0.4800514800514801	0.8994413407821229	1
Cas3_0_I	k63_898325_2	317	358	0.045	10.4	502	1452	k63_898325	2	0.07886435331230283	0.06983240223463687	1
Cas3_0_ID	k63_1003801_4	496	357	0.002	14.9	3959	5446	k63_1003801	4	0.4576612903225806	0.6078431372549019	1
Cas3_0_ID	k63_478555_3	512	357	0.00034	17.4	2812	4347	k63_478555	3	0.1953125	0.2549019607843137	-1
Cas3_0_ID	k63_806991_3	777	357	0.028	11.1	1182	3512	k63_806991	3	0.1583011583011583	0.3557422969187675	1
Cas3_0_ID	k63_808800_2	176	357	0.0081	12.9	1824	2351	k63_808800	2	0.29545454545454547	0.12885154061624648	1
Cas3_0_IU	k63_482314_1	561	864	0.0027	13.3	26	1708	k63_482314	1	0.1140819964349376	0.06944444444444445	1
Cas3_0_IU	k63_806991_3	777	864	2.6e-11	39.8	1182	3512	k63_806991	3	0.15958815958815958	0.14814814814814814	1
Cas3_1_CAS-I	k63_1003801_4	496	745	0.00018	17.6	3959	5446	k63_1003801	4	0.11693548387096774	0.07651006711409396	1
Cas3_1_CAS-I	k63_1535742_2	471	745	0.052	9.4	842	2254	k63_1535742	2	0.21443736730360935	0.13288590604026845	-1
Cas3_1_CAS-I	k63_478555_3	512	745	3e-08	30.0	2812	4347	k63_478555	3	0.50390625	0.3651006711409396	-1
Cas3_1_CAS-I	k63_482314_1	561	745	0.015	11.2	26	1708	k63_482314	1	0.17290552584670232	0.0912751677852349	1
Cas3_1_CAS-I	k63_495854_1	265	745	0.016	11.1	3	797	k63_495854	1	0.1471698113207547	0.05906040268456376	-1
Cas3_1_CAS-I	k63_542470_7	1133	745	6.8e-07	25.6	4481	7879	k63_542470	7	0.1526919682259488	0.23221476510067113	-1
Cas3_1_CAS-I	k63_806991_3	777	745	7.8e-69	230.4	1182	3512	k63_806991	3	0.6061776061776062	0.5798657718120805	1
Cas3_1_CAS-I	k63_808800_2	176	745	0.0096	11.8	1824	2351	k63_808800	2	0.2840909090909091	0.06845637583892618	1
Cas3_1_CAS-I-D	k63_1003801_4	496	353	0.00064	16.5	3959	5446	k63_1003801	4	0.4576612903225806	0.6147308781869688	1
Cas3_1_CAS-I-D	k63_377878_1	213	353	0.012	12.3	1	639	k63_377878	1	0.2863849765258216	0.1643059490084986	-1
Cas3_1_CAS-I-D	k63_478555_3	512	353	0.00013	18.7	2812	4347	k63_478555	3	0.197265625	0.26062322946175637	-1
Cas3_1_CAS-I-D	k63_806991_3	777	353	0.056	10.1	1182	3512	k63_806991	3	0.15186615186615188	0.34560906515580736	1
Cas3_1_CAS-I-D	k63_808800_2	176	353	0.0032	14.2	1824	2351	k63_808800	2	0.29545454545454547	0.13031161473087818	1
Cas3_1_CAS-I-D	k63_81595_2	640	353	0.018	11.7	2663	4582	k63_81595	2	0.140625	0.254957507082153	-1
Cas3_1_I	k63_1404153_10	525	178	0.016	12.9	6857	8431	k63_1404153	10	0.1523809523809524	0.4887640449438202	1
Cas3_1_I	k63_806991_3	777	178	5.3e-17	60.0	1182	3512	k63_806991	3	0.24324324324324326	0.9606741573033708	1
Cas3_2_CAS-I	k63_1003801_4	496	967	0.00089	15.0	3959	5446	k63_1003801	4	0.3588709677419355	0.1768355739400207	1
Cas3_2_CAS-I	k63_478555_3	512	967	6.4e-06	22.1	2812	4347	k63_478555	3	0.408203125	0.20889348500517063	-1
Cas3_2_CAS-I	k63_710468_4	191	967	0.034	9.8	2990	3562	k63_710468	4	0.2774869109947644	0.05480868665977249	1
Cas3_2_CAS-I	k63_7636_1	42	967	0.0085	11.8	1	126	k63_7636	1	0.7380952380952381	0.03205791106514995	-1
Cas3_2_CAS-I	k63_808800_2	176	967	0.0073	12.0	1824	2351	k63_808800	2	0.5738636363636364	0.10134436401240951	1
Cas3_2_CAS-I	k63_81595_2	640	967	0.00069	15.4	2663	4582	k63_81595	2	0.2234375	0.15098241985522234	-1
Cas3d_1_CAS-I-D	k63_478555_3	512	627	0.00074	15.5	2812	4347	k63_478555	3	0.259765625	0.20095693779904306	-1
Cas3d_1_CAS-I-D	k63_81595_2	640	627	1.8e-05	20.8	2663	4582	k63_81595	2	0.2921875	0.2966507177033493	-1
Cas4_0_CAS-I-II-III-IV-V-VI	k63_1380117_3	125	179	3.8e-06	24.8	1526	1900	k63_1380117	3	0.672	0.44692737430167595	-1
Cas4_0_CAS-I-II-III-IV-V-VI	k63_1423058_2	449	179	0.0077	14.1	555	1901	k63_1423058	2	0.10244988864142539	0.2346368715083799	-1
Cas4_0_CAS-I-II-III-IV-V-VI	k63_495854_1	265	179	3.9e-08	31.3	3	797	k63_495854	1	0.3849056603773585	0.5418994413407822	-1
Cas4_0_CAS-I-II-III-IV-V-VI	k63_983165_1	433	179	3.4e-26	90.1	1	1299	k63_983165	1	0.42494226327944573	0.9776536312849162	1
Cas4_0_I-II	k63_1380117_3	125	180	0.00013	19.4	1526	1900	k63_1380117	3	0.472	0.3	-1
Cas4_0_I-II	k63_1423058_2	449	180	0.0018	15.7	555	1901	k63_1423058	2	0.10022271714922049	0.24444444444444444	-1
Cas4_0_I-II	k63_495854_1	265	180	6.8e-08	30.1	3	797	k63_495854	1	0.3849056603773585	0.5333333333333333	-1
Cas4_0_I-II	k63_983165_1	433	180	1.7e-30	103.7	1	1299	k63_983165	1	0.42725173210161665	0.9777777777777777	1
Cas4_0_I-II-V	k63_1380117_3	125	177	0.0001	20.0	1526	1900	k63_1380117	3	0.664	0.4350282485875706	-1
Cas4_0_I-II-V	k63_495854_1	265	177	1.8e-06	25.7	3	797	k63_495854	1	0.39245283018867927	0.5480225988700564	-1
Cas4_0_I-II-V	k63_983165_1	433	177	7.7e-24	82.3	1	1299	k63_983165	1	0.4226327944572748	0.9717514124293786	1
Cas4_0_V	k63_983165_1	433	178	0.00013	19.6	1	1299	k63_983165	1	0.42032332563510394	0.9550561797752809	1
Cas4_3_CAS-I-II-III-IV-V-VI	k63_983165_1	433	197	3.6e-21	73.7	1	1299	k63_983165	1	0.4341801385681293	0.9086294416243654	1
Cas4_5_CAS-I-II-III-IV-V-VI	k63_1380117_3	125	161	0.00043	18.1	1526	1900	k63_1380117	3	0.728	0.484472049689441	-1
Cas4_5_CAS-I-II-III-IV-V-VI	k63_1465721_1	103	161	0.0032	15.2	2	310	k63_1465721	1	0.39805825242718446	0.2546583850931677	1
Cas4_5_CAS-I-II-III-IV-V-VI	k63_983165_1	433	161	6e-26	89.1	1	1299	k63_983165	1	0.42725173210161665	0.9813664596273292	1
Cas6_12_CAS-I-II-III-IV-V-VI	k63_471305_1	250	200	0.019	12.5	3	752	k63_471305	1	0.364	0.435	1
Cas6_2_IVA1	k63_15961_1	444	244	0.022	11.7	3	1334	k63_15961	1	0.18018018018018017	0.3237704918032787	-1
Cas6e_0_CAS-I-II-III-IV-V-VI	k63_1285738_3	184	210	0.0072	14.0	1030	1581	k63_1285738	3	0.3532608695652174	0.30952380952380953	-1
Cas8a4_0_CAS-I-A	k63_1404153_9	105	555	0.0067	12.4	6462	6776	k63_1404153	9	0.38095238095238093	0.07207207207207207	1
Cas9_0_II	k63_657427_5	168	830	0.0019	14.2	2540	3043	k63_657427	5	0.30357142857142855	0.07108433734939759	1
Cas9_0_II-C2	k63_657427_5	168	967	1.9e-12	43.8	2540	3043	k63_657427	5	0.34523809523809523	0.06204756980351603	1
Cas9_0_II-D	k63_657427_5	168	853	1.4e-16	57.7	2540	3043	k63_657427	5	0.4523809523809524	0.09026963657678781	1
Cas9_1_II	k63_1511514_5	125	1120	0.21	7.1	2087	2461	k63_1511514	5	0.624	0.06517857142857143	1
CasR_0_CAS-I-II-III-IV-V-VI	k63_1080926_5	335	198	0.043	11.0	5366	6370	k63_1080926	5	0.25970149253731345	0.4393939393939394	1
CasR_0_CAS-I-II-III-IV-V-VI	k63_118833_1	342	198	0.0013	16.0	245	1270	k63_118833	1	0.21052631578947367	0.26262626262626265	1
CasR_0_CAS-I-II-III-IV-V-VI	k63_1302786_6	182	198	0.016	12.4	5457	6002	k63_1302786	6	0.24175824175824176	0.21717171717171718	1
CasR_0_CAS-I-II-III-IV-V-VI	k63_1457631_2	124	198	0.00011	19.4	241	612	k63_1457631	2	0.5080645161290323	0.3282828282828283	-1
CasR_0_CAS-I-II-III-IV-V-VI	k63_684616_1	343	198	0.0042	14.3	161	1189	k63_684616	1	0.10495626822157435	0.17676767676767677	-1
CasR_1_CAS-I-II-III-IV-V-VI	k63_118833_1	342	218	0.00032	17.5	245	1270	k63_118833	1	0.22514619883040934	0.24770642201834864	1
CasR_1_CAS-I-II-III-IV-V-VI	k63_1302786_6	182	218	0.0075	13.1	5457	6002	k63_1302786	6	0.2967032967032967	0.25688073394495414	1
CasR_1_CAS-I-II-III-IV-V-VI	k63_1457631_2	124	218	2.4e-05	21.2	241	612	k63_1457631	2	0.5241935483870968	0.3073394495412844	-1
CasR_1_CAS-I-II-III-IV-V-VI	k63_684616_1	343	218	0.00011	19.1	161	1189	k63_684616	1	0.12244897959183673	0.18807339449541285	-1
CasR_1_CAS-III-B	k63_223933_1	94	173	0.023	12.2	3	284	k63_223933	1	0.6382978723404256	0.34104046242774566	-1
Cmr1_0_IIIB	k63_1353651_4	797	387	0.027	11.4	2336	4726	k63_1353651	4	0.06524466750313676	0.13695090439276486	1
Cmr5gr11_6_CAS-III-B	k63_222085_2	374	145	0.0043	14.6	363	1484	k63_222085	2	0.232620320855615	0.5586206896551724	-1
CorA_1_CAS-III-B	k63_345639_6	158	125	0.002	15.7	5943	6416	k63_345639	6	0.36075949367088606	0.456	-1
Csa3_1_CAS-I-II-III-IV-V-VI	k63_1457631_2	124	118	0.0005	18.1	241	612	k63_1457631	2	0.6370967741935484	0.4661016949152542	-1
Csa3_1_CAS-I-II-III-IV-V-VI	k63_221373_3	197	118	0.0066	14.4	957	1547	k63_221373	3	0.3604060913705584	0.6186440677966102	-1
Csf2_0_IV	k63_122996_6	131	329	0.0022	15.1	3291	3683	k63_122996	6	0.6030534351145038	0.22188449848024316	-1
Csf4_0_IVA	k63_1003801_4	496	666	1.4e-05	21.5	3959	5446	k63_1003801	4	0.21975806451612903	0.16666666666666666	1
Csf4_0_IVA	k63_1154354_4	817	666	0.00096	15.4	3189	5639	k63_1154354	4	0.08078335373317014	0.1006006006006006	-1
Csf4_0_IVA	k63_808800_2	176	666	0.043	10.0	1824	2351	k63_808800	2	0.4431818181818182	0.1066066066066066	1
Csf4_0_IVA	k63_895621_1	100	666	0.0028	13.9	1	300	k63_895621	1	0.3	0.04504504504504504	1
Csf4_1_IVA1	k63_1154354_4	817	802	6.2e-08	28.9	3189	5639	k63_1154354	4	0.12607099143206854	0.12967581047381546	-1
Csf4_1_IVA1	k63_806991_3	777	802	4.6e-07	26.0	1182	3512	k63_806991	3	0.1788931788931789	0.16084788029925187	1
Csf4_3_IVE	k63_895621_1	100	648	0.024	10.8	1	300	k63_895621	1	0.26	0.040123456790123455	1
Csn2_7_CAS-II-A	k63_1126335_4	250	372	0.015	11.9	3254	4003	k63_1126335	4	0.268	0.18010752688172044	-1
Csn2_7_CAS-II-A	k63_1287808_1	309	372	0.021	11.4	2	928	k63_1287808	1	0.2815533980582524	0.239247311827957	-1
Csn2_7_CAS-II-A	k63_1393078_2	311	372	0.042	10.4	972	1904	k63_1393078	2	0.21864951768488747	0.1827956989247312	1
Csn2_8_CAS-II-A	k63_1304404_6	291	335	0.027	11.2	6484	7356	k63_1304404	6	0.17525773195876287	0.15223880597014924	-1
Csx1_5_CAS-III	k63_557907_10	285	132	0.034	11.8	9992	10846	k63_557907	10	0.4	0.42424242424242425	-1
Csx3_2_CAS-I-III	k63_108839_2	509	277	0.032	10.9	457	1983	k63_108839	2	0.047151277013752456	0.08664259927797834	-1
Csx3_2_CAS-I-III	k63_109233_3	432	277	0.0083	12.9	1169	2464	k63_109233	3	0.08796296296296297	0.13357400722021662	1
Csx3_2_CAS-I-III	k63_1118931_4	336	277	0.029	11.1	1569	2576	k63_1118931	4	0.09523809523809523	0.12274368231046931	-1
Csx3_2_CAS-I-III	k63_1316884_6	198	277	0.041	10.6	5492	6085	k63_1316884	6	0.14646464646464646	0.10469314079422383	-1
Csx3_2_CAS-I-III	k63_1539855_4	480	277	0.033	10.9	3839	5278	k63_1539855	4	0.05416666666666667	0.09386281588447654	1
Csx3_2_CAS-I-III	k63_257739_4	342	277	0.0073	13.0	2063	3088	k63_257739	4	0.1286549707602339	0.1552346570397112	1
Csx3_2_CAS-I-III	k63_898325_4	452	277	3.7e-06	23.9	3063	4418	k63_898325	4	0.10398230088495575	0.08664259927797834	1
CysH_0_IVB	k63_1027655_1	283	249	1.6e-08	32.2	823	1671	k63_1027655	1	0.4169611307420495	0.46184738955823296	-1
CysH_0_IVB	k63_55829_4	266	249	1.8e-07	28.7	4857	5654	k63_55829	4	0.5902255639097744	0.5943775100401606	1
CysH_0_IVB	k63_756607_1	205	249	0.0018	15.6	1	615	k63_756607	1	0.3121951219512195	0.2570281124497992	-1
CysH_0_IVB	k63_988909_2	124	249	0.00056	17.3	868	1239	k63_988909	2	0.5483870967741935	0.2570281124497992	-1
DEDDh_0_CAS-I-II-III-IV-V-VI	k63_337016_1	557	160	0.00027	18.8	3	1673	k63_337016	1	0.13285457809694792	0.425	1
HEAT_CxxC_PDDEXK_0_CAS-I-C	k63_1186860_4	306	288	3.2e-07	27.4	2167	3084	k63_1186860	4	0.5588235294117647	0.3402777777777778	1
HEAT_CxxC_PDDEXK_0_CAS-I-C	k63_1539131_2	371	288	0.0025	14.6	990	2102	k63_1539131	2	0.1320754716981132	0.1736111111111111	1
HEAT_CxxC_PDDEXK_0_CAS-I-C	k63_256164_1	385	288	0.0051	13.6	3	1157	k63_256164	1	0.3116883116883117	0.4409722222222222	1
HEAT_CxxC_PDDEXK_0_CAS-I-C	k63_265137_1	536	288	0.26	8.0	407	2014	k63_265137	1	0.3694029850746269	0.2986111111111111	-1
HEAT_CxxC_PDDEXK_0_CAS-I-C	k63_349014_1	444	288	2.7e-07	27.6	103	1434	k63_349014	1	0.28378378378378377	0.3645833333333333	1
HEAT_CxxC_PDDEXK_0_CAS-I-C	k63_430144_2	472	288	0.0029	14.4	426	1841	k63_430144	2	0.2627118644067797	0.2569444444444444	-1
HEAT_CxxC_PDDEXK_0_CAS-I-C	k63_579284_4	451	288	6.4e-05	19.8	3177	4529	k63_579284	4	0.37472283813747226	0.3715277777777778	1
HEAT_CxxC_PDDEXK_0_CAS-I-C	k63_647138_1	201	288	1.2e-05	22.2	3	605	k63_647138	1	0.7164179104477612	0.2708333333333333	1
HTH_0_CAS-III-A	k63_1404153_8	112	364	0.0011	15.8	6112	6447	k63_1404153	8	0.6517857142857143	0.18956043956043955	1
HTH_0_CAS-III-A	k63_1521527_5	203	364	0.037	10.8	4694	5302	k63_1521527	5	0.20689655172413793	0.11538461538461539	1
PD_DExK_0_CAS-I-II-III-IV-V-VI	k63_1516298_7	238	159	5.999999999999999e-62	205.9	6251	6964	k63_1516298	7	0.6512605042016807	0.9622641509433962	1
PD_DExK_0_CAS-I-II-III-IV-V-VI	k63_765416_2	145	159	0.012	13.2	346	780	k63_765416	2	0.45517241379310347	0.4088050314465409	1
RecD_0_IVD	k63_1062261_2	725	763	4.6e-77	257.4	417	2591	k63_1062261	2	0.7393103448275862	0.7522935779816514	-1
RecD_0_IVD	k63_1457631_1	74	763	0.046	9.4	3	224	k63_1457631	1	0.6621621621621622	0.06290956749672345	-1
RecD_0_IVD	k63_232187_1	155	763	0.00083	15.1	1	465	k63_232187	1	0.22580645161290322	0.045871559633027525	-1
RecD_0_IVD	k63_370757_1	1069	763	0.00042	16.1	75	3281	k63_370757	1	0.17867165575304023	0.2346002621231979	1
RecD_0_IVD	k63_377878_1	213	763	0.011	11.5	1	639	k63_377878	1	0.2300469483568075	0.06028833551769332	-1
RecD_0_IVD	k63_45469_1	1182	763	0.0039	12.9	1	3546	k63_45469	1	0.0532994923857868	0.08125819134993446	-1
RecD_0_IVD	k63_710468_4	191	763	0.0046	12.7	2990	3562	k63_710468	4	0.2774869109947644	0.06815203145478375	1
SSgr11_1_CAS-III-F	k63_1294437_3	158	97	0.027	12.0	1487	1960	k63_1294437	3	0.4620253164556962	0.7938144329896907	1
TPR_0_CAS-III-A	k63_562029_3	628	435	0.013	12.1	935	2818	k63_562029	3	0.14012738853503184	0.1310344827586207	-1
TPR_0_CAS-III-B	k63_133323_5	160	488	0.0024	14.2	2670	3149	k63_133323	5	0.76875	0.2581967213114754	1
TPR_0_CAS-III-B	k63_133323_6	196	488	8.9e-07	25.6	3088	3675	k63_133323	6	0.6377551020408163	0.26024590163934425	1
TPR_0_CAS-III-B	k63_529133_2	579	488	2.9e-21	73.4	335	2071	k63_529133	2	0.7858376511226253	0.5840163934426229	1
TPR_0_CAS-III-B	k63_653704_3	499	488	0.032	10.5	2276	3772	k63_653704	3	0.18036072144288579	0.45286885245901637	1
TPR_0_CAS-III-B	k63_693363_4	402	488	1.1e-29	101.1	2046	3251	k63_693363	4	0.8731343283582089	0.33401639344262296	-1
TPR_0_CAS-III-B	k63_752529_2	119	488	0.015	11.7	1147	1503	k63_752529	2	0.6050420168067226	0.14344262295081966	1
TPR_0_CAS-III-B	k63_967219_2	880	488	0.0086	12.4	795	3434	k63_967219	2	0.04318181818181818	0.0778688524590164	-1
TPR_1_CAS-III-A	k63_1028004_1	301	462	0.00027	17.3	2	904	k63_1028004	1	0.6046511627906976	0.33116883116883117	-1
TPR_1_CAS-III-A	k63_1080926_2	483	462	0.0091	12.3	287	1735	k63_1080926	2	0.3747412008281574	0.3463203463203463	-1
TPR_1_CAS-III-A	k63_1186860_2	353	462	0.0012	15.2	629	1687	k63_1186860	2	0.5382436260623229	0.4199134199134199	-1
TPR_1_CAS-III-A	k63_221446_2	483	462	7.1e-09	32.4	465	1913	k63_221446	2	0.4451345755693582	0.3268398268398268	1
TPR_1_CAS-III-A	k63_225073_5	178	462	0.0069	12.7	2386	2919	k63_225073	5	0.43820224719101125	0.21861471861471862	-1
TPR_1_CAS-III-A	k63_449322_2	591	462	0.00095	15.5	2253	4025	k63_449322	2	0.15228426395939088	0.10173160173160173	-1
TPR_1_CAS-III-A	k63_562029_3	628	462	0.00089	15.6	935	2818	k63_562029	3	0.42356687898089174	0.4134199134199134	-1
TPR_1_CAS-III-A	k63_653704_3	499	462	1.6e-05	21.4	2276	3772	k63_653704	3	0.5591182364729459	0.3246753246753247	1
TPR_1_CAS-III-A	k63_677748_3	335	462	1.6e-06	24.7	1757	2761	k63_677748	3	0.5701492537313433	0.3874458874458874	-1
TPR_1_CAS-III-A	k63_778267_1	442	462	0.0016	14.8	2	1327	k63_778267	1	0.26244343891402716	0.21212121212121213	-1
TPR_1_CAS-III-A	k63_842930_2	240	462	9.1e-06	22.2	1521	2240	k63_842930	2	0.48333333333333334	0.3593073593073593	-1
TPR_1_CAS-III-A	k63_857106_4	108	462	0.0026	14.1	4232	4555	k63_857106	4	0.3333333333333333	0.07792207792207792	-1
TPR_1_CAS-III-B	k63_133323_5	160	537	0.014	11.8	2670	3149	k63_133323	5	0.7	0.2011173184357542	1
TPR_1_CAS-III-B	k63_133323_6	196	537	0.00023	17.6	3088	3675	k63_133323	6	0.6377551020408163	0.12290502793296089	1
TPR_1_CAS-III-B	k63_693363_4	402	537	1.2e-11	41.6	2046	3251	k63_693363	4	0.6666666666666666	0.30726256983240224	-1
TPR_1_CAS-III-B	k63_842930_2	240	537	0.00032	17.1	1521	2240	k63_842930	2	0.6833333333333333	0.2681564245810056	-1
TnpB_0_Competitive	k63_154654_3	378	400	9.3e-13	45.5	1795	2928	k63_154654	3	0.58994708994709	0.545	1
TnpB_0_Competitive	k63_222085_2	374	400	6.5e-15	52.6	363	1484	k63_222085	2	0.5748663101604278	0.5225	-1
TnpB_1_Competitive	k63_154654_3	378	409	6e-23	78.9	1795	2928	k63_154654	3	0.5873015873015873	0.5232273838630807	1
TnpB_1_Competitive	k63_222085_2	374	409	4.3e-31	105.7	363	1484	k63_222085	2	0.6203208556149733	0.5427872860635696	-1
Unk_02_0_CAS-III-A	k63_1195715_10	458	305	0.0042	14.2	12118	13491	k63_1195715	10	0.11790393013100436	0.16065573770491803	-1
Unk_03_0_CAS-III-B	k63_645259_6	98	186	0.0041	14.8	4767	5060	k63_645259	6	0.7755102040816326	0.41935483870967744	-1
WYL_0_CAS-I-II-III-IV-V-VI	k63_1073459_1	92	313	0.0061	13.7	2	277	k63_1073459	1	0.43478260869565216	0.12779552715654952	1
WYL_0_CAS-I-II-III-IV-V-VI	k63_558006_5	151	313	0.0017	15.5	3638	4090	k63_558006	5	0.9470198675496688	0.4472843450479233	-1
WYL_1_CAS-I-II-III-IV-V-VI	k63_1094075_5	46	462	0.005	13.5	2450	2587	k63_1094075	5	0.717391304347826	0.07142857142857142	1
WYL_2_CAS-I-II-III-IV-V-VI	k63_1094075_5	46	462	0.005	13.5	2450	2587	k63_1094075	5	0.717391304347826	0.07142857142857142	1
htpX_0_CAS-III-B	k63_1185137_3	206	343	0.034	10.9	2144	2761	k63_1185137	3	0.18932038834951456	0.12244897959183673	-1
