Contig	Start	End	Strand	Pos
k141_223	1	114	1	1
k141_223	136	1500	-1	2
k141_223	1493	2740	-1	3
k141_223	2871	3248	-1	4
k141_223	3261	4142	-1	5
k141_223	4280	4420	-1	6
k141_223	4590	5006	-1	7
k141_223	5076	5543	-1	8
k141_223	5569	6114	-1	9
k141_223	6317	6493	1	10
k141_223	6418	7152	-1	11
k141_223	7400	7519	1	12
k141_223	7661	7936	1	13
k141_223	7949	9142	-1	14
k141_223	9289	9846	-1	15
k141_223	9915	10832	-1	16
k141_223	10927	11259	-1	17
k141_223	11422	12114	-1	18
k141_223	12119	12604	-1	19
k141_223	12693	14672	-1	20
k141_223	14784	15734	1	21
k141_223	15737	16066	1	22
k141_223	16211	17143	1	23
k141_223	17147	18034	1	24
k141_223	18105	18953	1	25
k141_223	19010	19675	-1	26
k141_223	19912	22083	1	27
k141_223	22450	22992	1	28
k141_223	22977	23069	1	29
k141_223	23266	24720	1	30
k141_223	24894	26480	-1	31
k141_223	26702	28693	1	32
k141_223	28776	30449	1	33
k141_223	30664	30939	-1	34
k141_223	31289	32374	1	35
k141_223	32552	33664	1	36
k141_290	1	309	-1	1
k141_290	309	2456	-1	2
k141_290	2474	2767	-1	3
k141_290	2774	3424	-1	4
k141_290	3421	4314	-1	5
k141_290	4323	5825	-1	6
k141_290	5829	7205	-1	7
k141_290	7255	7509	-1	8
k141_290	7538	7810	-1	9
k141_424	3	2150	1	1
k141_424	2164	3108	1	2
k141_424	3134	4141	1	3
k141_424	4351	4725	1	4
k141_424	4910	5584	1	5
k141_424	6359	8266	1	6
k141_424	8278	9030	1	7
k141_424	9035	9616	-1	8
k141_424	9697	10587	-1	9
k141_424	10638	14816	-1	10
k141_424	15058	16848	-1	11
k141_424	16851	18125	-1	12
k141_424	18259	18528	1	13
k141_424	18531	19022	1	14
k141_424	19283	20497	1	15
k141_424	20860	23079	1	16
k141_424	23396	24208	-1	17
k141_424	24210	25094	-1	18
k141_424	25576	25923	-1	19
k141_424	25920	26276	-1	20
k141_424	26287	27498	-1	21
k141_424	27709	28053	1	22
k141_424	28296	29114	-1	23
k141_424	29241	29765	-1	24
k141_424	29843	31042	-1	25
k141_424	31118	31282	-1	26
k141_460	1	2118	-1	1
k141_460	2189	2284	1	2
k141_460	2411	4642	-1	3
k141_460	5160	5489	-1	4
k141_460	5556	5651	1	5
k141_460	5659	6813	-1	6
k141_460	6864	7634	-1	7
k141_460	7638	8444	-1	8
k141_460	8484	8675	-1	9
k141_460	8708	8905	-1	10
k141_460	8914	9357	-1	11
k141_460	9802	10287	-1	12
k141_460	10662	10796	1	13
k141_573	3	899	1	1
k141_573	1158	2738	1	2
k141_573	2735	4012	-1	3
k141_573	4946	5794	-1	4
k141_573	5791	6696	-1	5
k141_573	6804	7121	1	6
k141_573	7118	7417	1	7
k141_573	7448	7690	-1	8
k141_573	7952	8110	1	9
k141_573	8174	8773	1	10
k141_573	8876	10627	1	11
k141_573	10649	11248	-1	12
k141_573	11264	12223	-1	13
k141_573	12411	15023	-1	14
k141_573	15128	16105	1	15
k141_573	16105	16434	1	16
k141_573	16454	17053	1	17
k141_573	17057	17494	1	18
k141_573	17475	18263	1	19
k141_573	18318	18806	1	20
k141_573	18803	21583	-1	21
k141_573	21825	27392	1	22
k141_573	27399	29771	1	23
k141_573	29772	31073	-1	24
k141_573	31150	31665	1	25
k141_573	31662	32543	-1	26
k141_573	32533	33897	-1	27
k141_573	34217	35398	1	28
k141_573	35464	36294	1	29
k141_573	36350	36532	-1	30
k141_573	36535	37860	-1	31
k141_573	37860	41150	-1	32
k141_573	41162	42283	-1	33
k141_573	42431	43318	-1	34
k141_573	43453	45369	-1	35
k141_573	45436	45840	1	36
k141_573	45837	46892	-1	37
k141_573	47085	47987	-1	38
k141_573	48014	49585	-1	39
k141_573	49652	50308	-1	40
k141_573	50400	51779	-1	41
k141_573	51904	53061	-1	42
k141_573	53064	55544	-1	43
k141_573	55735	58872	1	44
k141_573	58935	59663	-1	45
k141_573	59773	61257	1	46
k141_573	61368	62648	1	47
k141_573	62668	63195	1	48
k141_573	63202	64089	1	49
k141_573	64086	64448	1	50
k141_573	64599	64877	1	51
k141_573	64900	66531	1	52
k141_573	66818	67534	-1	53
k141_573	67534	67905	-1	54
k141_573	67924	68808	-1	55
k141_573	68834	70159	-1	56
k141_573	70249	70623	-1	57
k141_573	70883	72622	-1	58
k141_573	72627	73334	-1	59
k141_573	73342	75843	-1	60
k141_573	75856	76188	-1	61
k141_573	76205	77425	-1	62
k141_573	77422	79710	-1	63
k141_573	79789	81162	-1	64
k141_573	81255	81641	-1	65
k141_573	81773	82225	1	66
k141_573	82317	83849	1	67
k141_573	83905	84933	1	68
k141_573	84999	85811	1	69
k141_573	85808	86314	1	70
k141_573	86369	88237	1	71
k141_573	88185	89510	1	72
k141_573	89507	90358	-1	73
k141_573	90394	92568	-1	74
k141_573	92770	93549	1	75
k141_573	93539	93826	1	76
k141_573	93877	94989	1	77
k141_573	95023	95568	1	78
k141_573	95588	97585	1	79
k141_573	97591	99126	-1	80
k141_573	99151	101310	-1	81
k141_573	101574	102887	1	82
k141_573	102934	103158	1	83
k141_573	103155	103502	1	84
k141_573	103499	104407	1	85
k141_573	104536	105168	1	86
k141_573	105423	108659	1	87
k141_573	108686	110389	1	88
k141_573	110407	111369	1	89
k141_573	111668	112225	1	90
k141_573	112275	114395	-1	91
k141_573	114480	115769	-1	92
k141_573	115772	115975	-1	93
k141_573	115968	116513	-1	94
k141_573	116579	117949	-1	95
k141_573	118053	119318	-1	96
k141_573	119319	120047	-1	97
k141_573	119995	120225	-1	98
k141_573	120291	120620	1	99
k141_610	101	337	1	1
k141_610	732	1397	1	2
k141_610	1409	2779	1	3
k141_610	2870	4216	1	4
k141_610	4229	5266	1	5
k141_610	5440	6897	1	6
k141_610	6905	7042	1	7
k141_610	7506	8501	1	8
k141_610	9190	10461	-1	9
k141_610	10871	11737	-1	10
k141_610	11878	12477	-1	11
k141_610	12555	13817	-1	12
k141_610	13853	14455	-1	13
k141_610	14570	14761	-1	14
k141_610	14788	17508	1	15
k141_610	17622	19352	1	16
k141_610	19357	20073	1	17
k141_610	20093	21847	-1	18
k141_610	21840	24074	-1	19
k141_610	24071	25342	-1	20
k141_610	25343	26242	-1	21
k141_610	26242	27246	-1	22
k141_610	27257	27883	-1	23
k141_610	27969	29285	-1	24
k141_610	29313	30953	-1	25
k141_610	31295	32701	1	26
k141_610	32696	33703	-1	27
k141_610	33720	34163	-1	28
k141_610	34212	34652	-1	29
k141_610	34712	35116	-1	30
k141_610	35203	35631	-1	31
k141_610	35743	36558	-1	32
k141_610	36568	37410	-1	33
k141_610	37507	38340	-1	34
k141_610	38428	39474	-1	35
k141_610	39452	40981	-1	36
k141_610	41066	41473	1	37
k141_610	41474	42295	-1	38
k141_610	42437	42727	-1	39
k141_610	42734	43645	-1	40
k141_610	43823	44476	1	41
k141_610	44485	45855	-1	42
k141_610	45863	46705	-1	43
k141_610	46763	49909	-1	44
k141_610	49922	51130	-1	45
k141_610	51120	52613	-1	46
k141_610	52878	53945	1	47
k141_610	54091	56628	-1	48
k141_610	56630	57307	-1	49
k141_610	57311	58051	1	50
k141_610	58116	60308	1	51
k141_610	60501	61862	1	52
k141_610	61886	63286	1	53
k141_610	63365	64291	-1	54
k141_610	64387	64695	1	55
k141_610	64724	64936	1	56
k141_610	64961	66418	1	57
k141_610	66415	68793	1	58
k141_610	68797	69651	1	59
k141_610	69658	70599	-1	60
k141_610	70865	71296	-1	61
k141_610	71413	71922	1	62
k141_610	71928	72509	1	63
k141_610	72539	74491	1	64
k141_610	74629	75252	1	65
k141_610	75249	75683	1	66
k141_610	75695	76150	1	67
k141_610	76224	77474	1	68
k141_610	77471	78178	1	69
k141_610	78175	78957	1	70
k141_610	78990	80192	1	71
k141_610	80338	80775	1	72
k141_610	80832	81557	1	73
k141_610	81634	81873	1	74
k141_610	81888	82262	1	75
k141_610	82366	82848	-1	76
k141_610	82833	84170	-1	77
k141_610	84216	84518	-1	78
k141_610	84531	84758	-1	79
k141_610	84937	86565	-1	80
k141_610	86652	87389	1	81
k141_610	87504	89033	1	82
k141_610	89224	90111	1	83
k141_610	90203	91360	1	84
k141_610	91303	91776	1	85
k141_610	91966	92169	-1	86
k141_635	264	1538	-1	1
k141_635	1979	4030	1	2
k141_635	4027	4749	-1	3
k141_635	4755	5924	-1	4
k141_635	5959	7368	-1	5
k141_635	7402	7560	1	6
k141_635	7600	8895	1	7
k141_635	8897	12067	-1	8
k141_635	12201	12962	1	9
k141_635	12946	13473	1	10
k141_635	13466	14059	1	11
k141_635	14217	15164	1	12
k141_635	15257	17788	1	13
k141_635	17775	17891	1	14
k141_635	17900	19609	1	15
k141_635	19660	20514	-1	16
k141_635	20690	21187	1	17
k141_635	21189	21884	1	18
k141_635	21881	23194	1	19
k141_635	23289	24719	1	20
k141_635	24776	25780	1	21
k141_635	25976	27889	1	22
k141_635	27896	29203	-1	23
k141_635	29219	29866	-1	24
k141_635	29949	30236	-1	25
k141_635	30326	30889	1	26
k141_635	30889	32781	1	27
k141_635	32762	33724	1	28
k141_635	33692	33847	-1	29
k141_635	33901	34173	1	30
k141_635	34296	34856	1	31
k141_635	34853	35698	-1	32
k141_635	35753	36136	-1	33
k141_635	36446	36634	1	34
k141_635	36621	36731	1	35
k141_635	36817	38736	1	36
k141_635	38736	39386	1	37
k141_635	39419	41326	-1	38
k141_635	41386	41754	-1	39
k141_635	41751	44438	-1	40
k141_635	44706	46421	-1	41
k141_635	46444	46707	-1	42
k141_635	46726	47952	-1	43
k141_635	48050	48463	-1	44
k141_635	48591	49538	-1	45
k141_635	49553	50512	-1	46
k141_635	50632	51462	1	47
k141_635	51463	51765	1	48
k141_635	51765	52496	1	49
k141_635	52496	54160	1	50
k141_635	54281	55399	1	51
k141_635	55547	56659	1	52
k141_635	56697	57992	-1	53
k141_635	58064	58726	-1	54
k141_635	58809	59168	-1	55
k141_635	59255	60625	1	56
k141_635	61090	64215	1	57
k141_635	64228	65892	1	58
k141_635	66015	66701	-1	59
k141_635	66702	67718	-1	60
k141_635	67855	70416	-1	61
k141_635	70508	71272	-1	62
k141_635	71640	72341	-1	63
k141_635	72325	73608	-1	64
k141_635	73882	74634	1	65
k141_635	74631	77015	-1	66
k141_635	77031	77807	-1	67
k141_635	77831	79780	-1	68
k141_635	79777	80910	-1	69
k141_635	81444	82469	1	70
k141_635	82551	83882	1	71
k141_635	84011	85438	-1	72
k141_635	85607	85726	1	73
k141_635	86069	87517	-1	74
k141_635	87556	88677	-1	75
k141_635	88674	89861	-1	76
k141_635	90231	91412	1	77
k141_635	91670	93508	1	78
k141_635	93505	94341	1	79
k141_692	2	670	1	1
k141_692	693	1688	1	2
k141_692	1714	2544	1	3
k141_692	2558	3112	1	4
k141_692	3105	3812	1	5
k141_702	2	1504	1	1
k141_702	1507	3555	1	2
k141_702	3557	4510	1	3
k141_702	4567	5100	1	4
k141_702	5097	5504	1	5
k141_702	5506	6474	1	6
k141_702	6503	6775	1	7
k141_702	6772	7470	-1	8
k141_702	7515	8777	-1	9
k141_702	8865	11063	-1	10
k141_702	11213	11983	1	11
k141_702	11988	12860	-1	12
k141_702	13010	13450	1	13
k141_702	13503	14135	-1	14
k141_702	14204	14557	-1	15
k141_702	14694	15272	1	16
k141_702	15265	15675	1	17
k141_702	15672	16028	-1	18
k141_702	16034	17371	-1	19
k141_702	17466	19352	-1	20
k141_702	19683	20339	1	21
k141_702	20345	21655	1	22
k141_702	21729	24146	-1	23
k141_702	24301	25311	1	24
k141_702	25861	26220	1	25
k141_702	26204	27691	-1	26
k141_702	27768	28388	1	27
k141_702	28468	29829	1	28
k141_702	29902	30675	1	29
k141_702	30706	31317	1	30
k141_702	31317	31655	1	31
k141_702	31656	32906	1	32
k141_702	33017	33208	1	33
k141_702	33237	33419	1	34
k141_702	33457	33609	1	35
k141_702	33677	35620	-1	36
k141_702	35687	36742	1	37
k141_702	36749	38410	1	38
k141_702	38489	39790	1	39
k141_702	40075	40554	1	40
k141_702	40551	42167	1	41
k141_702	42271	43026	-1	42
k141_702	43023	43586	-1	43
k141_702	43705	44220	1	44
k141_702	44295	45428	-1	45
k141_702	45439	45696	-1	46
k141_702	45702	46208	-1	47
k141_702	46317	47153	1	48
k141_702	47104	48537	1	49
k141_702	48542	49495	1	50
k141_702	49600	51867	1	51
k141_702	51948	52508	1	52
k141_702	52505	53071	1	53
k141_702	53072	53524	-1	54
k141_702	53521	54363	-1	55
k141_702	54360	55820	-1	56
k141_702	55827	56729	-1	57
k141_702	57189	58448	1	58
k141_702	58462	59166	-1	59
k141_702	59173	59811	-1	60
k141_702	59811	60215	-1	61
k141_702	60327	61280	-1	62
k141_702	61408	62922	-1	63
k141_702	63140	63622	-1	64
k141_702	63649	66045	-1	65
k141_702	66082	66171	1	66
k141_702	66329	66538	-1	67
k141_702	66926	67027	1	68
k141_702	67230	68474	1	69
k141_702	68813	69487	-1	70
k141_702	69474	70466	-1	71
k141_702	70468	70962	-1	72
k141_702	71013	71165	-1	73
k141_702	71220	71396	-1	74
k141_702	71617	72030	-1	75
k141_702	72031	73137	-1	76
k141_702	73246	73896	1	77
k141_702	73889	74881	1	78
k141_702	75268	75606	-1	79
k141_719	107	694	1	1
k141_719	930	1997	1	2
k141_719	2105	3127	-1	3
k141_719	3133	3717	-1	4
k141_719	3980	5230	-1	5
k141_719	5735	7771	-1	6
k141_719	7883	9058	1	7
k141_719	9079	9831	1	8
k141_719	9882	11144	-1	9
k141_719	11202	13724	-1	10
k141_719	13751	13885	-1	11
k141_719	13986	16541	1	12
k141_719	16703	17122	1	13
k141_719	17126	18661	-1	14
k141_719	18919	21363	1	15
k141_719	21367	22290	1	16
k141_719	22296	23591	1	17
k141_719	23588	25204	-1	18
k141_719	25346	26434	1	19
k141_719	26442	27269	1	20
k141_719	27475	29094	1	21
k141_719	29194	29481	1	22
k141_719	29546	30256	1	23
k141_904	323	904	-1	1
k141_904	901	2178	-1	2
k141_904	2420	2740	1	3
k141_904	2745	3689	-1	4
k141_904	3754	4254	1	5
k141_904	4241	4744	1	6
k141_904	4746	5447	-1	7
k141_904	5516	6325	-1	8
k141_904	6318	8588	-1	9
k141_904	8711	9181	1	10
k141_904	9183	9536	-1	11
k141_904	9546	10118	-1	12
k141_904	10118	13270	-1	13
k141_904	13333	13890	-1	14
k141_904	13859	14557	-1	15
k141_904	14675	15826	1	16
k141_904	15814	16416	-1	17
k141_904	16525	16995	-1	18
k141_904	17049	17543	-1	19
k141_904	17760	18005	-1	20
k141_904	18223	18378	1	21
k141_904	18390	18584	1	22
k141_904	18906	19127	1	23
k141_904	19180	20124	1	24
k141_904	20166	20492	1	25
k141_904	20559	20684	1	26
k141_904	21036	21368	1	27
k141_904	21511	21915	1	28
k141_904	21988	23541	-1	29
k141_904	23869	24711	-1	30
k141_904	24736	25644	-1	31
k141_904	25646	27778	-1	32
k141_904	27875	29971	-1	33
k141_904	30112	31830	-1	34
k141_904	31841	33355	-1	35
k141_904	33526	33885	1	36
k141_904	33940	34599	1	37
k141_904	34692	36656	1	38
k141_904	36976	38133	1	39
k141_904	38413	41913	-1	40
k141_904	41994	42314	1	41
k141_904	42648	43154	1	42
k141_904	42971	44773	-1	43
k141_904	45293	45925	-1	44
k141_904	45926	46219	-1	45
k141_904	46204	46437	-1	46
k141_904	46477	48939	-1	47
k141_904	48936	50648	-1	48
k141_904	50645	51673	-1	49
k141_904	51765	52193	1	50
k141_904	52190	53197	-1	51
k141_904	53309	53791	1	52
k141_904	53819	55069	1	53
k141_904	55148	56968	1	54
k141_904	57250	57456	-1	55
k141_904	57535	57921	-1	56
k141_904	57973	58359	-1	57
k141_904	58356	58814	-1	58
k141_904	58822	59328	-1	59
k141_904	59427	59837	-1	60
k141_904	59847	60779	-1	61
k141_904	60799	61164	-1	62
k141_904	61173	62525	-1	63
k141_904	62512	63384	-1	64
k141_904	63404	63712	-1	65
k141_904	63716	64033	-1	66
k141_904	64124	65908	-1	67
k141_904	65986	67257	-1	68
k141_904	67308	68624	-1	69
k141_904	68625	69554	-1	70
k141_904	69612	73406	1	71
k141_904	73403	74089	1	72
k141_904	74091	74756	-1	73
k141_904	74811	75461	-1	74
k141_904	75541	76482	-1	75
k141_904	76675	76776	-1	76
k141_904	77614	77862	1	77
k141_904	78038	78139	1	78
k141_904	78697	78882	1	79
k141_980	113	2296	1	1
k141_980	2300	3796	1	2
k141_980	3810	4427	1	3
k141_980	4508	5032	1	4
k141_980	5359	7230	1	5
k141_980	7304	9058	1	6
k141_980	9295	10845	-1	7
k141_980	10979	12235	1	8
k141_980	12312	13238	1	9
k141_980	13239	13886	-1	10
k141_980	13949	14371	1	11
k141_980	14352	15413	1	12
k141_980	15469	17208	1	13
k141_980	17247	17588	1	14
k141_980	17667	18497	1	15
k141_980	18648	19247	1	16
k141_980	19250	20158	1	17
k141_980	20192	20947	1	18
k141_980	21081	21320	-1	19
k141_980	21489	23450	1	20
k141_980	23454	24248	-1	21
k141_980	24294	25346	1	22
k141_980	25337	26275	1	23
k141_980	26253	27326	1	24
k141_980	27360	28703	1	25
k141_980	28782	30521	1	26
k141_980	30523	32151	-1	27
k141_980	32214	33197	1	28
k141_980	33264	33446	1	29
k141_980	33480	35171	1	30
k141_980	35186	35860	-1	31
k141_980	35932	36732	-1	32
k141_980	36898	37788	1	33
k141_980	37868	39265	-1	34
k141_980	39405	39578	1	35
k141_980	39751	42234	-1	36
k141_980	42335	42823	-1	37
k141_980	42892	43233	-1	38
k141_980	43243	44187	-1	39
k141_980	44569	46971	1	40
k141_980	46980	48005	1	41
k141_980	48098	48424	-1	42
k141_980	48527	50665	1	43
k141_980	50738	51778	1	44
k141_980	51904	53163	1	45
k141_980	53191	54015	-1	46
k141_980	54094	55443	-1	47
k141_980	55455	56075	-1	48
k141_980	56153	57055	-1	49
k141_980	57174	57554	-1	50
k141_980	57608	58837	-1	51
k141_980	59048	59491	-1	52
k141_980	59503	60054	-1	53
k141_980	60041	60535	-1	54
k141_980	60536	61381	-1	55
k141_980	61522	63177	-1	56
k141_980	63370	64254	-1	57
k141_980	64689	65621	1	58
k141_980	66060	66254	-1	59
k141_980	66337	66975	-1	60
k141_980	67123	67665	1	61
k141_980	67667	68209	-1	62
k141_980	68224	68784	-1	63
k141_980	68880	69257	-1	64
k141_980	69334	71088	-1	65
k141_980	71269	72216	1	66
k141_980	72288	72731	1	67
k141_980	72745	73035	1	68
k141_980	73123	74472	1	69
k141_980	74574	75692	-1	70
k141_980	75759	76742	-1	71
k141_980	76830	77090	1	72
k141_980	77115	79700	1	73
k141_980	79693	80961	1	74
k141_980	80961	82421	1	75
k141_980	82472	83686	-1	76
k141_980	83805	85721	-1	77
k141_980	85732	86688	-1	78
k141_980	86733	91232	-1	79
k141_980	91575	94352	-1	80
k141_980	94606	95190	1	81
k141_980	95444	96106	-1	82
k141_980	96162	96614	1	83
k141_980	96779	98230	-1	84
k141_980	98309	99085	1	85
k141_980	99090	99587	1	86
k141_980	99633	100292	-1	87
k141_980	100302	100625	-1	88
k141_980	100625	101878	-1	89
k141_980	101875	103806	-1	90
k141_980	104013	105020	-1	91
k141_980	105070	105765	-1	92
k141_980	105798	106067	-1	93
k141_980	106206	107690	-1	94
k141_980	107937	109538	1	95
k141_980	109616	111448	1	96
k141_980	111554	112696	1	97
k141_980	112840	113655	1	98
k141_980	113741	114505	-1	99
k141_980	114507	115175	-1	100
k141_980	115444	116007	1	101
k141_980	115994	116593	1	102
k141_980	116634	116924	1	103
k141_980	116963	117517	-1	104
k141_980	117534	119945	-1	105
k141_980	120005	120337	-1	106
k141_980	120398	120913	-1	107
k141_980	120946	121404	-1	108
k141_980	121475	122116	-1	109
k141_980	122192	123145	-1	110
k141_980	123151	124215	-1	111
k141_980	124287	125333	-1	112
k141_980	125419	125772	1	113
k141_980	126007	127101	1	114
k141_980	127194	128072	1	115
k141_980	128175	130043	1	116
k141_980	130059	132686	1	117
k141_980	132757	133713	1	118
k141_980	133750	134163	-1	119
k141_980	134163	134573	-1	120
k141_980	134859	135968	1	121
k141_980	136062	136541	1	122
k141_980	136557	137072	1	123
k141_980	137074	137400	-1	124
k141_980	137494	138549	-1	125
k141_980	138641	139813	1	126
k141_980	139947	141116	1	127
k141_980	141091	143295	1	128
k141_980	143310	143621	1	129
k141_980	143751	143927	1	130
k141_980	143950	144099	1	131
k141_980	144231	145088	1	132
k141_980	145044	146804	-1	133
k141_980	146911	147285	-1	134
k141_980	147291	147539	-1	135
k141_1279	86	1306	1	1
k141_1279	1419	2531	-1	2
k141_1279	2752	3648	1	3
k141_1279	3829	4140	1	4
k141_1279	4239	4502	1	5
k141_1279	4780	5361	-1	6
k141_1279	5614	6453	-1	7
k141_1279	6643	7143	-1	8
k141_1279	7227	8612	-1	9
k141_1279	8627	9307	-1	10
k141_1279	9572	10027	-1	11
k141_1279	10038	10907	-1	12
k141_1279	10904	11200	-1	13
k141_1279	11208	12149	-1	14
k141_1300	514	1635	-1	1
k141_1349	2	184	1	1
k141_1349	259	1464	1	2
k141_1349	1670	2572	1	3
k141_1349	2618	2914	1	4
k141_1349	2911	3780	1	5
k141_1349	3791	4246	1	6
k141_1349	4442	5233	1	7
k141_1349	5230	6021	1	8
k141_1349	6068	6220	1	9
k141_1349	6279	7508	-1	10
k141_1349	7969	8469	-1	11
k141_1349	8650	9402	1	12
k141_1349	9418	10611	1	13
k141_1349	10660	11799	-1	14
k141_1349	11796	13283	-1	15
k141_1349	13287	13934	-1	16
k141_1349	13939	16326	-1	17
k141_1349	16389	16754	-1	18
k141_1349	16747	17253	-1	19
k141_1349	17349	17606	-1	20
k141_1349	17587	17901	-1	21
k141_1349	17908	18552	-1	22
k141_1349	18762	20252	-1	23
k141_1349	20324	21544	-1	24
k141_1349	21695	22153	1	25
k141_1349	22238	22360	-1	26
k141_1349	22693	24417	1	27
k141_1349	24472	25860	1	28
k141_1349	26424	27827	1	29
k141_1349	27981	29177	-1	30
k141_1349	29308	29841	1	31
k141_1349	29848	31131	1	32
k141_1349	31154	32461	1	33
k141_1349	32458	34440	1	34
k141_1349	34522	36909	1	35
k141_1349	37016	38551	1	36
k141_1349	38742	39152	1	37
k141_1349	39149	39592	-1	38
k141_1349	39774	40970	1	39
k141_1349	40971	41711	1	40
k141_1349	41711	42445	1	41
k141_1349	42438	43277	1	42
k141_1349	43637	45313	1	43
k141_1349	45350	47083	1	44
k141_1349	47158	47685	1	45
k141_1349	47710	49185	1	46
k141_1349	49202	50467	1	47
k141_1349	50627	52219	1	48
k141_1349	52442	53500	-1	49
k141_1349	53551	55044	-1	50
k141_1349	55099	55695	-1	51
k141_1349	55770	57182	-1	52
k141_1349	57384	59552	-1	53
k141_1349	59581	61626	1	54
k141_1349	61623	62537	1	55
k141_1349	62539	63060	-1	56
k141_1349	63138	63911	-1	57
k141_1349	63949	65523	-1	58
k141_1349	65622	66908	-1	59
k141_1349	66921	67460	-1	60
k141_1349	67600	69930	1	61
k141_1349	70070	72295	1	62
k141_1349	72299	72898	-1	63
k141_1349	73126	73746	1	64
k141_1349	73808	74680	-1	65
k141_1349	74776	75777	-1	66
k141_1349	75790	76236	-1	67
k141_1349	76263	77264	1	68
k141_1349	77267	77644	-1	69
k141_1349	77742	80153	-1	70
k141_1349	80311	83145	-1	71
k141_1349	83158	83850	-1	72
k141_1349	83865	86726	-1	73
k141_1349	86916	87443	1	74
k141_1349	87444	88220	-1	75
k141_1349	88284	89546	-1	76
k141_1349	89726	90481	1	77
k141_1349	90485	91480	-1	78
k141_1349	91525	92451	-1	79
k141_1349	92463	94145	-1	80
k141_1349	94133	94726	-1	81
k141_1349	94818	96206	1	82
k141_1349	96203	97120	-1	83
k141_1349	97174	97824	1	84
k141_1349	98029	99150	-1	85
k141_1349	99249	99749	-1	86
k141_1349	99838	102753	1	87
k141_1349	102724	103692	-1	88
k141_1349	103835	104899	1	89
k141_1349	104957	106270	1	90
k141_1349	106418	108475	-1	91
k141_1349	108585	108989	-1	92
k141_1349	109071	109811	-1	93
k141_1349	110178	110300	-1	94
k141_1353	1	975	-1	1
k141_1353	1020	1577	-1	2
k141_1353	1655	1786	-1	3
k141_1353	1962	2378	-1	4
k141_1353	2386	3930	-1	5
k141_1353	3968	5191	1	6
k141_1353	5215	6252	1	7
k141_1353	6233	7645	1	8
k141_1353	7646	8431	1	9
k141_1353	8436	9002	1	10
k141_1353	9008	9943	1	11
k141_1353	10006	10878	1	12
k141_1353	10986	11735	1	13
k141_1353	11740	13773	1	14
k141_1353	13787	14602	1	15
k141_1353	14802	15659	1	16
k141_1353	15659	16942	1	17
k141_1353	16942	17988	1	18
k141_1353	17988	19124	1	19
k141_1353	19206	19787	1	20
k141_1353	19790	20521	1	21
k141_1353	20514	21029	1	22
k141_1353	21043	21798	1	23
k141_1353	21879	22475	1	24
k141_1353	22539	23705	1	25
k141_1353	23714	25183	1	26
k141_1353	25185	25625	-1	27
k141_1353	25820	26704	-1	28
k141_1353	26697	27488	-1	29
k141_1353	27580	27864	1	30
k141_1353	27967	28263	1	31
k141_1353	28249	28662	-1	32
k141_1353	28979	29878	1	33
k141_1353	30050	30469	1	34
k141_1353	30466	31749	-1	35
k141_1353	31879	32658	1	36
k141_1353	32669	33022	1	37
k141_1353	33133	33231	1	38
k141_1353	33260	33361	1	39
k141_1353	33440	34303	-1	40
k141_1353	34548	36059	1	41
k141_1353	36005	36193	-1	42
k141_1353	36212	37450	1	43
k141_1353	37583	38203	1	44
k141_1353	38317	38706	-1	45
k141_1353	38760	40112	-1	46
k141_1353	40182	40931	-1	47
k141_1353	40978	43389	1	48
k141_1353	43456	45273	-1	49
k141_1353	45397	46020	-1	50
k141_1353	46078	46824	-1	51
k141_1353	46869	47711	1	52
k141_1353	48358	49692	-1	53
k141_1353	49745	50617	1	54
k141_1353	50653	52137	1	55
k141_1353	52134	52574	1	56
k141_1353	52561	53223	1	57
k141_1353	53229	54680	1	58
k141_1353	54723	55319	1	59
k141_1353	55376	56323	-1	60
k141_1353	56379	57461	-1	61
k141_1353	57676	57927	1	62
k141_1353	57937	58572	1	63
k141_1353	58569	58715	-1	64
k141_1353	58773	59399	-1	65
k141_1353	59436	59906	-1	66
k141_1353	60050	60841	1	67
k141_1353	60941	62311	1	68
k141_1353	62531	62893	1	69
k141_1353	62888	63256	-1	70
k141_1353	63293	63829	-1	71
k141_1353	63984	64655	-1	72
k141_1353	64725	65147	-1	73
k141_1353	65418	66518	-1	74
k141_1353	66583	67173	-1	75
k141_1353	67254	67976	-1	76
k141_1353	67986	69224	-1	77
k141_1353	69243	69683	-1	78
k141_1353	69872	70483	-1	79
k141_1353	70630	71058	-1	80
k141_1353	71169	72260	-1	81
k141_1353	72283	72870	-1	82
k141_1353	72997	75156	1	83
k141_1353	75249	76307	-1	84
k141_1353	76472	77326	-1	85
k141_1353	77353	78183	-1	86
k141_1353	78186	80117	-1	87
k141_1353	80359	83748	1	88
k141_1353	83855	85546	-1	89
k141_1353	85941	86996	-1	90
k141_1353	87162	87551	1	91
k141_1353	87612	87686	1	92
k141_1570	1	1113	-1	1
k141_1570	1614	3218	1	2
k141_1570	3346	3501	1	3
k141_1570	3632	5824	1	4
k141_1570	5828	7111	1	5
k141_1570	7305	8327	-1	6
k141_1570	8333	8917	-1	7
k141_1570	9202	9660	1	8
k141_1570	9721	10716	1	9
k141_1570	10815	12059	-1	10
k141_1570	12593	12832	-1	11
k141_1570	13260	14777	-1	12
k141_1570	14791	17874	-1	13
k141_1570	18038	21058	-1	14
k141_1570	21066	23765	-1	15
k141_1570	23948	25378	1	16
k141_1570	25388	26419	1	17
k141_1570	26422	28359	1	18
k141_1570	28509	29555	-1	19
k141_1570	29834	30712	1	20
k141_1570	30865	31686	1	21
k141_1570	31688	32524	1	22
k141_1570	32521	35823	1	23
k141_1570	35827	36210	1	24
k141_1570	36472	38565	1	25
k141_1570	38736	40016	1	26
k141_1570	40027	41400	1	27
k141_1570	41402	42547	1	28
k141_1570	42588	43997	1	29
k141_1570	44552	44782	1	30
k141_1570	44779	45189	1	31
k141_1570	45254	45634	1	32
k141_1570	45648	46160	1	33
k141_1570	46693	47280	1	34
k141_1570	47283	48308	1	35
k141_1570	48320	49936	1	36
k141_1570	50196	51161	1	37
k141_1570	51208	51582	1	38
k141_1570	51691	52092	1	39
k141_1570	52242	52613	1	40
k141_1631	244	1632	1	1
k141_1631	1771	2739	-1	2
k141_1631	2904	3365	1	3
k141_1631	3527	4537	1	4
k141_1631	4534	5166	1	5
k141_1631	5173	6462	-1	6
k141_1631	6679	8463	-1	7
k141_1631	8477	9274	-1	8
k141_1631	9565	10251	1	9
k141_1631	10244	11911	1	10
k141_1631	11917	13269	1	11
k141_1631	13253	14665	1	12
k141_1631	14734	16209	1	13
k141_1631	16306	17145	1	14
k141_1631	17231	19018	1	15
k141_1631	19070	20299	-1	16
k141_1631	20301	21566	-1	17
k141_1631	21790	24024	1	18
k141_1631	24037	25068	-1	19
k141_1631	25515	25949	1	20
k141_1631	25972	26937	1	21
k141_1631	26951	27133	1	22
k141_1678	327	1112	1	1
k141_1678	1105	1998	1	2
k141_1678	2193	2318	1	3
k141_1678	2445	3686	1	4
k141_1678	4272	5075	1	5
k141_1678	5076	5939	1	6
k141_1678	6043	8070	-1	7
k141_1678	8071	8487	-1	8
k141_1678	8503	9702	-1	9
k141_1678	9707	14080	-1	10
k141_1678	14242	14430	-1	11
k141_1738	3	833	-1	1
k141_1738	838	1455	-1	2
k141_1738	1484	2053	-1	3
k141_1738	2053	2307	-1	4
k141_1738	2319	2924	-1	5
k141_1738	2911	5337	-1	6
k141_1738	5312	5518	-1	7
k141_1785	37	288	-1	1
k141_1785	1073	3493	1	2
k141_1785	3641	4327	-1	3
k141_1785	4329	5591	-1	4
k141_1785	5588	6673	-1	5
k141_1785	6782	7195	-1	6
k141_1785	7202	9013	-1	7
k141_1785	9440	10513	1	8
k141_1785	10617	11114	1	9
k141_1785	11138	11539	1	10
k141_1785	11594	12439	1	11
k141_1785	12533	12817	1	12
k141_1785	12921	15932	1	13
k141_1785	16010	16228	-1	14
k141_1785	16238	16735	-1	15
k141_1785	16897	17925	1	16
k141_1785	17935	18546	1	17
k141_1785	18642	19472	1	18
k141_1785	19656	20111	1	19
k141_1785	20129	22330	1	20
k141_1785	22798	24252	1	21
k141_1785	24206	25207	1	22
k141_1785	25200	26174	1	23
k141_1785	26177	26485	1	24
k141_1785	26515	27300	1	25
k141_1785	27314	28684	1	26
k141_1785	28962	29075	-1	27
k141_1785	29225	30196	1	28
k141_1785	30363	30806	-1	29
k141_1785	31002	32048	-1	30
k141_1785	32048	33148	-1	31
k141_1785	33166	33888	-1	32
k141_1785	34058	35794	-1	33
k141_1785	35804	36133	-1	34
k141_1785	36375	36857	-1	35
k141_1785	37027	37482	1	36
k141_1785	37651	38451	1	37
k141_1785	39225	40862	-1	38
k141_1785	40892	41011	1	39
k141_1785	42113	42766	1	40
k141_1785	42763	44319	-1	41
k141_1785	44400	44987	1	42
k141_1785	44981	46264	-1	43
k141_1785	46361	46582	1	44
k141_1785	46617	47558	-1	45
k141_1785	47697	48116	-1	46
k141_1785	48329	50494	1	47
k141_1785	50496	50918	-1	48
k141_1785	51039	51512	-1	49
k141_1785	51740	53575	1	50
k141_1785	53580	54233	-1	51
k141_1785	54373	54996	1	52
k141_1785	55003	56331	1	53
k141_1785	56531	56809	1	54
k141_1785	56812	57156	1	55
k141_1785	57159	57479	1	56
k141_1785	57469	57801	1	57
k141_1785	57880	58635	1	58
k141_1785	58727	59917	-1	59
k141_1785	60085	60777	1	60
k141_1785	60797	61531	1	61
k141_1785	61598	62887	1	62
k141_1785	62980	63519	-1	63
k141_1785	63591	64571	1	64
k141_1785	64706	65353	1	65
k141_1785	65424	66227	-1	66
k141_1785	66224	66802	-1	67
k141_1785	66827	67456	-1	68
k141_1785	67562	68149	-1	69
k141_1785	68227	68925	-1	70
k141_1785	68922	70841	-1	71
k141_1785	70849	74172	-1	72
k141_1785	74219	75475	-1	73
k141_1785	75490	76899	-1	74
k141_1785	76997	78256	1	75
k141_1785	78439	81828	1	76
k141_1785	81916	83526	-1	77
k141_1785	83571	84902	-1	78
k141_1785	84939	86462	-1	79
k141_1785	86459	88669	-1	80
k141_1785	88773	90572	1	81
k141_1785	90782	93814	-1	82
k141_1785	93869	94639	-1	83
k141_1785	94941	96752	-1	84
k141_1785	96793	97104	-1	85
k141_1785	97188	98378	-1	86
k141_1785	98456	100861	-1	87
k141_1785	100877	101326	-1	88
k141_1785	101530	103278	1	89
k141_1785	103358	105127	-1	90
k141_1785	105254	108955	-1	91
k141_1785	109151	109309	1	92
k141_1785	109384	110976	1	93
k141_1785	111064	111348	1	94
k141_1785	111434	112648	-1	95
k141_1785	112708	113742	1	96
k141_1785	113754	114197	-1	97
k141_1785	114194	114721	-1	98
k141_1785	114754	115296	-1	99
k141_1785	115475	117301	-1	100
k141_1785	117306	119012	-1	101
k141_1785	119071	120018	-1	102
k141_1785	120062	120583	-1	103
k141_1785	120742	121011	1	104
k141_1785	121092	122270	1	105
k141_1785	122274	123353	-1	106
k141_1785	123639	124130	-1	107
k141_1785	124267	124557	-1	108
k141_1785	124559	124807	-1	109
k141_1785	125097	127142	-1	110
k141_1785	127215	128324	-1	111
k141_1785	128529	129857	1	112
k141_1785	129906	130199	-1	113
k141_1785	130366	131028	1	114
k141_1785	131077	132045	1	115
k141_1785	132053	132712	-1	116
k141_1785	132757	133230	-1	117
k141_1785	133423	133938	-1	118
k141_1785	134359	137211	1	119
k141_1785	137250	137837	-1	120
k141_1785	138055	138456	1	121
k141_1785	138597	139679	1	122
k141_1785	139700	142972	1	123
k141_1785	142962	144389	1	124
k141_1785	144584	145756	-1	125
k141_1785	145869	146399	-1	126
k141_1785	146471	146959	-1	127
k141_1785	147077	147928	-1	128
k141_1785	148137	148346	-1	129
k141_1785	148406	149815	-1	130
k141_1785	149979	151511	1	131
k141_1785	151613	152338	1	132
k141_1785	152319	152864	-1	133
k141_1785	152892	153257	-1	134
k141_1785	153277	154593	-1	135
k141_1785	154655	155434	-1	136
k141_1785	155434	156465	-1	137
k141_1785	156466	157617	-1	138
k141_1785	157973	159835	1	139
k141_1785	159866	161332	-1	140
k141_1785	161546	162055	1	141
k141_1785	162042	162476	1	142
k141_1785	162490	163029	1	143
k141_1785	163143	163682	1	144
k141_1785	163823	164638	1	145
k141_1785	164707	166050	-1	146
k141_1785	166097	166669	-1	147
k141_1785	166704	167156	1	148
k141_1785	167140	167838	-1	149
k141_1785	167878	168360	-1	150
k141_1785	168362	168757	-1	151
k141_1785	168969	169622	1	152
k141_1785	169664	170191	1	153
k141_1785	170195	170575	1	154
k141_1785	170581	172266	-1	155
k141_1785	172364	173146	-1	156
k141_1785	173222	174982	-1	157
k141_1785	175127	175735	-1	158
k141_1785	175767	176219	1	159
k141_1785	176549	178441	1	160
k141_1785	178523	179053	-1	161
k141_1785	179253	181592	1	162
k141_1785	181893	182750	1	163
k141_1785	182751	183731	1	164
k141_1785	183706	184155	1	165
k141_1785	184131	186614	1	166
k141_1785	186615	187307	-1	167
k141_1785	187544	187882	1	168
k141_1785	187886	188182	1	169
k141_1785	188196	188648	1	170
k141_1785	188727	189191	-1	171
k141_1785	189363	189833	1	172
k141_1785	189895	190680	-1	173
k141_1785	190911	191306	-1	174
k141_1785	191478	191672	-1	175
k141_1785	191849	193237	1	176
k141_1785	193221	193769	-1	177
k141_1785	193853	194941	-1	178
k141_1785	195044	195763	1	179
k141_1785	195760	195996	-1	180
k141_1785	196054	197373	1	181
k141_1785	197381	198265	-1	182
k141_1785	198372	199265	-1	183
k141_1785	199270	201669	-1	184
k141_1785	201922	204141	-1	185
k141_1785	204759	205109	-1	186
k141_1785	205227	205913	-1	187
k141_1785	206119	206712	-1	188
k141_1785	206821	208350	-1	189
k141_1785	208400	209797	-1	190
k141_1785	209932	210714	1	191
k141_1785	210702	211235	1	192
k141_1785	211225	212268	1	193
k141_1785	212429	213073	1	194
k141_1785	213121	213849	-1	195
k141_1785	213854	214306	-1	196
k141_1785	214326	215750	-1	197
k141_1785	215953	216351	1	198
k141_1785	216445	217059	-1	199
k141_1785	217059	217922	-1	200
k141_1785	217923	218525	-1	201
k141_1785	218518	219588	-1	202
k141_1785	219602	220087	1	203
k141_1785	220087	220974	1	204
k141_1785	220971	222971	1	205
k141_1785	222968	223261	1	206
k141_1785	224048	224959	-1	207
k141_1785	224961	225674	-1	208
k141_1785	225791	226324	1	209
k141_1785	226329	227219	1	210
k141_1785	227340	228161	1	211
k141_1785	228184	228510	1	212
k141_1785	228514	229719	1	213
k141_1785	229712	230602	1	214
k141_1785	230649	232301	1	215
k141_1785	232344	233186	1	216
k141_1785	233348	234355	1	217
k141_1785	234358	235314	1	218
k141_1785	235311	235904	1	219
k141_1785	235969	237555	1	220
k141_1785	237566	238282	1	221
k141_1785	238327	239661	-1	222
k141_1785	239665	240156	-1	223
k141_1785	240149	241072	-1	224
k141_1785	241069	241920	-1	225
k141_1785	241924	243252	-1	226
k141_1785	243267	243926	-1	227
k141_1785	244211	245446	-1	228
k141_1785	245453	246340	-1	229
k141_1785	246392	247402	-1	230
k141_1785	247500	248114	1	231
k141_1785	248111	248572	-1	232
k141_1785	248653	249390	1	233
k141_1785	249393	249917	-1	234
k141_1785	249991	251433	1	235
k141_1785	251557	252153	-1	236
k141_1785	252272	254872	-1	237
k141_1785	255015	255404	1	238
k141_1785	255485	256669	-1	239
k141_1785	256920	258194	1	240
k141_1785	258214	258879	-1	241
k141_1785	259062	259730	-1	242
k141_1785	259763	261856	-1	243
k141_1785	261934	262170	-1	244
k141_1785	262177	262347	-1	245
k141_1785	262487	263221	-1	246
k141_1785	263654	264043	-1	247
k141_1785	264040	265107	-1	248
k141_1785	265309	266118	1	249
k141_1785	266157	266813	1	250
k141_1785	266870	268258	-1	251
k141_1785	268430	270058	1	252
k141_1785	270055	270774	-1	253
k141_1785	270989	271516	1	254
k141_1785	271517	273928	-1	255
k141_1785	274058	275284	1	256
k141_1785	275302	276420	-1	257
k141_1785	276435	277607	-1	258
k141_1785	277754	279298	1	259
k141_1785	279288	280013	-1	260
k141_1785	280188	281006	-1	261
k141_1785	281077	281556	1	262
k141_1785	281553	282977	-1	263
k141_1785	283209	285125	1	264
k141_1785	285320	287710	1	265
k141_1785	287780	288424	-1	266
k141_1785	289107	289949	-1	267
k141_1785	290255	291748	1	268
k141_1785	291816	292850	-1	269
k141_1785	292896	293279	-1	270
k141_1785	293401	294624	1	271
k141_1785	294695	295615	-1	272
k141_1785	295778	296719	-1	273
k141_1785	296780	297403	-1	274
k141_1785	297419	297883	-1	275
k141_1785	297932	298261	-1	276
k141_1785	298388	299566	1	277
k141_1785	299563	300717	1	278
k141_1785	300714	301316	1	279
k141_1785	301313	301549	1	280
k141_1785	301546	302559	1	281
k141_1785	302552	302995	1	282
k141_1785	302996	303892	1	283
k141_1785	303885	304877	1	284
k141_1785	304877	306043	1	285
k141_1785	306047	306802	1	286
k141_1785	306799	307146	-1	287
k141_1785	307136	307873	-1	288
k141_1785	307870	308346	-1	289
k141_1785	308430	308795	-1	290
k141_1785	309049	309513	-1	291
k141_1785	309774	309938	-1	292
k141_1785	310040	310267	1	293
k141_1785	310343	311809	-1	294
k141_1785	311976	312362	-1	295
k141_1785	312492	312590	-1	296
k141_1785	312614	313213	-1	297
k141_1785	313617	313823	-1	298
k141_1785	314969	315436	1	299
k141_1785	315883	316098	1	300
k141_1860	1	222	-1	1
k141_1860	334	597	1	2
k141_1860	1499	1900	-1	3
k141_1860	1905	4094	-1	4
k141_1860	4926	5876	1	5
k141_1860	5930	6712	-1	6
k141_1860	7013	8269	-1	7
k141_1860	8273	8560	-1	8
k141_1860	8562	8717	1	9
k141_1860	9263	10186	-1	10
k141_1860	10179	10493	-1	11
k141_1860	10490	10699	-1	12
k141_1860	11360	13534	-1	13
k141_1860	13547	15052	-1	14
k141_1860	15138	16091	-1	15
k141_1860	16180	17544	-1	16
k141_1860	17593	19407	-1	17
k141_1860	19490	20596	-1	18
k141_1860	20600	23938	-1	19
k141_1860	24067	25725	-1	20
k141_1860	25738	28671	-1	21
k141_1860	29099	30232	1	22
k141_1860	30237	31154	1	23
k141_1860	31154	32104	1	24
k141_1860	32113	32955	1	25
k141_1860	32936	33940	1	26
k141_1860	34021	34779	1	27
k141_1860	34941	36545	1	28
k141_1860	36706	38517	-1	29
k141_1860	38696	39730	1	30
k141_1860	39933	41204	-1	31
k141_1860	41206	41469	-1	32
k141_1860	41811	41954	1	33
k141_1860	42302	42934	-1	34
k141_1860	43069	43977	-1	35
k141_1860	43992	45557	-1	36
k141_1860	45569	47083	-1	37
k141_1860	47093	48385	-1	38
k141_1860	48420	51890	-1	39
k141_1860	51983	55024	-1	40
k141_1860	55039	55887	-1	41
k141_1860	55920	57326	-1	42
k141_1860	57339	60524	-1	43
k141_1860	60845	63646	-1	44
k141_1860	63841	65001	1	45
k141_1860	65024	66424	1	46
k141_1860	66467	67231	-1	47
k141_1860	67390	67689	1	48
k141_1860	67692	68552	-1	49
k141_1860	68557	69402	-1	50
k141_1860	69545	70336	1	51
k141_1860	70379	72079	-1	52
k141_1860	72168	73175	-1	53
k141_1860	73179	74699	-1	54
k141_1860	74699	75622	-1	55
k141_1860	75760	76602	1	56
k141_1860	76674	78041	1	57
k141_1860	78055	78831	-1	58
k141_1860	78831	80129	-1	59
k141_1860	80193	81434	-1	60
k141_1860	81438	82661	1	61
k141_1860	82658	83488	-1	62
k141_1860	83510	84004	-1	63
k141_1860	84076	84786	1	64
k141_1860	84828	85649	1	65
k141_1860	85660	86292	-1	66
k141_1860	86340	88862	-1	67
k141_1860	88961	89413	-1	68
k141_1860	89470	90978	1	69
k141_1860	90987	91535	1	70
k141_1860	91552	92391	1	71
k141_1860	92425	92847	1	72
k141_1860	92849	93475	-1	73
k141_1860	93596	93757	1	74
k141_1860	93761	94636	-1	75
k141_1860	94671	95999	-1	76
k141_1860	96105	96581	-1	77
k141_1860	96629	98395	-1	78
k141_1860	98508	99008	1	79
k141_1860	99085	99996	1	80
k141_1860	99962	102544	1	81
k141_1860	102500	103429	-1	82
k141_1860	103527	104255	1	83
k141_1860	104314	106092	-1	84
k141_1860	106186	106611	1	85
k141_1860	106608	108029	1	86
k141_1860	108201	109814	1	87
k141_1860	109991	110446	1	88
k141_1860	110436	110999	1	89
k141_1860	111155	111403	1	90
k141_1860	111818	112753	-1	91
k141_1860	112806	113720	-1	92
k141_1860	114004	114471	1	93
k141_1860	114527	115810	-1	94
k141_1860	115933	117471	-1	95
k141_1860	117591	118883	-1	96
k141_1860	119110	120222	-1	97
k141_1860	120320	120823	-1	98
k141_1860	120883	121875	-1	99
k141_1860	121897	122502	-1	100
k141_1860	122611	123003	-1	101
k141_1860	123105	123479	-1	102
k141_1860	123603	123818	-1	103
k141_1860	123822	125165	-1	104
k141_1860	125177	125629	-1	105
k141_1860	125643	125822	-1	106
k141_1860	125835	126359	-1	107
k141_1860	126366	126719	-1	108
k141_1860	126731	127273	-1	109
k141_1860	127293	127691	-1	110
k141_1860	127710	127979	-1	111
k141_1860	127981	128532	-1	112
k141_1860	128535	128846	-1	113
k141_1860	128863	129231	-1	114
k141_1860	129234	129491	-1	115
k141_1860	129505	129696	-1	116
k141_1860	129716	130135	-1	117
k141_1860	130156	130866	-1	118
k141_1860	130876	131283	-1	119
k141_1860	131291	131569	-1	120
k141_1860	131581	132405	-1	121
k141_1860	132415	132705	-1	122
k141_1860	132713	133342	-1	123
k141_1860	133342	133965	-1	124
k141_1860	134134	134439	-1	125
k141_1860	134452	136578	-1	126
k141_1860	136587	137063	-1	127
k141_1860	137083	137457	-1	128
k141_1860	138017	141259	1	129
k141_1860	141312	142955	1	130
k141_1860	143004	143921	1	131
k141_1860	144311	145054	1	132
k141_1860	145087	145857	1	133
k141_1860	146139	149486	1	134
k141_1860	149626	150348	-1	135
k141_1860	150469	151746	1	136
k141_1860	151743	152591	-1	137
k141_1860	152604	154064	-1	138
k141_1860	154061	154612	-1	139
k141_1860	154667	155356	-1	140
k141_1860	155349	156644	-1	141
k141_1860	156648	157346	-1	142
k141_1860	157400	157852	1	143
k141_1860	157856	158728	-1	144
k141_1860	158827	159138	1	145
k141_1860	159135	159920	1	146
k141_1860	159972	160271	-1	147
k141_1860	160264	160515	-1	148
k141_1860	160781	161686	-1	149
k141_1860	162069	162692	-1	150
k141_1860	163072	164070	-1	151
k141_1860	164763	165140	1	152
k141_1860	165288	166013	-1	153
k141_1860	166010	167068	-1	154
k141_1860	167196	167654	-1	155
k141_1860	167673	167873	-1	156
k141_1860	168110	168634	-1	157
k141_1860	168699	169700	-1	158
k141_1860	169733	170839	-1	159
k141_1860	170852	172111	1	160
k141_1860	172115	172606	1	161
k141_1860	172624	173010	1	162
k141_1860	173021	175042	1	163
k141_1860	175192	177051	1	164
k141_1860	177064	177459	1	165
k141_1860	177598	178152	1	166
k141_1860	178155	178385	1	167
k141_1860	178382	179209	-1	168
k141_1860	179260	182217	1	169
k141_1860	182386	183444	1	170
k141_1860	183548	184075	1	171
k141_1860	184113	184958	1	172
k141_1860	185214	187958	1	173
k141_1860	187977	189653	-1	174
k141_1860	189769	190506	1	175
k141_1860	190506	191273	1	176
k141_1860	191294	192748	-1	177
k141_1860	192752	193849	-1	178
k141_1860	193895	194494	-1	179
k141_1860	194538	195215	-1	180
k141_1860	195323	196267	-1	181
k141_1860	196347	197999	-1	182
k141_1860	198004	199002	-1	183
k141_1860	199084	199575	-1	184
k141_1860	199654	200799	-1	185
k141_1860	201174	202823	1	186
k141_1860	202886	204157	1	187
k141_1860	204270	204683	-1	188
k141_1860	204859	205542	1	189
k141_1860	205691	206278	-1	190
k141_1860	206278	206529	-1	191
k141_1860	206547	207821	-1	192
k141_1860	208063	208386	-1	193
k141_1860	208434	208898	-1	194
k141_1860	208876	209670	-1	195
k141_1860	209672	210724	-1	196
k141_1860	210725	211435	-1	197
k141_1860	211432	212565	-1	198
k141_1860	213310	215733	1	199
k141_1860	215793	216911	1	200
k141_2032	486	1124	1	1
k141_2032	1130	2779	-1	2
k141_2032	2893	3579	-1	3
k141_2032	3636	4799	1	4
k141_2032	4944	5282	-1	5
k141_2032	5283	6038	-1	6
k141_2032	6019	6564	-1	7
k141_2032	6568	7980	-1	8
k141_2032	8215	9498	1	9
k141_2032	9528	10604	-1	10
k141_2032	10621	11811	-1	11
k141_2032	11966	13018	-1	12
k141_2032	13079	14398	-1	13
k141_2032	14515	16962	-1	14
k141_2032	17122	18726	1	15
k141_2032	18940	19599	-1	16
k141_2032	19808	21340	1	17
k141_2032	21337	23523	1	18
k141_2032	23501	23905	1	19
k141_2032	23923	24432	1	20
k141_2032	24410	24634	-1	21
k141_2032	24940	26277	-1	22
k141_2032	26405	27268	-1	23
k141_2032	27312	27554	1	24
k141_2032	27604	29238	1	25
k141_2032	29304	31178	1	26
k141_2032	31259	31810	1	27
k141_2032	32076	33956	-1	28
k141_2032	34159	35349	1	29
k141_2032	35404	36345	1	30
k141_2032	36396	36872	1	31
k141_2032	36953	38284	-1	32
k141_2032	38287	39270	-1	33
k141_2032	39260	40477	-1	34
k141_2032	40470	41198	-1	35
k141_2032	41199	42089	-1	36
k141_2032	42073	43044	-1	37
k141_2032	43080	43796	1	38
k141_2032	43799	44407	1	39
k141_2032	44689	45750	1	40
k141_2032	45759	46250	1	41
k141_2032	46277	47002	-1	42
k141_2032	47154	47642	1	43
k141_2032	47755	48504	1	44
k141_2032	48501	49145	-1	45
k141_2032	49148	49642	-1	46
k141_2032	49715	51142	-1	47
k141_2032	51234	52550	1	48
k141_2032	52547	53452	-1	49
k141_2032	53653	53838	-1	50
k141_2032	54105	55124	1	51
k141_2032	55411	55935	1	52
k141_2032	56014	56475	1	53
k141_2032	56657	57073	1	54
k141_2032	57065	57346	-1	55
k141_2032	57350	58741	-1	56
k141_2032	58888	59292	-1	57
k141_2032	59312	59803	-1	58
k141_2032	59912	60490	-1	59
k141_2032	60653	62548	1	60
k141_2032	62645	65044	1	61
k141_2032	65083	65892	1	62
k141_2032	66002	67324	1	63
k141_2032	67329	68246	1	64
k141_2032	68319	69044	-1	65
k141_2032	69077	70174	-1	66
k141_2032	70155	70715	-1	67
k141_2032	70718	71275	-1	68
k141_2032	71494	73944	1	69
k141_2032	73994	74692	1	70
k141_2032	74703	75809	-1	71
k141_2032	75916	77622	-1	72
k141_2032	77825	78253	1	73
k141_2032	78320	78700	-1	74
k141_2032	78961	80796	1	75
k141_2032	80911	81447	1	76
k141_2032	81454	82380	1	77
k141_2032	82386	82718	1	78
k141_2032	82715	83626	1	79
k141_2032	83693	84340	1	80
k141_2032	84352	84840	1	81
k141_2032	84841	86916	1	82
k141_2032	86926	87507	-1	83
k141_2032	87605	88450	1	84
k141_2032	88455	89363	1	85
k141_2032	89363	90262	1	86
k141_2032	90266	91432	1	87
k141_2032	91429	92619	1	88
k141_2032	92616	93989	1	89
k141_2032	93993	94355	1	90
k141_2032	94344	96038	-1	91
k141_2032	96550	97095	-1	92
k141_2032	97096	97872	-1	93
k141_2032	97911	98648	-1	94
k141_2032	98756	100189	1	95
k141_2032	100214	100786	1	96
k141_2032	100828	101541	1	97
k141_2032	101532	102236	1	98
k141_2032	102312	103367	1	99
k141_2032	103401	103943	1	100
k141_2032	104289	106412	1	101
k141_2110	52	204	-1	1
k141_2110	432	2879	1	2
k141_2110	2960	4051	1	3
k141_2110	4057	5379	1	4
k141_2110	5582	5998	1	5
k141_2110	6241	6873	1	6
k141_2110	6866	7309	-1	7
k141_2110	7320	8672	-1	8
k141_2110	8672	10114	-1	9
k141_2110	10209	11582	1	10
k141_2110	11591	12841	1	11
k141_2110	12901	13596	1	12
k141_2110	13681	16098	1	13
k141_2110	16121	18520	1	14
k141_2110	18543	20978	1	15
k141_2110	21010	23421	1	16
k141_2110	23467	25893	1	17
k141_2110	25905	26567	1	18
k141_2110	26564	27682	-1	19
k141_2110	27715	29073	-1	20
k141_2110	29156	29656	-1	21
k141_2110	29683	30678	-1	22
k141_2110	30853	31053	-1	23
k141_2110	31061	31639	-1	24
k141_2110	31705	32757	-1	25
k141_2110	32816	33406	1	26
k141_2110	33413	35215	-1	27
k141_2110	35284	36039	1	28
k141_2110	36114	38729	-1	29
k141_2110	38864	39271	-1	30
k141_2110	39249	40244	-1	31
k141_2110	40359	42578	-1	32
k141_2110	42759	42950	1	33
k141_2110	42963	43706	1	34
k141_2110	43749	44762	-1	35
k141_2110	44872	44976	1	36
k141_2110	45096	45470	-1	37
k141_2110	45583	46689	-1	38
k141_2110	46682	47326	-1	39
k141_2110	47482	48177	1	40
k141_2110	48226	48900	1	41
k141_2110	48897	49481	-1	42
k141_2110	49550	50131	-1	43
k141_2110	50208	50810	-1	44
k141_2110	50866	51288	1	45
k141_2110	51457	51594	-1	46
k141_2110	51597	53285	1	47
k141_2110	53292	54551	1	48
k141_2110	54548	55315	-1	49
k141_2110	55321	55587	-1	50
k141_2110	55584	55847	-1	51
k141_2110	55903	55995	-1	52
k141_2110	56135	56899	-1	53
k141_2110	56932	58266	-1	54
k141_2110	58279	58779	-1	55
k141_2110	58833	59630	1	56
k141_2110	60158	61069	-1	57
k141_2110	61229	62350	1	58
k141_2110	62362	62835	1	59
k141_2110	62881	63618	1	60
k141_2110	63618	64115	1	61
k141_2110	64555	64770	1	62
k141_2115	528	1667	-1	1
k141_2115	1670	2134	-1	2
k141_2115	2136	2459	-1	3
k141_2115	2447	3712	-1	4
k141_2115	3709	4164	-1	5
k141_2115	4161	4856	-1	6
k141_2115	4853	5548	-1	7
k141_2115	5646	7970	-1	8
k141_2115	8368	8868	-1	9
k141_2115	8880	10271	-1	10
k141_2303	627	1046	1	1
k141_2303	1074	2132	1	2
k141_2303	2373	2660	1	3
k141_2303	2710	2940	1	4
k141_2303	2933	5344	1	5
k141_2303	5341	5946	1	6
k141_2303	5952	6788	1	7
k141_2303	6806	7432	1	8
k141_2303	7446	8330	1	9
k141_2303	8348	9157	1	10
k141_2303	9519	11258	1	11
k141_2303	11325	13205	1	12
k141_2303	13241	14830	-1	13
k141_2303	14842	15861	-1	14
k141_2303	15864	16451	-1	15
k141_2303	16497	16652	-1	16
k141_2303	16901	17005	-1	17
k141_2303	17017	17466	-1	18
k141_2303	17534	17797	-1	19
k141_2430	101	1087	-1	1
k141_2430	1167	1883	-1	2
k141_2430	2454	5696	1	3
k141_2430	5701	7428	1	4
k141_2430	7631	10963	1	5
k141_2430	11053	12342	-1	6
k141_2430	12345	13250	-1	7
k141_2430	13457	13978	1	8
k141_2430	13991	14710	1	9
k141_2430	14716	15435	1	10
k141_2430	15483	16667	-1	11
k141_2430	16675	17775	-1	12
k141_2430	17779	18429	-1	13
k141_2430	18495	19202	-1	14
k141_2430	19220	20248	-1	15
k141_2430	20321	24787	1	16
k141_2430	24919	25905	1	17
k141_2430	25928	26929	1	18
k141_2430	27009	27860	1	19
k141_2430	27853	28233	-1	20
k141_2430	28279	30963	-1	21
k141_2430	30981	32285	1	22
k141_2430	32351	33337	1	23
k141_2430	33337	34665	1	24
k141_2430	34676	35467	1	25
k141_2430	35521	36003	1	26
k141_2430	36095	39007	1	27
k141_2430	39037	40179	1	28
k141_2430	40176	40643	1	29
k141_2430	40782	41927	1	30
k141_2430	42048	43739	1	31
k141_2430	43744	45198	1	32
k141_2430	45202	46170	1	33
k141_2430	46189	47289	-1	34
k141_2430	47556	48227	-1	35
k141_2430	48196	49164	-1	36
k141_2430	49365	49970	1	37
k141_2430	49994	52036	1	38
k141_2430	52323	53498	1	39
k141_2430	53622	54839	-1	40
k141_2430	54843	55958	-1	41
k141_2430	56011	56265	-1	42
k141_2485	1	351	1	1
k141_2485	208	501	-1	2
k141_2485	797	1366	1	3
k141_2485	1359	1463	1	4
k141_2485	1582	2304	1	5
k141_2485	2362	2625	1	6
k141_2485	2622	2831	-1	7
k141_2485	2809	2994	-1	8
k141_2485	3947	4216	1	9
k141_2485	4227	4442	1	10
k141_2485	4439	4687	1	11
k141_2485	4979	6097	-1	12
k141_2485	6116	6793	-1	13
k141_2485	6777	7451	-1	14
k141_2485	7448	7735	-1	15
k141_2485	8005	8844	-1	16
k141_2485	9065	9166	1	17
k141_2493	1	798	-1	1
k141_2493	810	2036	-1	2
k141_2493	2033	3280	-1	3
k141_2507	1	171	-1	1
k141_2507	208	501	-1	2
k141_2507	746	1366	1	3
k141_2507	1356	1463	1	4
k141_2507	1582	2304	1	5
k141_2507	2362	2625	1	6
k141_2507	2622	2831	-1	7
k141_2507	2809	3201	-1	8
k141_2507	3219	3422	-1	9
k141_2507	3419	3985	-1	10
k141_2507	4179	4709	1	11
k141_2507	5151	5297	-1	12
k141_2507	5392	6519	-1	13
k141_2507	6538	7215	-1	14
k141_2507	7199	7873	-1	15
k141_2507	7870	8157	-1	16
k141_2507	8948	9745	1	17
k141_2507	9742	10380	1	18
k141_2507	10377	11234	1	19
k141_2507	11197	11847	1	20
k141_2507	11838	12470	1	21
k141_2507	12790	13359	-1	22
k141_2507	13378	13629	-1	23
k141_2507	13852	13953	1	24
k141_2532	2	694	1	1
k141_2532	694	1860	1	2
k141_2532	1998	3173	1	3
k141_2532	3170	4357	1	4
k141_2532	4427	5161	1	5
k141_2532	5201	5965	1	6
k141_2532	6080	6247	1	7
k141_2532	6353	6745	-1	8
k141_2532	6974	8470	1	9
k141_2532	8514	9332	1	10
k141_2532	9486	10250	1	11
k141_2532	10251	11258	-1	12
k141_2532	11259	11648	-1	13
k141_2532	11706	13016	-1	14
k141_2532	13020	13760	-1	15
k141_2532	13772	14419	-1	16
k141_2532	14421	15170	-1	17
k141_2532	15173	16423	-1	18
k141_2532	16425	17780	-1	19
k141_2532	17932	19176	1	20
k141_2532	19207	20463	1	21
k141_2532	20465	20851	1	22
k141_2532	20925	22553	1	23
k141_2532	22628	23392	1	24
k141_2532	23535	23657	1	25
k141_2532	23658	24293	-1	26
k141_2532	24406	25509	1	27
k141_2532	25522	26709	1	28
k141_2532	26949	29396	1	29
k141_2532	29527	31017	-1	30
k141_2532	31017	32366	-1	31
k141_2532	32535	33290	1	32
k141_2532	33295	33993	1	33
k141_2532	33995	34714	-1	34
k141_2532	34730	37324	1	35
k141_2532	37378	38445	1	36
k141_2532	38473	39333	1	37
k141_2532	39427	40305	-1	38
k141_2532	40481	40750	1	39
k141_2532	40912	43209	1	40
k141_2532	43444	44307	1	41
k141_2532	44507	45154	1	42
k141_2532	45154	46140	1	43
k141_2532	46147	47190	-1	44
k141_2532	47196	47912	-1	45
k141_2532	47900	48385	-1	46
k141_2532	48451	48894	-1	47
k141_2532	49295	49867	1	48
k141_2532	50097	52496	1	49
k141_2532	52749	55421	-1	50
k141_2532	55418	56122	-1	51
k141_2532	56214	56426	-1	52
k141_2532	56820	57017	-1	53
k141_2532	57038	58777	1	54
k141_2532	58747	59601	-1	55
k141_2532	59586	59738	-1	56
k141_2532	59794	61275	-1	57
k141_2532	61377	61628	1	58
k141_2532	61637	63826	1	59
k141_2532	63830	64297	1	60
k141_2532	64328	64498	-1	61
k141_2532	64633	64806	1	62
k141_2532	64898	66058	-1	63
k141_2532	66366	67067	1	64
k141_2532	67056	68150	-1	65
k141_2532	68154	69191	-1	66
k141_2532	69236	70330	-1	67
k141_2532	70327	70608	-1	68
k141_2532	70614	72872	-1	69
k141_2532	72885	73586	-1	70
k141_2532	73622	73939	-1	71
k141_2532	73972	75453	-1	72
k141_2532	75428	75694	-1	73
k141_2532	75694	76011	-1	74
k141_2532	76008	76487	-1	75
k141_2532	76567	78159	-1	76
k141_2532	78178	79137	-1	77
k141_2532	79354	79725	-1	78
k141_2532	79739	80602	-1	79
k141_2532	80599	81099	-1	80
k141_2532	81090	81941	-1	81
k141_2532	82150	83355	-1	82
k141_2532	83375	83656	-1	83
k141_2532	83938	85098	-1	84
k141_2532	85113	85250	1	85
k141_2532	86109	86456	1	86
k141_2532	86446	87495	1	87
k141_2532	87507	87797	1	88
k141_2532	87932	88147	1	89
k141_2532	88171	88428	1	90
k141_2532	88413	88766	1	91
k141_2532	88899	89171	1	92
k141_2532	89199	90029	1	93
k141_2532	90140	91756	1	94
k141_2532	91797	92249	-1	95
k141_2532	92350	94341	-1	96
k141_2532	94369	95703	-1	97
k141_2532	95707	96426	-1	98
k141_2532	96416	97765	-1	99
k141_2532	97762	98850	-1	100
k141_2532	98837	100042	-1	101
k141_2532	100046	101380	-1	102
k141_2532	101383	102603	-1	103
k141_2532	102612	104075	-1	104
k141_2532	104072	106081	-1	105
k141_2532	106081	106398	-1	106
k141_2532	106440	107342	-1	107
k141_2532	107335	107790	-1	108
k141_2532	108056	108820	1	109
k141_2532	108823	109434	1	110
k141_2532	109488	110354	1	111
k141_2532	110446	111174	1	112
k141_2532	111244	111744	1	113
k141_2532	111749	112084	-1	114
k141_2532	112085	113110	-1	115
k141_2532	113141	113929	1	116
k141_2532	114089	114718	1	117
k141_2532	114784	116757	-1	118
k141_2532	116893	118719	1	119
k141_2532	118808	119341	1	120
k141_2532	119351	119662	1	121
k141_2532	119663	120292	-1	122
k141_2532	120398	120640	1	123
k141_2532	120685	121755	-1	124
k141_2532	121840	122562	-1	125
k141_2532	122568	123200	-1	126
k141_2532	123259	124233	-1	127
k141_2532	124461	125501	-1	128
k141_2532	125575	126624	-1	129
k141_2532	126712	127941	-1	130
k141_2532	128011	128337	-1	131
k141_2532	128383	130344	-1	132
k141_2532	130352	132364	-1	133
k141_2532	132361	134262	-1	134
k141_2532	134345	134797	-1	135
k141_2532	134806	135738	-1	136
k141_2532	135833	136273	1	137
k141_2532	136346	137020	-1	138
k141_2532	137153	138235	-1	139
k141_2532	138244	139110	-1	140
k141_2532	139114	140256	-1	141
k141_2532	140256	141083	-1	142
k141_2532	141554	142447	1	143
k141_2532	142544	143995	1	144
k141_2532	143992	145098	-1	145
k141_2532	145155	145958	-1	146
k141_2532	145955	147055	-1	147
k141_2532	147075	148028	-1	148
k141_2532	148032	150761	-1	149
k141_2532	150771	151772	-1	150
k141_2532	152114	153175	-1	151
k141_2532	153242	154018	-1	152
k141_2532	154011	156101	-1	153
k141_2532	156176	157423	-1	154
k141_2532	157472	158380	-1	155
k141_2532	158498	159121	-1	156
k141_2532	159133	159396	-1	157
k141_2532	159577	159984	-1	158
k141_2532	160041	161207	-1	159
k141_2532	161250	161564	-1	160
k141_2532	161727	165110	-1	161
k141_2532	165395	167329	-1	162
k141_2532	167434	168687	-1	163
k141_2532	168852	171542	-1	164
k141_2532	171542	172393	-1	165
k141_2532	172559	174040	1	166
k141_2532	174033	174716	1	167
k141_2532	174837	175454	1	168
k141_2532	175706	176377	1	169
k141_2532	176470	178872	-1	170
k141_2532	178989	179516	-1	171
k141_2532	179593	182088	-1	172
k141_2532	182247	183227	-1	173
k141_2532	183395	184141	1	174
k141_2532	184218	185186	1	175
k141_2532	185198	185905	1	176
k141_2532	185919	187379	1	177
k141_2532	187493	187852	1	178
k141_2532	188096	188920	1	179
k141_2532	188958	189689	1	180
k141_2532	189705	189914	-1	181
k141_2532	190020	190238	1	182
k141_2532	190448	190666	1	183
k141_2532	190666	190974	1	184
k141_2532	190987	191412	1	185
k141_2532	191590	191886	-1	186
k141_2532	192028	193173	-1	187
k141_2532	193177	193569	1	188
k141_2532	193566	194057	1	189
k141_2532	194103	194903	-1	190
k141_2532	194965	195474	-1	191
k141_2532	195524	196345	-1	192
k141_2532	196444	199107	-1	193
k141_2532	199079	199855	-1	194
k141_2532	199821	200504	-1	195
k141_2532	200617	201498	-1	196
k141_2532	201501	202157	-1	197
k141_2532	202244	202960	1	198
k141_2532	203007	203780	1	199
k141_2532	203916	205418	1	200
k141_2532	205454	205840	1	201
k141_2532	205939	207261	1	202
k141_2532	207352	208032	1	203
k141_2532	208118	209353	1	204
k141_2532	209350	209889	-1	205
k141_2532	210062	211576	-1	206
k141_2532	211674	212468	1	207
k141_2532	212484	213251	1	208
k141_2532	213408	216116	-1	209
k141_2532	216152	216859	-1	210
k141_2532	216897	218657	-1	211
k141_2532	218728	219873	1	212
k141_2532	219989	220528	-1	213
k141_2532	220744	223365	1	214
k141_2532	223534	224529	-1	215
k141_2624	1	210	1	1
k141_2624	210	1541	1	2
k141_2624	1538	2830	1	3
k141_2624	2842	3639	1	4
k141_2652	1	1146	-1	1
k141_2652	1152	2177	-1	2
k141_2652	2180	2767	-1	3
k141_2652	3291	3740	-1	4
k141_2652	3824	4204	-1	5
k141_2652	4268	4675	-1	6
k141_2652	4672	4902	-1	7
k141_2652	5330	5974	-1	8
k141_2652	6385	7821	1	9
k141_2652	7995	8186	1	10
k141_2652	8264	9031	1	11
k141_2652	9085	9996	1	12
k141_2652	10052	10570	1	13
k141_2652	10972	11499	1	14
k141_2652	11974	12543	1	15
k141_2652	12615	13136	1	16
k141_2652	13144	13563	1	17
k141_2652	13626	14921	1	18
k141_2652	15003	15698	-1	19
k141_2652	15772	15978	1	20
k141_2652	16326	16442	-1	21
k141_2652	16445	16669	-1	22
k141_2652	17037	17549	-1	23
k141_2652	17527	18732	-1	24
k141_2652	18732	20909	-1	25
k141_2652	20913	22325	-1	26
k141_2652	22326	22808	-1	27
k141_2652	22808	23221	-1	28
k141_2652	23438	27085	1	29
k141_2652	27097	27567	1	30
k141_2652	27602	32083	1	31
k141_2812	242	679	-1	1
k141_2812	802	1605	-1	2
k141_2812	1792	2502	1	3
k141_2812	2503	5235	-1	4
k141_2812	5300	6658	-1	5
k141_2812	6782	7975	-1	6
k141_2812	7991	11107	-1	7
k141_2812	11230	11838	1	8
k141_2812	12502	14400	-1	9
k141_2812	14445	15371	-1	10
k141_2812	15469	16104	-1	11
k141_2812	16104	16667	-1	12
k141_2812	16830	17063	1	13
k141_2812	17165	18415	1	14
k141_2812	18425	19162	1	15
k141_2812	19268	19738	1	16
k141_2812	19741	21183	1	17
k141_2812	21315	22133	1	18
k141_2812	22256	22414	1	19
k141_2812	22446	22994	1	20
k141_2812	23074	23652	-1	21
k141_2812	23853	26633	1	22
k141_2812	26783	27883	-1	23
k141_2812	27911	28390	1	24
k141_2812	28378	29052	1	25
k141_2812	29055	30350	-1	26
k141_2812	30402	31541	-1	27
k141_2812	31541	32743	-1	28
k141_2812	33019	33417	-1	29
k141_2812	33427	34446	-1	30
k141_2812	34439	35122	-1	31
k141_2812	35370	35996	-1	32
k141_2812	36006	37589	-1	33
k141_2812	37673	37987	-1	34
k141_2812	38042	38806	-1	35
k141_2812	38803	40590	-1	36
k141_2812	40590	41483	-1	37
k141_2812	41476	42522	-1	38
k141_2812	42526	43524	-1	39
k141_2812	43525	45186	-1	40
k141_2812	45187	46053	-1	41
k141_2812	46123	47124	-1	42
k141_2812	47371	48156	1	43
k141_2812	48169	48921	1	44
k141_2812	48966	49349	1	45
k141_2812	49427	50563	1	46
k141_2812	50560	52479	-1	47
k141_2812	52480	53472	-1	48
k141_2812	53576	54301	1	49
k141_2812	54348	55343	1	50
k141_2812	55370	55951	-1	51
k141_2812	56291	57844	-1	52
k141_2812	57915	58289	-1	53
k141_2812	58286	58828	-1	54
k141_2812	58934	59446	-1	55
k141_2812	59636	60166	-1	56
k141_2812	60206	60583	1	57
k141_2812	60584	60892	1	58
k141_2812	60897	62573	1	59
k141_2812	62651	63364	1	60
k141_2812	63520	63720	1	61
k141_2812	63824	64498	1	62
k141_2812	65038	65775	1	63
k141_2812	65801	66535	1	64
k141_2812	66532	69210	1	65
k141_2812	69212	70213	-1	66
k141_2812	70257	71258	1	67
k141_2812	71355	72197	-1	68
k141_2812	72330	73298	1	69
k141_2812	73381	74907	1	70
k141_2812	74911	75507	-1	71
k141_2812	75510	76331	-1	72
k141_2812	76328	76747	-1	73
k141_2812	76846	77553	-1	74
k141_2812	77641	78105	-1	75
k141_2812	78231	79190	-1	76
k141_2812	79194	80180	-1	77
k141_2812	80288	80770	1	78
k141_2812	80777	81688	-1	79
k141_2812	81688	82038	-1	80
k141_2812	82231	82695	1	81
k141_2812	82778	83329	1	82
k141_2812	83345	84085	-1	83
k141_2812	84138	85313	1	84
k141_2812	85443	86798	1	85
k141_2812	86888	87607	1	86
k141_2812	87610	90030	1	87
k141_2812	90081	90395	-1	88
k141_2812	90576	93977	1	89
k141_2812	93982	94365	1	90
k141_2812	94393	95013	1	91
k141_2812	95048	95698	1	92
k141_2812	95686	96249	-1	93
k141_2812	96294	96383	-1	94
k141_2812	96733	98526	1	95
k141_2812	98530	100800	1	96
k141_2812	101127	101921	1	97
k141_2812	101933	102907	1	98
k141_2812	102915	104195	1	99
k141_2812	104195	105832	1	100
k141_2812	106005	109247	1	101
k141_2812	109344	109781	1	102
k141_2812	109807	110844	-1	103
k141_2812	110946	113681	1	104
k141_2812	113693	115057	1	105
k141_2812	115102	115569	1	106
k141_2812	115723	116253	-1	107
k141_2812	116489	118702	1	108
k141_2812	118799	119275	1	109
k141_2812	119276	120052	1	110
k141_2812	120036	121676	-1	111
k141_2812	121720	122430	-1	112
k141_2812	122465	123361	1	113
k141_2812	123398	124939	1	114
k141_2812	124877	125032	-1	115
k141_2812	125050	126717	-1	116
k141_2812	126818	127330	-1	117
k141_2812	127405	128046	-1	118
k141_2812	128050	128304	-1	119
k141_2812	128379	128864	-1	120
k141_2812	128861	129073	-1	121
k141_2812	129207	131279	-1	122
k141_2812	131279	131848	-1	123
k141_2812	131973	132737	1	124
k141_2812	132798	133838	1	125
k141_2812	133841	135073	-1	126
k141_2812	135092	135997	-1	127
k141_2812	136048	137406	-1	128
k141_2812	137526	138668	-1	129
k141_2812	138694	139659	-1	130
k141_2812	139663	140013	-1	131
k141_2812	140026	140874	-1	132
k141_2812	140938	141786	1	133
k141_2812	141792	143594	1	134
k141_2812	143719	145566	1	135
k141_2812	145773	148535	1	136
k141_2812	148698	150206	1	137
k141_2812	150293	150571	1	138
k141_2812	150675	153872	-1	139
k141_2812	154035	154217	-1	140
k141_2812	154247	154798	-1	141
k141_2812	155000	156796	-1	142
k141_2812	157000	157386	1	143
k141_2812	157461	158936	-1	144
k141_2812	159031	160527	-1	145
k141_2812	160650	162452	1	146
k141_2812	162561	163430	1	147
k141_2812	163433	163921	-1	148
k141_2812	163923	166313	-1	149
k141_2812	166379	167929	-1	150
k141_2812	168202	168492	-1	151
k141_2812	168617	169654	1	152
k141_2812	169678	170139	1	153
k141_2812	170165	171475	1	154
k141_2812	171465	172022	1	155
k141_2812	172023	172457	-1	156
k141_2812	172674	173066	1	157
k141_2812	173129	174700	1	158
k141_2812	174713	175243	1	159
k141_2812	175310	177382	-1	160
k141_2812	177384	178706	-1	161
k141_2812	178890	179345	1	162
k141_2812	179441	179977	1	163
k141_2812	180002	180262	1	164
k141_2812	180359	182002	1	165
k141_2812	182173	185034	1	166
k141_2812	185126	186145	1	167
k141_2812	186149	187261	-1	168
k141_2812	187418	187996	1	169
k141_2812	188065	189381	-1	170
k141_2812	189456	190097	1	171
k141_2812	190113	190394	1	172
k141_2812	190378	191019	1	173
k141_2812	190974	191555	1	174
k141_2812	191536	193074	1	175
k141_2812	193763	196012	1	176
k141_2812	196081	196518	-1	177
k141_2812	196705	197181	1	178
k141_2812	197250	197639	1	179
k141_2812	197636	197980	-1	180
k141_2812	197984	199135	-1	181
k141_2812	199258	199638	1	182
k141_2812	199729	200403	1	183
k141_2812	200374	201063	-1	184
k141_2812	201044	201625	-1	185
k141_2812	201615	202178	-1	186
k141_2812	202299	202976	1	187
k141_2812	202977	204638	1	188
k141_2812	204650	206002	1	189
k141_2812	205986	207404	1	190
k141_2812	207350	207460	-1	191
k141_2812	207486	208106	1	192
k141_2812	208089	208808	-1	193
k141_2812	208857	209591	-1	194
k141_2812	209592	210386	-1	195
k141_2812	210388	210654	-1	196
k141_2812	210664	211542	-1	197
k141_2812	211632	214517	1	198
k141_2812	214893	215993	1	199
k141_2812	216088	216789	1	200
k141_2812	216854	217372	-1	201
k141_2812	217494	217817	-1	202
k141_2812	217857	218327	-1	203
k141_2812	218377	219750	-1	204
k141_2812	219829	220221	1	205
k141_2812	220286	221902	1	206
k141_2812	221956	222699	-1	207
k141_2812	222706	223362	-1	208
k141_2812	223362	225017	-1	209
k141_2812	225137	225865	1	210
k141_2812	225868	227202	1	211
k141_2812	227206	227655	1	212
k141_2812	227639	228682	-1	213
k141_2812	228729	230024	1	214
k141_2812	230057	231043	-1	215
k141_2812	231114	231440	-1	216
k141_2812	231587	231898	-1	217
k141_2812	232053	233267	-1	218
k141_2812	233301	236111	-1	219
k141_2812	236225	236983	1	220
k141_2812	236983	238065	1	221
k141_2812	237963	239102	-1	222
k141_2812	239127	239858	1	223
k141_2812	239862	240497	1	224
k141_2812	240502	240825	1	225
k141_2812	240826	242487	-1	226
k141_2812	242710	243849	1	227
k141_2812	243852	244097	1	228
k141_2812	244161	245219	1	229
k141_2812	245277	245609	1	230
k141_2812	245622	246527	1	231
k141_2812	246524	248260	-1	232
k141_2812	248383	249426	1	233
k141_2812	249479	251644	1	234
k141_2812	251649	252311	-1	235
k141_2812	252379	253533	-1	236
k141_2812	253624	254787	-1	237
k141_2812	255040	256125	1	238
k141_2812	256122	257060	-1	239
k141_2812	257133	259508	1	240
k141_2812	259510	260700	-1	241
k141_2812	260754	264461	1	242
k141_2812	264458	265315	-1	243
k141_2812	265308	266207	-1	244
k141_2812	266230	267564	-1	245
k141_2812	267575	270814	-1	246
k141_2812	270807	274154	-1	247
k141_2812	274151	277504	-1	248
k141_2812	277625	279256	-1	249
k141_2812	279270	282353	-1	250
k141_2812	282729	283748	1	251
k141_2812	283738	285642	1	252
k141_2812	285744	286493	1	253
k141_2812	286493	287758	1	254
k141_2812	287761	288489	-1	255
k141_2812	288524	290020	-1	256
k141_2812	290082	290621	1	257
k141_2812	290618	291091	-1	258
k141_2812	291183	292268	1	259
k141_2812	292410	293348	1	260
k141_2812	293359	294264	1	261
k141_2812	294359	295201	1	262
k141_2812	295357	295923	-1	263
k141_2812	296455	297291	-1	264
k141_2812	297291	297812	-1	265
k141_2812	297960	298385	-1	266
k141_2812	298430	298525	1	267
k141_2812	298507	300696	-1	268
k141_2812	300810	301649	-1	269
k141_2812	301730	301837	-1	270
k141_2812	301924	303963	1	271
k141_2812	304107	305702	-1	272
k141_2812	305753	307036	-1	273
k141_2812	307130	308200	-1	274
k141_2812	308197	308976	-1	275
k141_2812	308978	309724	-1	276
k141_2812	309721	310659	-1	277
k141_2812	310656	311804	-1	278
k141_2812	311933	312727	-1	279
k141_2812	312806	313780	-1	280
k141_2812	313864	315051	-1	281
k141_2812	315173	315787	-1	282
k141_2812	316008	317360	-1	283
k141_2812	317370	318854	-1	284
k141_2812	318854	319543	-1	285
k141_2812	319635	321239	-1	286
k141_2812	321249	322598	-1	287
k141_2812	322726	323745	1	288
k141_2812	323839	324753	1	289
k141_2812	324809	325624	-1	290
k141_2812	325725	326690	-1	291
k141_2812	326687	327502	-1	292
k141_2812	327499	328113	-1	293
k141_2812	328312	329859	1	294
k141_2812	329927	331447	1	295
k141_2812	331931	332158	-1	296
k141_2812	332452	332748	1	297
k141_2812	332831	334354	1	298
k141_2812	334349	334981	-1	299
k141_2812	335150	335614	-1	300
k141_2812	335705	337126	-1	301
k141_2812	337262	337501	-1	302
k141_2812	337541	337702	-1	303
k141_2812	337875	338570	-1	304
k141_2812	338762	339799	1	305
k141_2812	339818	340726	-1	306
k141_2812	340765	343095	1	307
k141_2812	343150	343599	1	308
k141_2812	343600	344058	-1	309
k141_2812	344157	344396	1	310
k141_2812	344501	345562	1	311
k141_2812	345681	346232	1	312
k141_2812	346388	346666	1	313
k141_2812	346748	347056	1	314
k141_2812	347013	347207	1	315
k141_2812	347386	347604	-1	316
k141_2812	347606	348127	-1	317
k141_3119	229	1434	-1	1
k141_3119	1454	1750	-1	2
k141_3119	1904	2569	-1	3
k141_3119	2836	4191	-1	4
k141_3119	4311	5018	1	5
k141_3119	5108	5350	1	6
k141_3119	5347	7563	1	7
k141_3119	7571	7714	1	8
k141_3119	7760	8176	1	9
k141_3119	8269	8793	1	10
k141_3119	8796	9581	1	11
k141_3119	9602	10354	1	12
k141_3119	10392	11102	1	13
k141_3119	11099	11491	-1	14
k141_3119	11504	11908	-1	15
k141_3119	11911	12354	-1	16
k141_3119	12423	13220	1	17
k141_3119	13236	13994	1	18
k141_3119	13998	14474	1	19
k141_3119	14478	14969	1	20
k141_3119	15080	18163	1	21
k141_3119	18253	18654	1	22
k141_3119	18733	23079	1	23
k141_3119	23082	24203	1	24
k141_3119	24205	25026	-1	25
k141_3119	25026	25682	-1	26
k141_3119	25857	26147	1	27
k141_3119	26374	26823	1	28
k141_3119	26917	27711	1	29
k141_3119	27737	28897	1	30
k141_3119	28894	29877	-1	31
k141_3119	30049	30597	1	32
k141_3119	30587	31018	1	33
k141_3119	31269	31841	1	34
k141_3119	31842	33173	1	35
k141_3119	33197	34381	1	36
k141_3119	34391	37885	1	37
k141_3119	37956	38306	-1	38
k141_3119	38671	40419	1	39
k141_3119	40481	42265	1	40
k141_3119	42262	42522	1	41
k141_3119	42606	42800	1	42
k141_3119	42855	43304	-1	43
k141_3119	43354	45165	1	44
k141_3119	45156	46214	1	45
k141_3119	46211	47569	-1	46
k141_3119	47718	49991	1	47
k141_3119	50027	50743	1	48
k141_3119	50748	51851	1	49
k141_3119	51853	52437	-1	50
k141_3119	52441	53037	-1	51
k141_3119	53034	53891	-1	52
k141_3119	53976	54731	-1	53
k141_3119	54733	55479	-1	54
k141_3119	55476	56528	-1	55
k141_3119	56692	57156	1	56
k141_3119	57246	58382	-1	57
k141_3119	58402	59640	-1	58
k141_3119	59668	60924	-1	59
k141_3119	60947	61390	-1	60
k141_3119	61414	62412	-1	61
k141_3119	62549	64267	1	62
k141_3119	64267	64920	1	63
k141_3119	65598	65801	-1	64
k141_3119	66004	66738	1	65
k141_3119	66752	68719	1	66
k141_3119	68709	69281	-1	67
k141_3119	69350	69988	1	68
k141_3119	69998	70198	1	69
k141_3119	70200	71828	-1	70
k141_3119	71844	72281	-1	71
k141_3119	72367	72951	-1	72
k141_3119	72962	73699	-1	73
k141_3119	73822	74232	1	74
k141_3119	74310	75044	1	75
k141_3119	75047	75703	1	76
k141_3119	75770	77194	1	77
k141_3119	77972	79045	-1	78
k141_3119	79827	80447	-1	79
k141_3119	80480	80725	-1	80
k141_3119	80761	81090	-1	81
k141_3119	81097	81519	-1	82
k141_3119	81586	82812	-1	83
k141_3119	82839	84155	-1	84
k141_3119	84272	85024	-1	85
k141_3119	85124	86569	-1	86
k141_3119	86610	86939	-1	87
k141_3119	87186	88232	1	88
k141_3119	88354	88593	-1	89
k141_3119	88850	90157	1	90
k141_3119	90158	90763	-1	91
k141_3119	90781	91410	-1	92
k141_3119	91474	91653	-1	93
k141_3119	91693	92985	-1	94
k141_3119	93065	93454	1	95
k141_3119	93636	94064	1	96
k141_3119	94073	94963	-1	97
k141_3119	95137	95802	1	98
k141_3119	95805	97808	1	99
k141_3119	97816	98562	1	100
k141_3119	98608	99120	1	101
k141_3119	99095	99799	-1	102
k141_3119	99940	100260	1	103
k141_3119	100246	100824	-1	104
k141_3119	101088	101741	-1	105
k141_3119	101792	102493	-1	106
k141_3119	102592	104919	-1	107
k141_3119	104919	105410	-1	108
k141_3119	105400	106560	-1	109
k141_3119	106768	107799	-1	110
k141_3119	108070	109077	1	111
k141_3119	109189	109617	1	112
k141_3119	109645	110175	1	113
k141_3119	110187	111629	1	114
k141_3119	111768	112931	1	115
k141_3119	112928	113701	-1	116
k141_3119	113776	114744	1	117
k141_3119	115782	116435	-1	118
k141_3119	116808	118361	-1	119
k141_3119	118386	119192	-1	120
k141_3119	119206	120663	-1	121
k141_3119	120775	121320	-1	122
k141_3119	121339	124518	-1	123
k141_3119	124533	127667	-1	124
k141_3119	127773	128561	1	125
k141_3119	128575	129999	1	126
k141_3119	130009	130515	1	127
k141_3119	130863	131801	1	128
k141_3119	131821	132177	-1	129
k141_3119	132301	133440	1	130
k141_3119	133624	134718	1	131
k141_3119	134824	135921	-1	132
k141_3119	135975	137351	-1	133
k141_3119	137407	138198	-1	134
k141_3119	138227	139273	-1	135
k141_3119	139420	140490	1	136
k141_3119	140480	141331	1	137
k141_3119	141317	142075	-1	138
k141_3119	142086	142970	-1	139
k141_3119	143175	144431	1	140
k141_3119	144428	145354	1	141
k141_3119	145332	145991	1	142
k141_3119	146100	147125	1	143
k141_3119	147122	147613	1	144
k141_3119	147610	148512	1	145
k141_3119	148541	149329	1	146
k141_3119	149351	150340	1	147
k141_3119	150418	151725	1	148
k141_3119	151766	152887	1	149
k141_3119	152887	153357	1	150
k141_3119	153367	154080	1	151
k141_3119	154277	156472	-1	152
k141_3119	156722	157942	1	153
k141_3119	158188	159120	-1	154
k141_3119	160225	160344	-1	155
k141_3119	160377	162329	1	156
k141_3119	163603	164709	-1	157
k141_3119	164815	165759	1	158
k141_3119	165821	166336	1	159
k141_3119	166333	166992	-1	160
k141_3119	166934	167638	-1	161
k141_3119	167686	168522	-1	162
k141_3119	168527	169753	-1	163
k141_3119	169755	170534	-1	164
k141_3119	170534	171457	-1	165
k141_3119	171502	172518	-1	166
k141_3119	172589	172900	-1	167
k141_3119	172984	173418	-1	168
k141_3119	173408	174877	-1	169
k141_3119	175015	175875	-1	170
k141_3119	175976	177556	-1	171
k141_3119	177559	178098	-1	172
k141_3119	178105	178605	-1	173
k141_3119	178684	178878	-1	174
k141_3119	178915	180084	-1	175
k141_3119	180167	180556	-1	176
k141_3119	180558	180788	-1	177
k141_3119	180766	181155	-1	178
k141_3119	181206	183737	-1	179
k141_3119	183838	184533	-1	180
k141_3119	184556	186025	-1	181
k141_3119	186148	187194	1	182
k141_3119	187210	187986	-1	183
k141_3119	188152	188703	1	184
k141_3119	188916	189251	1	185
k141_3119	189353	190441	1	186
k141_3119	190460	191089	-1	187
k141_3119	191175	192020	-1	188
k141_3119	192501	192719	1	189
k141_3119	192880	193935	-1	190
k141_3119	193919	194524	-1	191
k141_3119	194564	195493	-1	192
k141_3119	195533	195754	1	193
k141_3119	195749	197020	-1	194
k141_3119	197065	198042	-1	195
k141_3119	198039	199190	-1	196
k141_3119	199200	199892	-1	197
k141_3119	199885	201096	-1	198
k141_3119	201130	202422	1	199
k141_3119	202569	203009	-1	200
k141_3119	203096	204346	-1	201
k141_3119	204361	205614	-1	202
k141_3119	205622	206764	-1	203
k141_3119	206761	207885	-1	204
k141_3119	207885	208775	-1	205
k141_3119	208772	209647	-1	206
k141_3119	209644	210696	-1	207
k141_3119	210730	211956	-1	208
k141_3119	212101	212646	-1	209
k141_3119	212681	213457	-1	210
k141_3119	213500	214549	-1	211
k141_3119	214553	216295	-1	212
k141_3119	216292	217791	-1	213
k141_3119	217791	218666	-1	214
k141_3119	218828	219025	1	215
k141_3119	219264	221303	1	216
k141_3119	221548	221724	1	217
k141_3119	221797	222798	-1	218
k141_3119	222811	224481	-1	219
k141_3119	224530	225720	-1	220
k141_3119	225744	225863	-1	221
k141_3119	225901	227052	1	222
k141_3119	227065	227460	1	223
k141_3119	227477	227932	1	224
k141_3119	228178	228684	-1	225
k141_3119	228926	229756	-1	226
k141_3119	229734	230279	-1	227
k141_3119	230375	232243	-1	228
k141_3119	232246	232665	-1	229
k141_3119	232640	236065	-1	230
k141_3119	236209	237705	1	231
k141_3119	237798	238736	1	232
k141_3119	238803	239018	-1	233
k141_3119	239015	239365	-1	234
k141_3119	239369	239698	-1	235
k141_3119	240003	241688	-1	236
k141_3119	241964	244222	1	237
k141_3119	244229	246304	1	238
k141_3119	246315	260474	1	239
k141_3119	260499	261458	1	240
k141_3119	261504	261860	1	241
k141_3119	262175	262837	-1	242
k141_3119	262841	263521	-1	243
k141_3119	263574	265757	-1	244
k141_3119	266353	266784	1	245
k141_3119	266790	267713	1	246
k141_3119	267713	268153	1	247
k141_3119	268155	268793	-1	248
k141_3119	268741	269988	-1	249
k141_3119	270018	270983	-1	250
k141_3119	271121	272746	-1	251
k141_3119	272730	273182	-1	252
k141_3119	273289	275142	-1	253
k141_3119	275146	276795	-1	254
k141_3119	276820	277686	-1	255
k141_3119	277906	279765	1	256
k141_3119	279762	281558	-1	257
k141_3119	281710	284130	1	258
k141_3119	284182	285174	1	259
k141_3119	285171	286376	-1	260
k141_3119	286379	286774	-1	261
k141_3119	286864	287283	1	262
k141_3119	287580	288107	-1	263
k141_3119	288265	288618	-1	264
k141_3119	288670	289071	-1	265
k141_3119	289352	290029	1	266
k141_3119	290187	290480	1	267
k141_3119	290603	291598	-1	268
k141_3119	292405	292989	1	269
k141_3119	292995	294017	1	270
k141_3119	294256	294843	-1	271
k141_3202	2	1753	1	1
k141_3202	1868	3454	-1	2
k141_3202	3466	4485	-1	3
k141_3202	4488	5075	-1	4
k141_3202	5583	5678	-1	5
k141_3202	5705	5809	-1	6
k141_3202	5820	6269	-1	7
k141_3202	6333	6686	-1	8
k141_3202	7310	7870	-1	9
k141_3208	2	1063	1	1
k141_3208	1076	2410	1	2
k141_3208	2532	3194	1	3
k141_3208	3196	4272	1	4
k141_3208	4310	5764	1	5
k141_3208	5761	6600	1	6
k141_3208	6874	7710	-1	7
k141_3231	874	1296	-1	1
k141_3231	1556	1735	-1	2
k141_3231	1791	2570	-1	3
k141_3231	2637	4187	-1	4
k141_3231	4205	4693	-1	5
k141_3231	4744	4974	-1	6
k141_3231	5055	6002	-1	7
k141_3231	6036	6467	-1	8
k141_3231	6557	7033	-1	9
k141_3231	7342	8088	1	10
k141_3231	8138	9082	1	11
k141_3231	9086	9478	1	12
k141_3243	561	2027	-1	1
k141_3243	2036	6544	-1	2
k141_3243	6850	7992	-1	3
k141_3243	8228	9613	1	4
k141_3243	9671	10363	1	5
k141_3243	10374	10760	1	6
k141_3243	10760	11647	1	7
k141_3243	11647	12858	1	8
k141_3243	13346	14506	1	9
k141_3243	14529	14696	-1	10
k141_3243	15458	15883	1	11
k141_3243	15962	16150	1	12
k141_3243	16210	16644	1	13
k141_3243	16716	16958	1	14
k141_3243	16951	17247	1	15
k141_3362	1	123	1	1
k141_3362	300	923	1	2
k141_3362	1286	1438	1	3
k141_3362	1888	2235	1	4
k141_3362	2225	3274	1	5
k141_3362	3286	3591	1	6
k141_3362	3970	4785	1	7
k141_3362	4924	5757	1	8
k141_3362	5870	7474	1	9
k141_3362	7685	8662	-1	10
k141_3362	8689	9915	-1	11
k141_3362	9920	11128	-1	12
k141_3362	11130	12173	-1	13
k141_3362	12176	13156	-1	14
k141_3362	13171	13707	-1	15
k141_3362	13900	15693	1	16
k141_3362	15701	16450	1	17
k141_3362	16961	17296	1	18
k141_3362	17371	17820	1	19
k141_3362	18203	18553	1	20
k141_3362	18595	19623	1	21
k141_3362	19623	21212	1	22
k141_3362	21306	22223	1	23
k141_3362	22253	22666	1	24
k141_3362	22663	23133	1	25
k141_3362	23219	24082	1	26
k141_3362	24284	25162	1	27
k141_3362	25245	26909	1	28
k141_3362	26959	27387	1	29
k141_3362	27466	27999	1	30
k141_3362	27996	28331	1	31
k141_3362	28458	28961	1	32
k141_3362	28958	29545	1	33
k141_3362	29723	30088	-1	34
k141_3362	30095	30922	-1	35
k141_3362	30934	31881	-1	36
k141_3362	31871	32485	-1	37
k141_3362	32485	33324	-1	38
k141_3362	33327	33914	-1	39
k141_3362	33919	36420	-1	40
k141_3362	36450	36575	1	41
k141_3362	36595	36894	-1	42
k141_3362	37091	37723	1	43
k141_3362	37704	37802	1	44
k141_3362	37809	39758	-1	45
k141_3362	39758	41185	-1	46
k141_3362	41199	42749	-1	47
k141_3362	42742	44400	-1	48
k141_3362	44403	45545	-1	49
k141_3362	45693	46349	-1	50
k141_3362	46333	46980	-1	51
k141_3362	46989	47267	-1	52
k141_3362	47541	48368	-1	53
k141_3362	48609	49526	-1	54
k141_3362	49533	50024	-1	55
k141_3362	50043	50795	-1	56
k141_3362	50809	51669	-1	57
k141_3362	51708	52853	-1	58
k141_3362	52871	53398	-1	59
k141_3362	53536	55026	-1	60
k141_3362	55075	55452	-1	61
k141_3362	55708	56181	-1	62
k141_3362	56385	56738	-1	63
k141_3362	56794	57297	-1	64
k141_3362	57388	58269	-1	65
k141_3362	58373	58786	-1	66
k141_3362	58786	59415	-1	67
k141_3362	59435	59938	-1	68
k141_3362	60077	60598	-1	69
k141_3362	60598	61476	-1	70
k141_3362	61615	62124	1	71
k141_3362	62191	62919	1	72
k141_3362	62925	63539	1	73
k141_3362	63547	64389	-1	74
k141_3362	64400	65509	-1	75
k141_3362	65597	66712	-1	76
k141_3362	66782	67378	1	77
k141_3362	67549	69921	1	78
k141_3362	69953	70729	1	79
k141_3362	70880	72091	1	80
k141_3362	72088	73341	-1	81
k141_3362	73761	74273	1	82
k141_3362	74767	74931	1	83
k141_3362	74932	76707	-1	84
k141_3362	76704	77063	-1	85
k141_3362	77215	78153	1	86
k141_3362	78218	79228	-1	87
k141_3362	79440	81626	1	88
k141_3362	81707	82885	1	89
k141_3362	82934	83374	1	90
k141_3362	83395	83832	1	91
k141_3362	83829	84824	1	92
k141_3362	84837	85046	1	93
k141_3362	85076	86374	1	94
k141_3362	86444	87520	1	95
k141_3362	87557	88378	1	96
k141_3362	88387	88578	-1	97
k141_3362	88778	89302	1	98
k141_3362	89488	90237	-1	99
k141_3362	90315	92606	-1	100
k141_3362	92659	93507	-1	101
k141_3362	93533	97108	1	102
k141_3362	97125	97517	-1	103
k141_3362	97639	98091	1	104
k141_3362	98155	99576	1	105
k141_3362	99641	100279	1	106
k141_3362	100318	101067	-1	107
k141_3362	101387	102643	-1	108
k141_3362	102672	103010	-1	109
k141_3362	103282	103653	-1	110
k141_3362	103670	103849	-1	111
k141_3362	103967	104155	-1	112
k141_3362	104195	104581	1	113
k141_3362	104607	105683	-1	114
k141_3362	105789	106262	1	115
k141_3362	106259	106924	1	116
k141_3362	107062	108006	1	117
k141_3362	108152	108727	1	118
k141_3362	108734	109855	1	119
k141_3362	110001	110975	1	120
k141_3362	110965	112308	1	121
k141_3362	112313	113200	1	122
k141_3362	113261	114103	1	123
k141_3362	114114	115277	1	124
k141_3362	115278	115979	-1	125
k141_3362	116160	117044	1	126
k141_3362	117041	118438	1	127
k141_3362	118532	119095	-1	128
k141_3362	119237	119524	-1	129
k141_3362	119650	121005	-1	130
k141_3362	121230	121820	-1	131
k141_3362	121823	123052	-1	132
k141_3362	123155	123574	1	133
k141_3362	123631	124671	1	134
k141_3362	124677	125333	1	135
k141_3362	125394	126218	1	136
k141_3362	126270	128492	-1	137
k141_3362	128772	129272	1	138
k141_3362	129358	130830	1	139
k141_3362	130924	133218	1	140
k141_3362	133231	133746	-1	141
k141_3362	133845	135083	-1	142
k141_3362	135255	135893	1	143
k141_3362	136011	137204	1	144
k141_3362	137553	137888	1	145
k141_3362	138004	138405	1	146
k141_3362	138521	138946	1	147
k141_3362	139037	141025	-1	148
k141_3362	141075	142805	-1	149
k141_3362	142835	143668	-1	150
k141_3362	143680	144576	-1	151
k141_3362	144655	145731	1	152
k141_3362	145728	146786	-1	153
k141_3362	146828	147331	-1	154
k141_3362	147375	148388	-1	155
k141_3362	148385	149815	-1	156
k141_3362	149818	150378	-1	157
k141_3362	150371	151198	-1	158
k141_3362	151265	152098	1	159
k141_3362	152080	152874	-1	160
k141_3362	153093	153770	1	161
k141_3362	153729	154820	-1	162
k141_3362	154943	155791	-1	163
k141_3362	155859	156269	1	164
k141_3362	156273	156863	1	165
k141_3362	156919	157362	1	166
k141_3362	157366	158943	-1	167
k141_3362	158956	159600	-1	168
k141_3362	159756	160529	1	169
k141_3362	160610	161977	1	170
k141_3362	162110	162337	1	171
k141_3362	162337	162906	1	172
k141_3362	162903	164561	1	173
k141_3362	164558	165430	-1	174
k141_3362	165411	166373	-1	175
k141_3362	166409	167452	-1	176
k141_3362	167659	168084	1	177
k141_3362	168104	168772	1	178
k141_3362	168762	169361	1	179
k141_3362	169333	170781	1	180
k141_3362	170860	171555	-1	181
k141_3362	171956	172192	1	182
k141_3362	172356	173576	-1	183
k141_3362	173735	177097	-1	184
k141_3362	177233	177457	-1	185
k141_3362	177583	178140	-1	186
k141_3362	178189	178350	-1	187
k141_3362	178368	178868	-1	188
k141_3362	178871	180742	-1	189
k141_3362	180764	181933	-1	190
k141_3362	182037	182768	1	191
k141_3362	182746	183201	1	192
k141_3362	183209	183949	-1	193
k141_3362	184007	184357	-1	194
k141_3362	184347	185156	-1	195
k141_3362	185189	186154	-1	196
k141_3362	186352	188553	1	197
k141_3362	188550	188861	-1	198
k141_3362	188869	189192	-1	199
k141_3362	189204	189515	-1	200
k141_3362	189597	190139	1	201
k141_3362	190136	190657	-1	202
k141_3362	190767	191915	1	203
k141_3362	191929	192576	-1	204
k141_3362	192715	194406	-1	205
k141_3362	194575	194865	1	206
k141_3362	194880	195173	1	207
k141_3362	195391	196962	1	208
k141_3362	197040	197465	1	209
k141_3362	197527	199587	-1	210
k141_3362	199730	200461	-1	211
k141_3362	200436	201473	-1	212
k141_3362	201493	202410	-1	213
k141_3362	202433	203833	-1	214
k141_3362	203920	205116	-1	215
k141_3362	205119	206822	-1	216
k141_3362	206920	207360	-1	217
k141_3362	207366	207845	-1	218
k141_3362	207931	210042	-1	219
k141_3362	210139	211407	-1	220
k141_3362	211420	211875	-1	221
k141_3362	211917	214121	-1	222
k141_3362	214166	215398	-1	223
k141_3362	215402	216223	-1	224
k141_3362	216273	217082	1	225
k141_3362	217142	218440	-1	226
k141_3362	218451	221396	-1	227
k141_3362	221447	222529	-1	228
k141_3362	222610	223716	-1	229
k141_3362	223728	224276	-1	230
k141_3362	224273	225289	-1	231
k141_3362	225364	226398	1	232
k141_3362	226471	226866	1	233
k141_3362	227299	227595	-1	234
k141_3362	227595	228017	-1	235
k141_3362	228022	229143	-1	236
k141_3362	229230	229991	1	237
k141_3362	229995	230477	1	238
k141_3362	230689	230973	1	239
k141_3362	230973	232823	1	240
k141_3362	232824	233558	1	241
k141_3362	233562	234425	1	242
k141_3362	234429	235466	1	243
k141_3362	235455	235763	-1	244
k141_3362	235756	236388	-1	245
k141_3362	236409	238151	-1	246
k141_3362	238201	238902	-1	247
k141_3362	238906	239562	-1	248
k141_3362	239555	240460	-1	249
k141_3362	240461	241234	-1	250
k141_3362	241369	243441	-1	251
k141_3362	243434	244816	-1	252
k141_3362	244809	245141	-1	253
k141_3362	245143	245751	-1	254
k141_3362	245931	246431	1	255
k141_3362	246438	247880	1	256
k141_3362	247885	249426	1	257
k141_3362	249521	250582	-1	258
k141_3362	250770	251984	1	259
k141_3362	251981	253069	-1	260
k141_3362	253113	254699	-1	261
k141_3362	254692	255972	-1	262
k141_3362	256027	257535	-1	263
k141_3362	257625	259646	-1	264
k141_3362	259746	260495	1	265
k141_3362	260504	261319	1	266
k141_3362	261321	262481	-1	267
k141_3362	262595	270901	1	268
k141_3362	271382	272626	1	269
k141_3362	272813	273331	-1	270
k141_3362	273372	274157	-1	271
k141_3362	274214	274354	1	272
k141_3416	259	498	-1	1
k141_3416	524	775	-1	2
k141_3416	775	1536	-1	3
k141_3416	2085	3020	1	4
k141_3416	3104	4540	-1	5
k141_3416	4619	7261	-1	6
k141_3416	7280	8056	-1	7
k141_3416	8125	9381	-1	8
k141_3416	9435	10322	-1	9
k141_3416	10525	11904	-1	10
k141_3416	11923	15486	-1	11
k141_3416	15507	16685	-1	12
k141_3416	16840	17394	-1	13
k141_3416	18562	20004	1	14
k141_3416	20298	20657	1	15
k141_3416	20795	20971	-1	16
k141_3416	21169	21447	1	17
k141_3416	22248	24188	-1	18
k141_3416	24199	25110	-1	19
k141_3416	25151	29926	-1	20
k141_3571	258	1907	-1	1
k141_3571	1966	3291	-1	2
k141_3571	3310	4812	-1	3
k141_3571	4944	5576	1	4
k141_3571	5640	7373	1	5
k141_3571	7430	8839	1	6
k141_3571	8944	9288	1	7
k141_3571	9304	9576	1	8
k141_3571	9573	10574	1	9
k141_3571	10571	11479	-1	10
k141_3571	11600	11863	1	11
k141_3571	12357	13661	1	12
k141_3571	13668	14756	1	13
k141_3571	14773	17967	1	14
k141_3571	18072	18377	1	15
k141_3571	18390	18593	1	16
k141_3571	18654	19211	1	17
k141_3571	19208	19621	1	18
k141_3571	19724	20128	1	19
k141_3571	20525	21769	1	20
k141_3571	22203	23069	1	21
k141_3571	23360	23920	1	22
k141_3571	24025	24180	1	23
k141_3571	24633	24962	1	24
k141_3571	25203	26282	1	25
k141_3571	26279	27364	1	26
k141_3571	27342	28016	1	27
k141_3571	28714	29562	1	28
k141_3571	29562	29816	1	29
k141_3590	118	1401	-1	1
k141_3590	1405	2571	-1	2
k141_3590	2716	3444	1	3
k141_3590	3593	5098	-1	4
k141_3590	5111	8416	-1	5
k141_3590	8504	9427	-1	6
k141_3590	9922	10977	1	7
k141_3590	11105	11623	-1	8
k141_3590	11987	12634	-1	9
k141_3616	1021	2226	1	1
k141_3616	2309	2578	1	2
k141_3616	2662	3141	1	3
k141_3616	3248	4117	1	4
k141_3616	4129	4506	1	5
k141_3616	4511	5329	-1	6
k141_3616	5403	5978	1	7
k141_3616	6080	6382	-1	8
k141_3616	6393	6674	-1	9
k141_3616	6915	7238	-1	10
k141_3616	7229	7474	-1	11
k141_3616	7569	7961	-1	12
k141_3616	8031	8588	1	13
k141_3616	8686	10485	1	14
k141_3616	10637	11395	-1	15
k141_3616	11492	12175	-1	16
k141_3616	12252	13268	-1	17
k141_3616	13391	13981	-1	18
k141_3616	14195	17218	1	19
k141_3616	17231	18976	1	20
k141_3616	19136	20173	1	21
k141_3616	20216	21835	1	22
k141_3616	21903	22436	-1	23
k141_3616	22675	24345	1	24
k141_3616	24465	25001	-1	25
k141_3616	25316	27256	1	26
k141_3616	27330	28340	1	27
k141_3616	28421	28792	-1	28
k141_3616	29039	29965	1	29
k141_3616	30189	33155	1	30
k141_3616	33214	34677	-1	31
k141_3616	34760	36010	-1	32
k141_3616	36058	36543	-1	33
k141_3616	36547	37509	-1	34
k141_3616	37863	38249	-1	35
k141_3616	38251	39774	-1	36
k141_3616	39985	40896	1	37
k141_3616	40893	42374	-1	38
k141_3616	42390	43070	-1	39
k141_3616	43231	45006	1	40
k141_3616	45122	46564	1	41
k141_3616	46617	48119	-1	42
k141_3616	48159	49484	-1	43
k141_3616	49579	51054	1	44
k141_3616	51383	51634	1	45
k141_3616	51700	52386	-1	46
k141_3616	52491	53180	-1	47
k141_3616	53191	53838	-1	48
k141_3616	53969	55582	-1	49
k141_3616	55774	56184	1	50
k141_3616	56252	57199	-1	51
k141_3616	57202	57696	-1	52
k141_3616	57785	58540	1	53
k141_3616	58524	60296	1	54
k141_3616	60299	61075	-1	55
k141_3616	61072	61860	-1	56
k141_3616	61905	62738	-1	57
k141_3616	62834	63376	1	58
k141_3616	63373	64467	1	59
k141_3616	64505	64909	1	60
k141_3616	65086	65835	1	61
k141_3616	65846	66673	1	62
k141_3616	66697	66972	1	63
k141_3616	67124	67726	1	64
k141_3616	67782	69389	-1	65
k141_3616	69563	70723	1	66
k141_3695	379	1596	-1	1
k141_3695	1676	2299	-1	2
k141_3695	2310	3044	-1	3
k141_3695	3034	3249	-1	4
k141_3695	3276	4457	-1	5
k141_3695	4487	8884	-1	6
k141_3695	9131	9673	-1	7
k141_3695	9987	10499	-1	8
k141_3695	10681	11583	1	9
k141_3695	11591	12907	-1	10
k141_3695	12974	13765	-1	11
k141_3695	13945	14658	1	12
k141_3695	14855	15565	-1	13
k141_3695	15570	17294	-1	14
k141_3695	17405	17551	1	15
k141_3695	17610	18854	1	16
k141_3695	18861	20831	-1	17
k141_3695	20809	21798	-1	18
k141_3695	21800	27202	-1	19
k141_3695	27348	28232	-1	20
k141_3695	28333	28848	-1	21
k141_3695	28931	29665	-1	22
k141_3695	29662	31893	-1	23
k141_3695	32076	33248	1	24
k141_3695	33364	34425	-1	25
k141_3695	34484	35380	1	26
k141_3695	35452	35652	1	27
k141_3695	35719	37818	1	28
k141_3695	37908	38735	1	29
k141_3695	38732	39418	-1	30
k141_3695	39426	40766	-1	31
k141_3695	40807	41925	-1	32
k141_3695	41965	43221	-1	33
k141_3695	43224	44453	-1	34
k141_3695	44446	45147	-1	35
k141_3695	45256	46356	-1	36
k141_3695	46390	47646	-1	37
k141_3695	47657	48901	-1	38
k141_3695	49005	49217	-1	39
k141_3695	49224	49760	-1	40
k141_3695	49757	50500	-1	41
k141_3695	50481	51113	-1	42
k141_3695	51184	51567	-1	43
k141_3695	51583	52560	-1	44
k141_3695	52653	53234	-1	45
k141_3695	53237	54139	-1	46
k141_3695	54297	55001	-1	47
k141_3695	55065	55415	-1	48
k141_3695	55465	55845	-1	49
k141_3695	55949	63052	-1	50
k141_3695	63058	63639	-1	51
k141_3695	63661	65997	-1	52
k141_3695	66084	67409	-1	53
k141_3695	67536	68456	-1	54
k141_3695	68498	69541	-1	55
k141_3695	69709	70731	-1	56
k141_3695	70856	73114	1	57
k141_3695	73111	73935	-1	58
k141_3695	74059	75879	-1	59
k141_3695	75919	77043	-1	60
k141_3695	77078	78412	-1	61
k141_3695	78430	78999	-1	62
k141_3695	79004	79531	-1	63
k141_3695	79534	81285	-1	64
k141_3695	81319	84444	-1	65
k141_3695	84474	85844	-1	66
k141_3695	86044	86457	1	67
k141_3695	86505	89204	-1	68
k141_3695	89247	90479	-1	69
k141_3695	90492	90953	-1	70
k141_3695	91255	94677	1	71
k141_3695	94706	95812	1	72
k141_3695	95891	96493	1	73
k141_3695	96679	99135	1	74
k141_3695	99459	102797	1	75
k141_3695	102831	103130	-1	76
k141_3695	103216	104448	-1	77
k141_3695	104503	105222	-1	78
k141_3695	105263	106264	1	79
k141_3695	106488	109322	1	80
k141_3695	109338	109997	1	81
k141_3695	110017	111189	1	82
k141_3695	111268	111921	1	83
k141_3695	111922	112080	1	84
k141_3695	112101	112376	1	85
k141_3695	112477	115749	1	86
k141_3695	115820	116383	-1	87
k141_3695	116564	117313	1	88
k141_3695	117289	117744	-1	89
k141_3695	117919	119052	1	90
k141_3695	119133	120290	1	91
k141_3695	120391	121611	1	92
k141_3695	121728	122597	1	93
k141_3695	122659	122883	1	94
k141_3695	122880	123182	1	95
k141_3695	123183	124283	1	96
k141_3695	124482	127133	-1	97
k141_3695	127381	127836	1	98
k141_3695	127836	128222	1	99
k141_3695	128446	129564	1	100
k141_3695	129646	130470	1	101
k141_3695	130603	131310	1	102
k141_3695	131353	131907	1	103
k141_3695	131983	134382	1	104
k141_3695	134473	135906	1	105
k141_3695	135954	137411	1	106
k141_3695	137411	138013	1	107
k141_3695	138008	138706	-1	108
k141_3695	138778	139260	-1	109
k141_3695	139273	139878	-1	110
k141_3695	139890	140327	-1	111
k141_3695	140354	141082	-1	112
k141_3695	141315	142346	-1	113
k141_3695	142350	143117	-1	114
k141_3695	143158	143772	-1	115
k141_3695	143848	144288	1	116
k141_3695	144337	145557	-1	117
k141_3695	145582	148383	-1	118
k141_3695	148592	149692	1	119
k141_3695	149700	150056	-1	120
k141_3695	150093	151115	-1	121
k141_3695	151118	152257	-1	122
k141_3695	152361	153596	1	123
k141_3695	153629	155020	1	124
k141_3695	155126	155275	1	125
k141_3695	155272	155859	-1	126
k141_3695	155943	156242	-1	127
k141_3695	156319	157641	-1	128
k141_3695	157654	159270	-1	129
k141_3695	159289	161124	-1	130
k141_3695	161143	161934	-1	131
k141_3695	162129	163097	1	132
k141_3695	163200	163913	1	133
k141_3695	164025	164756	1	134
k141_3695	164807	166009	-1	135
k141_3695	166011	167858	-1	136
k141_3695	168044	169402	1	137
k141_3695	169421	170245	1	138
k141_3695	170338	171606	-1	139
k141_3695	171622	172332	-1	140
k141_3695	172335	172781	-1	141
k141_3695	172793	174202	-1	142
k141_3695	174254	175165	-1	143
k141_3695	175233	175421	-1	144
k141_3695	175424	177625	-1	145
k141_3695	177628	177837	-1	146
k141_3695	177897	180281	-1	147
k141_3695	180401	181090	1	148
k141_3695	181172	182080	1	149
k141_3695	182143	183078	1	150
k141_3695	183083	184540	-1	151
k141_3695	184595	184984	-1	152
k141_3695	185650	187038	1	153
k141_3695	187035	187613	-1	154
k141_3695	187842	189044	-1	155
k141_3695	189205	189570	1	156
k141_3695	189570	191285	1	157
k141_3695	191405	192505	1	158
k141_3695	192502	194271	-1	159
k141_3695	194278	194637	-1	160
k141_3695	194634	195035	-1	161
k141_3695	195038	195661	-1	162
k141_3695	195664	195984	-1	163
k141_3695	196015	196833	-1	164
k141_3695	196852	198000	-1	165
k141_3695	198047	198601	-1	166
k141_3695	198603	199082	-1	167
k141_3695	199127	200263	-1	168
k141_3695	200271	201959	-1	169
k141_3695	201956	202366	-1	170
k141_3695	202700	204925	-1	171
k141_3695	205035	205469	-1	172
k141_3695	205583	206095	1	173
k141_3695	206092	206646	-1	174
k141_3695	206823	207710	-1	175
k141_3695	207787	207921	1	176
k141_3695	207926	209503	1	177
k141_3695	209505	210731	1	178
k141_3695	210743	212746	1	179
k141_3695	212751	213722	1	180
k141_3695	214175	215374	1	181
k141_3695	215562	218561	1	182
k141_3695	218545	218970	1	183
k141_3695	218976	221276	1	184
k141_3695	221286	222464	-1	185
k141_3695	222509	223309	-1	186
k141_3695	223411	223983	1	187
k141_3695	224039	224566	-1	188
k141_3695	224579	225148	-1	189
k141_3695	225414	225869	1	190
k141_3695	226018	230403	1	191
k141_3695	230506	230823	1	192
k141_3695	231073	232002	1	193
k141_3695	231999	232277	-1	194
k141_3695	232810	237153	1	195
k141_3695	237155	238357	1	196
k141_3695	238374	238790	1	197
k141_3695	238791	240800	1	198
k141_3695	241025	242224	1	199
k141_3695	242225	242665	1	200
k141_3695	242655	243869	1	201
k141_3695	244013	244384	1	202
k141_3695	244386	245000	1	203
k141_3695	245003	245350	1	204
k141_3695	245373	247088	1	205
k141_3695	247237	247614	1	206
k141_3695	247769	248038	1	207
k141_3695	248056	248925	1	208
k141_3695	248954	249439	1	209
k141_3695	249409	249783	1	210
k141_3695	249773	250591	1	211
k141_3695	250617	251078	-1	212
k141_3695	251327	251779	-1	213
k141_3695	251838	252458	-1	214
k141_3695	252490	254229	-1	215
k141_3695	254319	254834	-1	216
k141_3695	254850	256037	-1	217
k141_3700	49	249	-1	1
k141_3700	358	963	1	2
k141_3700	968	1672	1	3
k141_3700	1726	2187	1	4
k141_3700	2259	3674	1	5
k141_3700	3667	5007	1	6
k141_3700	5004	6017	1	7
k141_3700	6027	6914	1	8
k141_3719	331	2232	-1	1
k141_3719	2364	2591	1	2
k141_3719	2495	3913	-1	3
k141_3719	3929	6742	-1	4
k141_3719	6977	7573	1	5
k141_3719	7585	10056	1	6
k141_3719	10179	11492	1	7
k141_3719	11507	12199	1	8
k141_3719	12253	12936	-1	9
k141_3719	13081	13797	-1	10
k141_3719	13830	14567	-1	11
k141_3719	14733	14888	1	12
k141_3719	14962	16023	1	13
k141_3719	16105	16647	1	14
k141_3719	16713	18404	1	15
k141_3719	18564	21434	1	16
k141_3719	21526	22956	1	17
k141_3719	23408	24130	-1	18
k141_3719	24396	26891	1	19
k141_3719	27055	27246	1	20
k141_3719	27356	27802	1	21
k141_3719	27977	28576	1	22
k141_3719	28573	29298	1	23
k141_3719	29360	29917	-1	24
k141_3719	29901	30827	-1	25
k141_3719	30933	33038	1	26
k141_3719	33051	33929	1	27
k141_3719	33931	34377	1	28
k141_3719	34528	34914	1	29
k141_3719	34951	36483	1	30
k141_3719	37033	37650	1	31
k141_3719	37696	38541	1	32
k141_3719	39010	41274	1	33
k141_3719	41431	42168	1	34
k141_3719	42190	42555	1	35
k141_3719	42592	42663	1	36
k141_3720	1	1083	-1	1
k141_3720	1298	2038	1	2
k141_3720	2035	2844	1	3
k141_3720	3147	3665	1	4
k141_3720	3726	6041	1	5
k141_3720	6125	6397	1	6
k141_3720	6404	6976	1	7
k141_3720	6942	7583	-1	8
k141_3720	7649	8113	1	9
k141_3720	8172	9440	1	10
k141_3720	9481	10629	1	11
k141_3720	10675	11070	-1	12
k141_3720	11148	11549	-1	13
k141_3720	11725	13116	-1	14
k141_3720	13176	13760	-1	15
k141_3720	13988	14677	-1	16
k141_3720	14764	15393	1	17
k141_3720	15394	15582	1	18
k141_3720	15618	16445	1	19
k141_3720	16522	17070	1	20
k141_3720	17208	18740	-1	21
k141_3720	18744	20042	-1	22
k141_3720	20229	20345	1	23
k141_3720	20321	21667	1	24
k141_3720	22048	22827	-1	25
k141_3720	22833	23927	-1	26
k141_3720	23976	24974	1	27
k141_3720	24971	27193	-1	28
k141_3720	27190	28200	-1	29
k141_3720	28221	29096	-1	30
k141_3720	29159	29719	-1	31
k141_3720	29753	29962	-1	32
k141_3720	30037	30798	-1	33
k141_3720	30795	31361	-1	34
k141_3720	31563	32579	-1	35
k141_3720	32576	33769	-1	36
k141_3720	33917	35260	1	37
k141_3720	35318	35752	-1	38
k141_3720	35903	38533	1	39
k141_3720	38634	40022	1	40
k141_3720	40035	41087	1	41
k141_3720	41093	41923	1	42
k141_3720	41976	43244	1	43
k141_3720	43241	43504	-1	44
k141_3720	43497	44162	-1	45
k141_3720	44152	44955	-1	46
k141_3720	44960	45568	-1	47
k141_3720	45634	47583	-1	48
k141_3720	47590	47967	-1	49
k141_3720	48050	48793	1	50
k141_3720	48787	49185	-1	51
k141_3720	49192	49833	-1	52
k141_3720	49841	50440	1	53
k141_3720	50437	52209	-1	54
k141_3720	52279	52692	-1	55
k141_3720	52679	54505	-1	56
k141_3720	54688	55146	-1	57
k141_3720	55180	56154	-1	58
k141_3720	56234	56821	1	59
k141_3720	56824	57855	1	60
k141_3720	57943	58704	1	61
k141_3720	58877	61423	1	62
k141_3720	61436	62131	1	63
k141_3720	62128	63624	-1	64
k141_3720	63655	64416	-1	65
k141_3720	64484	65668	-1	66
k141_3720	65665	66402	-1	67
k141_3720	66509	67294	-1	68
k141_3720	67611	67850	-1	69
k141_3720	67888	68877	-1	70
k141_3720	68984	69532	-1	71
k141_3720	69553	70950	-1	72
k141_3720	70990	71274	-1	73
k141_3720	71556	72125	-1	74
k141_3720	72160	72792	-1	75
k141_3720	72797	73243	-1	76
k141_3720	73327	73923	1	77
k141_3720	73930	74562	1	78
k141_3720	74644	74955	1	79
k141_3720	74977	76257	1	80
k141_3720	76218	76493	1	81
k141_3720	76509	77504	1	82
k141_3720	77590	79653	1	83
k141_3720	79675	80529	1	84
k141_3720	80540	81709	1	85
k141_3720	81801	81995	1	86
k141_3720	82093	82983	1	87
k141_3720	83038	83340	1	88
k141_3720	83982	85169	1	89
k141_3720	85335	85523	1	90
k141_3720	85536	86087	1	91
k141_3720	86155	86229	1	92
k141_3724	2	445	1	1
k141_3724	760	2700	1	2
k141_3724	2845	3288	1	3
k141_3724	3334	3531	1	4
k141_3724	3671	3964	1	5
k141_3724	4050	5627	-1	6
k141_3724	5684	6106	-1	7
k141_3724	6203	6994	1	8
k141_3724	7083	7970	1	9
k141_3724	7967	9271	-1	10
k141_3724	9255	10802	-1	11
k141_3724	10970	11923	-1	12
k141_3724	12038	13120	-1	13
k141_3724	13120	14250	-1	14
k141_3724	14408	15253	1	15
k141_3724	15271	16224	1	16
k141_3724	16274	16885	1	17
k141_3724	16964	17920	-1	18
k141_3724	17998	18369	1	19
k141_3724	18385	18903	1	20
k141_3724	18895	19407	-1	21
k141_3724	19826	21037	1	22
k141_3724	21244	21855	-1	23
k141_3724	21970	22404	1	24
k141_3724	22909	23139	1	25
k141_3724	23136	23249	1	26
k141_3793	261	632	1	1
k141_3793	643	951	-1	2
k141_3793	1105	1869	1	3
k141_3793	2091	2987	-1	4
k141_3793	2984	3901	-1	5
k141_3793	3906	4523	-1	6
k141_3793	4552	5376	-1	7
k141_3793	5389	5994	-1	8
k141_3793	5981	8407	-1	9
k141_3793	8382	8588	-1	10
