Hmm	ORF	tlen	qlen	Eval	score	start	end	Acc	Pos	Cov_seq	Cov_hmm	strand
2OG_0_CAS-I-II-III-IV-V-VI	k141_2532_122	210	205	0.0084	12.8	119663	120292	k141_2532	122	0.44761904761904764	0.47317073170731705	-1
2OG_1_CAS-I-II-III-IV-V-VI	k141_2532_122	210	94	1.3e-23	81.2	119663	120292	k141_2532	122	0.5333333333333333	0.9787234042553191	-1
2OG_1_CAS-I-II-III-IV-V-VI	k141_2812_69	323	94	2.2e-05	22.7	72330	73298	k141_2812	69	0.3157894736842105	0.851063829787234	1
AbiEii_0_CAS-III	k141_1349_36	512	284	0.00072	16.8	37016	38551	k141_1349	36	0.119140625	0.21830985915492956	1
AbiEii_0_CAS-III	k141_1353_4	139	284	0.014	12.6	1962	2378	k141_1353	4	0.33093525179856115	0.15140845070422534	-1
AbiEii_0_CAS-III	k141_1785_100	609	284	0.0013	15.9	115475	117301	k141_1785	100	0.16420361247947454	0.3380281690140845	-1
AbiEii_0_CAS-III	k141_1785_252	543	284	0.0092	13.2	268430	270058	k141_1785	252	0.16022099447513813	0.3028169014084507	1
AbiEii_0_CAS-III	k141_1860_136	426	284	0.027	11.6	150469	151746	k141_1860	136	0.04929577464788732	0.07394366197183098	1
AbiEii_0_CAS-III	k141_2110_12	232	284	5.6e-05	20.4	12901	13596	k141_2110	12	0.5689655172413793	0.4507042253521127	1
AbiEii_0_CAS-III	k141_2110_18	221	284	2.4e-05	21.7	25905	26567	k141_2110	18	0.6108597285067874	0.4612676056338028	1
AbiEii_0_CAS-III	k141_2532_143	298	284	3.3e-11	40.9	141554	142447	k141_2532	143	0.5268456375838926	0.5070422535211268	1
AbiEii_0_CAS-III	k141_2532_214	874	284	0.0015	15.8	220744	223365	k141_2532	214	0.14302059496567507	0.4471830985915493	1
AbiEii_0_CAS-III	k141_2532_59	730	284	0.00098	16.4	61637	63826	k141_2532	59	0.16164383561643836	0.4154929577464789	1
AbiEii_0_CAS-III	k141_2812_174	194	284	0.01	13.0	190974	191555	k141_2812	174	0.10309278350515463	0.07042253521126761	1
AbiEii_0_CAS-III	k141_2812_188	554	284	0.00015	19.1	202977	204638	k141_2812	188	0.08664259927797834	0.16549295774647887	1
AbiEii_0_CAS-III	k141_3119_111	336	284	0.012	12.7	108070	109077	k141_3119	111	0.17559523809523808	0.2147887323943662	1
AbiEii_0_CAS-III	k141_3119_180	232	284	5e-05	20.6	183838	184533	k141_3119	180	0.6637931034482759	0.545774647887324	-1
AbiEii_0_CAS-III	k141_3119_51	199	284	0.035	11.3	52441	53037	k141_3119	51	0.12060301507537688	0.08098591549295775	-1
AbiEii_0_CAS-III	k141_3119_85	251	284	8.6e-07	26.4	84272	85024	k141_3119	85	0.32669322709163345	0.2746478873239437	-1
AbiEii_0_CAS-III	k141_3362_120	325	284	0.0002	18.6	110001	110975	k141_3362	120	0.2123076923076923	0.23943661971830985	1
AbiEii_0_CAS-III	k141_3362_151	299	284	0.0013	16.0	143680	144576	k141_3362	151	0.2140468227424749	0.21830985915492956	-1
AbiEii_0_CAS-III	k141_3362_189	624	284	0.00043	17.5	178871	180742	k141_3362	189	0.25801282051282054	0.38380281690140844	-1
AbiEii_0_CAS-III	k141_3362_193	247	284	0.0048	14.1	183209	183949	k141_3362	193	0.2388663967611336	0.1936619718309859	-1
AbiEii_0_CAS-III	k141_3362_50	219	284	0.0086	13.3	45693	46349	k141_3362	50	0.1780821917808219	0.13380281690140844	-1
AbiEii_0_CAS-III	k141_3616_32	417	284	1.1e-05	22.7	34760	36010	k141_3616	32	0.18705035971223022	0.25704225352112675	-1
AbiEii_0_CAS-III	k141_3616_54	591	284	0.011	12.9	58524	60296	k141_3616	54	0.1404399323181049	0.29225352112676056	1
AbiEii_0_CAS-III	k141_3695_35	234	284	0.0006	17.1	44446	45147	k141_3695	35	0.41025641025641024	0.323943661971831	-1
AbiEii_0_CAS-III	k141_3695_56	341	284	0.0044	14.2	69709	70731	k141_3695	56	0.07917888563049853	0.08450704225352113	-1
AbiEii_0_CAS-III	k141_573_35	639	284	0.00012	19.4	43453	45369	k141_573	35	0.37245696400625977	0.6971830985915493	-1
AbiEii_0_CAS-III	k141_610_49	226	284	0.0063	13.7	56630	57307	k141_610	49	0.2920353982300885	0.22183098591549297	-1
AbiEii_0_CAS-III	k141_610_69	236	284	0.00023	18.4	77471	78178	k141_610	69	0.3771186440677966	0.29577464788732394	1
AbiEii_0_CAS-III	k141_980_100	223	284	0.018	12.2	114507	115175	k141_980	100	0.43946188340807174	0.3415492957746479	-1
AbiEii_0_CAS-III	k141_980_128	735	284	7.8e-05	20.0	141091	143295	k141_980	128	0.15374149659863945	0.3908450704225352	1
AbiEii_0_CAS-III	k141_980_30	564	284	1.6e-05	22.2	33480	35171	k141_980	30	0.2783687943262411	0.28169014084507044	1
AbiEii_1_CAS-III-A	k141_1785_136	260	335	0.0011	15.8	154655	155434	k141_1785	136	0.35384615384615387	0.2716417910447761	-1
AbiEii_1_CAS-III-A	k141_2532_214	874	335	0.022	11.5	220744	223365	k141_2532	214	0.13272311212814644	0.33432835820895523	1
AbiEii_1_CAS-III-A	k141_3616_32	417	335	0.02	11.7	34760	36010	k141_3616	32	0.20863309352517986	0.2537313432835821	-1
Cas10d_1_CAS-I-D	k141_1353_6	408	886	0.0021	13.8	3968	5191	k141_1353	6	0.11029411764705882	0.05191873589164785	1
Cas10d_1_CAS-I-D	k141_3719_35	122	886	0.0021	13.8	42190	42555	k141_3719	35	0.5573770491803278	0.07562076749435666	1
Cas10d_8_CAS-I-D	k141_2532_46	162	899	0.0086	11.8	47900	48385	k141_2532	46	0.5	0.09010011123470522	-1
Cas11b_0_CAS-I-B	k141_1785_215	551	170	0.43	8.0	230649	232301	k141_1785	215	0.23774954627949182	0.5117647058823529	1
Cas11b_2_CAS-I-B	k141_424_22	115	100	0.0063	14.2	27709	28053	k141_424	22	0.4260869565217391	0.48	1
Cas12f2_1_CAS-V-F	k141_3119_131	365	422	4.4	3.8	133624	134718	k141_3119	131	0.1589041095890411	0.08293838862559241	1
Cas12f7_0_CAS-V-F	k141_3119_131	365	566	0.14	8.5	133624	134718	k141_3119	131	0.17534246575342466	0.11130742049469965	1
Cas12m_0_V-M	k141_3119_173	167	577	5.2	2.9	178105	178605	k141_3119	173	0.4550898203592814	0.13518197573656845	-1
Cas12m_0_V-M	k141_3362_180	483	577	0.033	10.2	169333	170781	k141_3362	180	0.14906832298136646	0.12131715771230503	1
Cas2_5_CAS-I-II-III-IV-V-VI	k141_3695_196	401	116	0.037	11.9	237155	238357	k141_3695	196	0.2892768079800499	0.646551724137931	1
Cas3HD_0_CAS-I	k141_3362_156	477	203	1.5e-05	22.6	148385	149815	k141_3362	156	0.09853249475890985	0.27586206896551724	-1
Cas3HD_0_CAS-I	k141_3362_208	524	203	6.4e-09	33.5	195391	196962	k141_3362	208	0.19083969465648856	0.645320197044335	1
Cas3HD_0_CAS-I	k141_719_6	679	203	8.2e-06	23.4	5735	7771	k141_719	6	0.22827687776141384	0.729064039408867	-1
Cas3HD_1_CAS-I	k141_3362_156	477	191	1.7e-05	22.4	148385	149815	k141_3362	156	0.1509433962264151	0.3717277486910995	-1
Cas3HD_2_CAS-I	k141_3362_156	477	231	0.00015	19.0	148385	149815	k141_3362	156	0.1530398322851153	0.30735930735930733	-1
Cas3_0_CAS-I	k141_1349_53	723	353	1.7e-11	41.5	57384	59552	k141_1349	53	0.3084370677731674	0.6147308781869688	-1
Cas3_0_CAS-I	k141_1785_157	587	353	2.2e-05	21.4	173222	174982	k141_1785	157	0.3730834752981261	0.6260623229461756	-1
Cas3_0_CAS-I	k141_1785_166	828	353	0.00053	16.8	184131	186614	k141_1785	166	0.2717391304347826	0.45892351274787535	1
Cas3_0_CAS-I	k141_3719_35	122	353	0.0054	13.5	42190	42555	k141_3719	35	0.6475409836065574	0.21529745042492918	1
Cas3_0_CAS-I	k141_635_27	631	353	2.1e-07	28.0	30889	32781	k141_635	27	0.32805071315372425	0.5977337110481586	1
Cas3_0_CAS-I	k141_635_46	320	353	0.00038	17.3	49553	50512	k141_635	46	0.3125	0.2804532577903683	-1
Cas3_0_CAS-I	k141_904_40	1167	353	1.1e-10	38.7	38413	41913	k141_904	40	0.32390745501285345	0.7252124645892352	-1
Cas3_0_CAS-I	k141_904_47	821	353	5.7e-08	29.8	46477	48939	k141_904	47	0.4445797807551766	0.8923512747875354	-1
Cas3_0_CAS-I-D	k141_635_27	631	626	6.7e-05	18.8	30889	32781	k141_635	27	0.23613312202852615	0.2364217252396166	1
Cas3_0_CAS-I-D	k141_904_47	821	626	0.0033	13.3	46477	48939	k141_904	47	0.11084043848964677	0.14217252396166133	-1
Cas3_0_CAS-I-U	k141_904_47	821	843	0.018	10.5	46477	48939	k141_904	47	0.09744214372716199	0.099644128113879	-1
Cas3_0_I	k141_1349_53	723	358	1.3e-10	38.5	57384	59552	k141_1349	53	0.3029045643153527	0.6005586592178771	-1
Cas3_0_I	k141_1785_157	587	358	0.00039	17.2	173222	174982	k141_1785	157	0.3730834752981261	0.6312849162011173	-1
Cas3_0_I	k141_635_27	631	358	4.6e-07	26.8	30889	32781	k141_635	27	0.3201267828843106	0.5893854748603352	1
Cas3_0_I	k141_635_46	320	358	0.0017	15.1	49553	50512	k141_635	46	0.34375	0.3128491620111732	-1
Cas3_0_I	k141_904_40	1167	358	1.3e-08	31.9	38413	41913	k141_904	40	0.2236503856041131	0.6145251396648045	-1
Cas3_0_I	k141_904_47	821	358	2.3e-09	34.4	46477	48939	k141_904	47	0.38855054811205847	0.8770949720670391	-1
Cas3_0_ID	k141_1785_157	587	357	0.0054	13.4	173222	174982	k141_1785	157	0.10902896081771721	0.16246498599439776	-1
Cas3_0_ID	k141_3362_197	734	357	3.5e-06	23.9	186352	188553	k141_3362	197	0.21389645776566757	0.42857142857142855	1
Cas3_0_ID	k141_904_47	821	357	6.2e-06	23.1	46477	48939	k141_904	47	0.20341047503045068	0.49859943977591037	-1
Cas3_0_IU	k141_2812_241	397	864	0.0055	12.2	259510	260700	k141_2812	241	0.09571788413098237	0.04398148148148148	-1
Cas3_0_IU	k141_904_47	821	864	0.0014	14.2	46477	48939	k141_904	47	0.17783191230207065	0.1701388888888889	-1
Cas3_1_CAS-I	k141_1349_53	723	745	2.9e-06	23.5	57384	59552	k141_1349	53	0.24481327800829875	0.22550335570469798	-1
Cas3_1_CAS-I	k141_2652_26	471	745	0.019	10.9	20913	22325	k141_2652	26	0.28874734607218683	0.17852348993288591	-1
Cas3_1_CAS-I	k141_904_47	821	745	0.00027	16.9	46477	48939	k141_904	47	0.09866017052375152	0.10738255033557047	-1
Cas3_1_CAS-I-D	k141_1785_157	587	353	0.00082	16.1	173222	174982	k141_1785	157	0.12947189097103917	0.19830028328611898	-1
Cas3_1_CAS-I-D	k141_3362_197	734	353	6.6e-08	29.6	186352	188553	k141_3362	197	0.22888283378746593	0.46458923512747874	1
Cas3_1_CAS-I-D	k141_635_27	631	353	0.0023	14.6	30889	32781	k141_635	27	0.07131537242472266	0.1274787535410765	1
Cas3_1_CAS-I-D	k141_904_47	821	353	2.1e-05	21.4	46477	48939	k141_904	47	0.20341047503045068	0.49291784702549574	-1
Cas3_1_I	k141_3362_156	477	178	4.3e-07	27.7	148385	149815	k141_3362	156	0.12159329140461216	0.4157303370786517	-1
Cas3_1_I	k141_3362_208	524	178	9.2e-05	20.1	195391	196962	k141_3362	208	0.07442748091603053	0.25842696629213485	1
Cas3_1_I	k141_719_6	679	178	4.8e-06	24.3	5735	7771	k141_719	6	0.17083946980854198	0.6235955056179775	-1
Cas3_2_CAS-I	k141_1349_53	723	967	3.3e-05	19.7	57384	59552	k141_1349	53	0.13416320885200553	0.09927611168562564	-1
Cas3_2_CAS-I	k141_1785_157	587	967	6.5e-05	18.8	173222	174982	k141_1785	157	0.3270868824531516	0.19441571871768357	-1
Cas3_2_CAS-I	k141_904_47	821	967	1.7e-06	24.0	46477	48939	k141_904	47	0.25334957369062117	0.1954498448810755	-1
Cas3d_0_CAS-I-D	k141_904_47	821	639	0.0013	14.8	46477	48939	k141_904	47	0.049939098660170524	0.06416275430359937	-1
Cas4_0_CAS-I-II-III-IV-V-VI	k141_2812_7	1039	179	5.7e-06	24.2	7991	11107	k141_2812	7	0.12127045235803657	0.5363128491620112	-1
Cas4_0_CAS-I-II-III-IV-V-VI	k141_3362_130	452	179	0.017	12.9	119650	121005	k141_3362	130	0.10176991150442478	0.2569832402234637	-1
Cas4_0_I-II	k141_2812_4	911	180	0.0015	15.9	2503	5235	k141_2812	4	0.1163556531284303	0.48333333333333334	-1
Cas4_0_I-II	k141_2812_7	1039	180	1.9e-05	22.2	7991	11107	k141_2812	7	0.05389797882579403	0.3277777777777778	-1
Cas4_0_I-II-V	k141_2812_7	1039	177	7.6e-06	23.7	7991	11107	k141_2812	7	0.09913378248315688	0.4124293785310734	-1
Cas4_3_CAS-I-II-III-IV-V-VI	k141_2812_7	1039	197	0.00048	17.8	7991	11107	k141_2812	7	0.09913378248315688	0.5126903553299492	-1
Cas4_5_CAS-I-II-III-IV-V-VI	k141_2812_7	1039	161	0.0012	16.7	7991	11107	k141_2812	7	0.06256015399422522	0.38509316770186336	-1
Cas5_0_IB	k141_3362_254	203	217	0.0079	13.4	245143	245751	k141_3362	254	0.3251231527093596	0.28110599078341014	-1
Cas5_2_CAS-I-A	k141_3119_50	195	233	0.004	14.3	51853	52437	k141_3119	50	0.29743589743589743	0.24892703862660945	-1
Cas5_5_CAS-I-B	k141_3793_1	124	220	0.018	12.4	261	632	k141_3793	1	0.43548387096774194	0.24545454545454545	1
Cas5u_0_CAS-I-U	k141_3724_22	404	418	0.0016	15.1	19826	21037	k141_3724	22	0.16584158415841585	0.16028708133971292	1
Cas6_0_IE	k141_3119_158	315	208	0.023	12.6	164815	165759	k141_3119	158	0.2634920634920635	0.4230769230769231	1
Cas6_2_CAS-I-II-III-IV-V-VI	k141_610_20	424	193	0.002	15.8	24071	25342	k141_610	20	0.19811320754716982	0.45595854922279794	-1
Cas7_0_CAS-I-B	k141_2110_9	481	306	0.092	9.5	8672	10114	k141_2110	9	0.29521829521829523	0.3300653594771242	-1
Cas7b_0_CAS-I-B-I-C	k141_1860_133	257	254	0.0066	13.6	145087	145857	k141_1860	133	0.45525291828793774	0.28346456692913385	1
Cas7f_2_CAS-I-F	k141_3119_219	557	326	0.014	12.4	222811	224481	k141_3119	219	0.10412926391382406	0.17484662576687116	-1
Cas8b1_13_CAS-I-B	k141_3695_110	202	580	0.00047	16.6	139273	139878	k141_3695	110	0.3118811881188119	0.10689655172413794	-1
Cas8c_0_IC	k141_573_74	725	588	0.012	11.7	90394	92568	k141_573	74	0.18068965517241378	0.2261904761904762	-1
Cas8e_0_CAS-I-E	k141_980_1	728	470	0.0069	13.1	113	2296	k141_980	1	0.12774725274725274	0.20212765957446807	1
Cas8e_1_CAS-I-E	k141_2812_88	105	474	0.063	9.9	90081	90395	k141_2812	88	0.8476190476190476	0.20253164556962025	-1
Cas8e_4_CAS-I-E	k141_2812_88	105	465	0.052	10.1	90081	90395	k141_2812	88	0.7238095238095238	0.17204301075268819	-1
Cas8f_1_CAS-I-F	k141_610_20	424	458	0.0041	14.0	24071	25342	k141_610	20	0.22641509433962265	0.20087336244541484	-1
Cas9_1_CAS-II-C	k141_2532_161	1128	568	1.5e-05	21.6	161727	165110	k141_2532	161	0.05939716312056738	0.11619718309859155	-1
CasR_0_CAS-I-II-III-IV-V-VI	k141_1279_2	371	198	0.0046	14.2	1419	2531	k141_1279	2	0.24797843665768193	0.4444444444444444	-1
CasR_0_CAS-I-II-III-IV-V-VI	k141_1349_25	153	198	0.0011	16.3	21695	22153	k141_1349	25	0.3333333333333333	0.25757575757575757	1
CasR_0_CAS-I-II-III-IV-V-VI	k141_1631_3	154	198	2.9e-07	27.9	2904	3365	k141_1631	3	0.33766233766233766	0.26262626262626265	1
CasR_0_CAS-I-II-III-IV-V-VI	k141_1785_16	343	198	0.0057	13.9	16897	17925	k141_1785	16	0.17784256559766765	0.30808080808080807	1
CasR_0_CAS-I-II-III-IV-V-VI	k141_1785_276	110	198	0.00089	16.5	297932	298261	k141_1785	276	0.41818181818181815	0.23232323232323232	-1
CasR_0_CAS-I-II-III-IV-V-VI	k141_1860_27	253	198	2e-07	28.4	34021	34779	k141_1860	27	0.18972332015810275	0.24242424242424243	1
CasR_0_CAS-I-II-III-IV-V-VI	k141_2430_20	127	198	0.014	12.7	27853	28233	k141_2430	20	0.44881889763779526	0.2727272727272727	-1
CasR_0_CAS-I-II-III-IV-V-VI	k141_2532_158	136	198	0.0012	16.1	159577	159984	k141_2532	158	0.47058823529411764	0.30808080808080807	-1
CasR_0_CAS-I-II-III-IV-V-VI	k141_2812_119	85	198	6e-07	26.9	128050	128304	k141_2812	119	0.6705882352941176	0.29797979797979796	-1
CasR_0_CAS-I-II-III-IV-V-VI	k141_2812_203	157	198	7.1e-06	23.4	217857	218327	k141_2812	203	0.31210191082802546	0.2474747474747475	-1
CasR_0_CAS-I-II-III-IV-V-VI	k141_3362_104	151	198	0.00042	17.6	97639	98091	k141_3362	104	0.47019867549668876	0.35858585858585856	1
CasR_0_CAS-I-II-III-IV-V-VI	k141_3362_265	250	198	0.016	12.4	259746	260495	k141_3362	265	0.276	0.35353535353535354	1
CasR_0_CAS-I-II-III-IV-V-VI	k141_3362_272	47	198	0.0028	14.9	274214	274354	k141_3362	272	0.9148936170212766	0.2222222222222222	1
CasR_0_CAS-I-II-III-IV-V-VI	k141_3362_29	143	198	0.0045	14.2	26959	27387	k141_3362	29	0.34965034965034963	0.26262626262626265	1
CasR_0_CAS-I-II-III-IV-V-VI	k141_3590_3	243	198	0.0015	15.8	2716	3444	k141_3590	3	0.14814814814814814	0.18181818181818182	1
CasR_0_CAS-I-II-III-IV-V-VI	k141_3695_202	124	198	4.3e-05	20.8	244013	244384	k141_3695	202	0.4596774193548387	0.2828282828282828	1
CasR_0_CAS-I-II-III-IV-V-VI	k141_3793_2	103	198	0.0079	13.4	643	951	k141_3793	2	0.5339805825242718	0.2676767676767677	-1
CasR_0_CAS-I-II-III-IV-V-VI	k141_904_60	137	198	0.00029	18.1	59427	59837	k141_904	60	0.31386861313868614	0.22727272727272727	-1
CasR_0_CAS-I-II-III-IV-V-VI	k141_980_122	160	198	0.0021	15.3	136062	136541	k141_980	122	0.325	0.26262626262626265	1
CasR_0_CAS-I-II-III-IV-V-VI	k141_980_129	104	198	0.01	13.1	143310	143621	k141_980	129	0.375	0.17676767676767677	1
CasR_0_CAS-III-B-III-D	k141_2812_56	177	255	3.5	4.7	59636	60166	k141_2812	56	0.6101694915254238	0.27450980392156865	-1
CasR_0_CAS-III-B-III-D	k141_3119_3	222	255	0.0075	13.4	1904	2569	k141_3119	3	0.35585585585585583	0.3137254901960784	-1
CasR_0_CAS-III-B-III-D	k141_3362_29	143	255	0.15	9.1	26959	27387	k141_3362	29	0.6363636363636364	0.35294117647058826	1
CasR_1_CAS-I-II-III-IV-V-VI	k141_1279_2	371	218	0.0059	13.4	1419	2531	k141_1279	2	0.14555256064690028	0.24770642201834864	-1
CasR_1_CAS-I-II-III-IV-V-VI	k141_1349_25	153	218	0.0013	15.5	21695	22153	k141_1349	25	0.33986928104575165	0.23853211009174313	1
CasR_1_CAS-I-II-III-IV-V-VI	k141_1631_3	154	218	2.4e-07	27.7	2904	3365	k141_1631	3	0.34415584415584416	0.24311926605504589	1
CasR_1_CAS-I-II-III-IV-V-VI	k141_1785_16	343	218	0.0014	15.4	16897	17925	k141_1785	16	0.1661807580174927	0.26146788990825687	1
CasR_1_CAS-I-II-III-IV-V-VI	k141_1785_276	110	218	0.00023	18.0	297932	298261	k141_1785	276	0.4090909090909091	0.20642201834862386	-1
CasR_1_CAS-I-II-III-IV-V-VI	k141_1860_27	253	218	2.2e-08	31.1	34021	34779	k141_1860	27	0.25691699604743085	0.3073394495412844	1
CasR_1_CAS-I-II-III-IV-V-VI	k141_2430_20	127	218	0.007	13.2	27853	28233	k141_2430	20	0.33858267716535434	0.19724770642201836	-1
CasR_1_CAS-I-II-III-IV-V-VI	k141_2532_158	136	218	0.0089	12.8	159577	159984	k141_2532	158	0.40441176470588236	0.25229357798165136	-1
CasR_1_CAS-I-II-III-IV-V-VI	k141_2812_119	85	218	6.1e-08	29.7	128050	128304	k141_2812	119	0.6588235294117647	0.26605504587155965	-1
CasR_1_CAS-I-II-III-IV-V-VI	k141_2812_203	157	218	3e-06	24.2	217857	218327	k141_2812	203	0.2929936305732484	0.21100917431192662	-1
CasR_1_CAS-I-II-III-IV-V-VI	k141_3119_26	219	218	0.016	12.0	25026	25682	k141_3119	26	0.2876712328767123	0.22018348623853212	-1
CasR_1_CAS-I-II-III-IV-V-VI	k141_3362_104	151	218	0.0012	15.7	97639	98091	k141_3362	104	0.33112582781456956	0.22935779816513763	1
CasR_1_CAS-I-II-III-IV-V-VI	k141_3362_265	250	218	0.0023	14.7	259746	260495	k141_3362	265	0.284	0.3119266055045872	1
CasR_1_CAS-I-II-III-IV-V-VI	k141_3362_272	47	218	0.00044	17.1	274214	274354	k141_3362	272	0.9148936170212766	0.2018348623853211	1
CasR_1_CAS-I-II-III-IV-V-VI	k141_3590_3	243	218	0.0013	15.6	2716	3444	k141_3590	3	0.16872427983539096	0.18807339449541285	1
CasR_1_CAS-I-II-III-IV-V-VI	k141_3695_202	124	218	2.5e-05	21.2	244013	244384	k141_3695	202	0.4435483870967742	0.25229357798165136	1
CasR_1_CAS-I-II-III-IV-V-VI	k141_3695_89	152	218	0.033	11.0	117289	117744	k141_3695	89	0.2894736842105263	0.2018348623853211	-1
CasR_1_CAS-I-II-III-IV-V-VI	k141_3719_13	354	218	0.012	12.4	14962	16023	k141_3719	13	0.2711864406779661	0.44954128440366975	1
CasR_1_CAS-I-II-III-IV-V-VI	k141_3719_15	564	218	0.018	11.8	16713	18404	k141_3719	15	0.11347517730496454	0.29357798165137616	1
CasR_1_CAS-I-II-III-IV-V-VI	k141_3793_2	103	218	0.0056	13.5	643	951	k141_3793	2	0.5825242718446602	0.26605504587155965	-1
CasR_1_CAS-I-II-III-IV-V-VI	k141_904_60	137	218	4.5e-05	20.3	59427	59837	k141_904	60	0.31386861313868614	0.20642201834862386	-1
CasR_1_CAS-I-II-III-IV-V-VI	k141_980_122	160	218	0.00018	18.4	136062	136541	k141_980	122	0.33125	0.24311926605504589	1
Cmr1gr7_6_CAS-III-B-III-C	k141_573_62	407	81	0.0055	14.8	76205	77425	k141_573	62	0.18427518427518427	0.7407407407407407	-1
Cmr3gr5_5_CAS-III-B-III-C	k141_3719_34	246	335	0.0016	15.1	41431	42168	k141_3719	34	0.3821138211382114	0.22686567164179106	1
Cmr4gr7_0_CAS-III-B-III-C	k141_3571_4	211	282	0.0013	16.1	4944	5576	k141_3571	4	0.5639810426540285	0.40070921985815605	1
Cmr5_0_IIIB	k141_3695_110	202	143	0.016	13.1	139273	139878	k141_3695	110	0.39603960396039606	0.5874125874125874	-1
Cmr5gr11_1_CAS-III-B	k141_3362_61	126	137	0.011	13.1	55075	55452	k141_3362	61	0.2698412698412698	0.24817518248175183	-1
Cmr5gr11_1_CAS-III-C	k141_2532_191	170	180	0.014	12.8	194965	195474	k141_2532	191	0.5764705882352941	0.5555555555555556	-1
Cmr5gr11_6_CAS-III-B	k141_3695_193	310	145	0.028	11.9	231073	232002	k141_3695	193	0.1774193548387097	0.3793103448275862	1
Cmr7_0_IIIB	k141_1785_157	587	191	0.03	11.7	173222	174982	k141_1785	157	0.1141396933560477	0.35602094240837695	-1
Cmr7_0_IIIB	k141_2532_65	365	191	0.0053	14.1	67056	68150	k141_2532	65	0.2465753424657534	0.46596858638743455	-1
CorA_0_CAS-III-B-III-D	k141_1279_3	299	551	3.4e-06	23.7	2752	3648	k141_1279	3	0.2140468227424749	0.11978221415607986	1
CorA_0_CAS-III-B-III-D	k141_1785_64	327	551	2.6e-06	24.0	63591	64571	k141_1785	64	0.2415902140672783	0.13793103448275862	1
Csa3_1_CAS-I-II-III-IV-V-VI	k141_1678_8	139	118	0.031	12.3	8071	8487	k141_1678	8	0.5179856115107914	0.576271186440678	-1
Csa3_1_CAS-I-II-III-IV-V-VI	k141_1785_276	110	118	3.9e-12	44.2	297932	298261	k141_1785	276	0.6363636363636364	0.6440677966101694	-1
Csa3_1_CAS-I-II-III-IV-V-VI	k141_1860_27	253	118	0.00049	18.1	34021	34779	k141_1860	27	0.22134387351778656	0.4915254237288136	1
Csa3_1_CAS-I-II-III-IV-V-VI	k141_2812_119	85	118	3.3e-19	67.0	128050	128304	k141_2812	119	0.9058823529411765	0.7372881355932204	-1
Csa3_1_CAS-I-II-III-IV-V-VI	k141_3695_202	124	118	1.1e-18	65.3	244013	244384	k141_3695	202	0.6370967741935484	0.7457627118644068	1
Csa5_0_IA	k141_1785_133	182	107	0.012	13.5	152319	152864	k141_1785	133	0.29120879120879123	0.48598130841121495	-1
Csa5gr11_10_CAS-I-A	k141_1785_199	205	106	0.0055	14.6	216445	217059	k141_1785	199	0.40487804878048783	0.6320754716981132	-1
Csa5gr11_4_CAS-I-A	k141_3362_206	97	136	0.0037	14.9	194575	194865	k141_3362	206	0.7319587628865979	0.47794117647058826	1
Csf1_0_IV	k141_3719_34	246	227	0.0055	13.9	41431	42168	k141_3719	34	0.1991869918699187	0.23348017621145375	1
Csf4_1_IVA1	k141_1860_69	503	802	0.003	13.4	89470	90978	k141_1860	69	0.1073558648111332	0.06608478802992519	1
Csm3_0_IIIA	k141_3362_133	140	203	0.0075	13.8	123155	123574	k141_3362	133	0.5357142857142857	0.3645320197044335	1
Csm3gr7_10_CAS-III-A-III-D	k141_1349_64	207	228	0.034	11.2	73126	73746	k141_1349	64	0.26570048309178745	0.2675438596491228	1
Csm3gr7_12_CAS-III-A-III-D	k141_2532_50	891	199	9.4	4.1	52749	55421	k141_2532	50	0.3479236812570146	0.5979899497487438	-1
Csm5gr7_2_CAS-III-A-III-D	k141_3362_32	168	258	0.011	12.7	28458	28961	k141_3362	32	0.6607142857142857	0.44573643410852715	1
Csm6_7_CAS-III	k141_1353_43	413	373	0.0067	12.9	36212	37450	k141_1353	43	0.2566585956416465	0.26541554959785524	1
Csn2_4_CAS-II-A	k141_1785_177	183	255	0.0061	13.7	193221	193769	k141_1785	177	0.26229508196721313	0.19215686274509805	-1
Csn2_7_CAS-II-A	k141_3119_85	251	372	0.00025	17.7	84272	85024	k141_3119	85	0.3187250996015936	0.22043010752688172	-1
Csn2_7_CAS-II-A	k141_3695_35	234	372	0.0035	14.0	44446	45147	k141_3695	35	0.358974358974359	0.22580645161290322	-1
Csx10gr5_0_CAS-III-D	k141_2532_82	402	392	0.01	12.9	82150	83355	k141_2532	82	0.3283582089552239	0.3392857142857143	-1
Csx1_18_CAS-III	k141_1860_155	153	376	0.012	12.9	167196	167654	k141_1860	155	0.49673202614379086	0.2127659574468085	-1
Csx1_18_CAS-III	k141_3362_39	196	376	0.05	10.8	33327	33914	k141_3362	39	0.9387755102040817	0.5186170212765957	-1
Csx1_20_CAS-III	k141_2110_5	139	379	0.02	11.3	5582	5998	k141_2110	5	0.6546762589928058	0.21635883905013192	1
Csx3_2_CAS-I-III	k141_2032_91	565	277	0.012	12.3	94344	96038	k141_2032	91	0.1752212389380531	0.35018050541516244	-1
Csx3_2_CAS-I-III	k141_2812_174	194	277	0.0014	15.4	190974	191555	k141_2812	174	0.16494845360824742	0.11552346570397112	1
Csx3_2_CAS-I-III	k141_3362_176	348	277	0.014	12.1	166409	167452	k141_3362	176	0.10344827586206896	0.1299638989169675	-1
Csx3_2_CAS-I-III	k141_573_24	434	277	5.4e-05	20.0	29772	31073	k141_573	24	0.1175115207373272	0.11191335740072202	-1
Csx3_2_CAS-I-III	k141_635_56	457	277	0.018	11.7	59255	60625	k141_635	56	0.05908096280087528	0.09747292418772563	1
CysH_0_IVB	k141_1349_33	436	249	0.00012	19.5	31154	32461	k141_1349	33	0.11238532110091744	0.18875502008032127	1
CysH_0_IVB	k141_2532_155	303	249	1.5e-20	71.5	157472	158380	k141_2532	155	0.5445544554455446	0.6465863453815262	-1
CysH_0_IVB	k141_2532_156	208	249	6.9e-12	43.2	158498	159121	k141_2532	156	0.8173076923076923	0.6746987951807228	-1
DEDDh_0_CAS-I-II-III-IV-V-VI	k141_1785_226	443	160	1e-43	146.9	241924	243252	k141_1785	226	0.34988713318284426	0.99375	-1
DEDDh_0_CAS-I-II-III-IV-V-VI	k141_1860_57	456	160	4.3e-41	138.3	76674	78041	k141_1860	57	0.33771929824561403	0.9875	1
DEDDh_0_CAS-I-II-III-IV-V-VI	k141_3695_191	1462	160	1.9000000000000003e-28	97.2	226018	230403	k141_3695	191	0.1238030095759234	0.99375	1
DEDDh_0_CAS-I-II-III-IV-V-VI	k141_3695_80	945	160	0.00058	17.7	106488	109322	k141_3695	80	0.09841269841269841	0.5625	1
DEDDh_0_CAS-I-II-III-IV-V-VI	k141_635_37	217	160	4.7e-35	118.7	38736	39386	k141_635	37	0.7511520737327189	0.99375	1
DEDDh_0_CAS-I-II-III-IV-V-VI	k141_702_29	258	160	8.6e-37	124.4	29902	30675	k141_702	29	0.6046511627906976	0.99375	1
HEAT_CxxC_PDDEXK_0_CAS-I-C	k141_573_2	527	288	2.3e-05	21.3	1158	2738	k141_573	2	0.11385199240986717	0.21180555555555555	1
Mem_DnaJ_0_CAS-III-AM	k141_3119_73	246	284	1.3e-08	32.2	72962	73699	k141_3119	73	0.22357723577235772	0.1936619718309859	-1
Mem_DnaJ_0_CAS-III-AM	k141_3231_11	315	284	0.0056	13.6	8138	9082	k141_3231	11	0.1619047619047619	0.19718309859154928	1
PD_DExK_NucC_0_CAS-III-A	k141_3202_7	150	228	0.0028	14.8	5820	6269	k141_3202	7	0.38666666666666666	0.2543859649122807	-1
RT_0_CAS-I-II-III-IV-V-VI	k141_223_2	455	213	9.1e-11	39.4	136	1500	k141_223	2	0.32967032967032966	0.6572769953051644	-1
RT_0_CAS-I-II-III-IV-V-VI	k141_223_3	416	213	1.5e-11	41.9	1493	2740	k141_223	3	0.3557692307692308	0.6901408450704225	-1
RT_0_CAS-III-AM-III-B	k141_223_2	455	298	8.3e-05	19.2	136	1500	k141_223	2	0.37142857142857144	0.5268456375838926	-1
RT_0_CAS-III-AM-III-B	k141_223_3	416	298	4.9e-13	46.2	1493	2740	k141_223	3	0.37740384615384615	0.5100671140939598	-1
RecD_0_IVD	k141_1353_4	139	763	0.029	10.0	1962	2378	k141_1353	4	0.2446043165467626	0.04456094364351245	-1
RecD_0_IVD	k141_2032_95	478	763	1.3000000000000001e-33	113.7	98756	100189	k141_2032	95	0.6799163179916318	0.39580602883355176	1
RecD_0_IVD	k141_3719_35	122	763	0.00021	17.1	42190	42555	k141_3719	35	0.7704918032786885	0.11926605504587157	1
RecD_0_IVD	k141_635_46	320	763	0.00044	16.1	49553	50512	k141_635	46	0.275	0.11402359108781127	-1
RecD_0_IVD	k141_702_37	352	763	0.0026	13.5	35687	36742	k141_702	37	0.3210227272727273	0.14678899082568808	1
STAND_TPR_0_CAS-I-E	k141_1353_4	139	1210	0.045	9.2	1962	2378	k141_1353	4	0.3669064748201439	0.04297520661157025	-1
STAND_TPR_0_CAS-I-E	k141_980_1	728	1210	0.0066	12.0	113	2296	k141_980	1	0.13186813186813187	0.06611570247933884	1
TPR_0_CAS-III-B	k141_223_32	664	488	2.9e-17	60.1	26702	28693	k141_223	32	0.5	0.375	1
TPR_0_CAS-III-B	k141_2812_165	548	488	1.4e-14	51.3	180359	182002	k141_2812	165	0.45072992700729925	0.47950819672131145	1
TPR_0_CAS-III-B	k141_3119_66	656	488	4.5e-12	43.0	66752	68719	k141_3119	66	0.4405487804878049	0.4385245901639344	1
TPR_0_CAS-III-B	k141_3362_16	598	488	8.8e-14	48.7	13900	15693	k141_3362	16	0.6789297658862876	0.3176229508196721	1
TPR_0_CAS-III-B	k141_3362_237	254	488	0.0018	14.7	229230	229991	k141_3362	237	0.18503937007874016	0.09836065573770492	1
TPR_0_CAS-III-B	k141_3695_23	744	488	7.1e-09	32.5	29662	31893	k141_3695	23	0.3629032258064516	0.4569672131147541	-1
TPR_0_CAS-III-B	k141_635_2	684	488	5.2e-14	49.4	1979	4030	k141_635	2	0.41228070175438597	0.3975409836065574	1
TPR_0_CAS-III-B	k141_635_22	638	488	1.2e-11	41.7	25976	27889	k141_635	22	0.5	0.48155737704918034	1
TPR_1_CAS-III-A	k141_1785_62	430	462	0.00034	17.0	61598	62887	k141_1785	62	0.4558139534883721	0.4199134199134199	1
TPR_1_CAS-III-A	k141_3362_214	467	462	0.0098	12.2	202433	203833	k141_3362	214	0.33190578158458245	0.2943722943722944	-1
TPR_1_CAS-III-B	k141_2812_37	298	537	0.00028	17.4	40590	41483	k141_2812	37	0.41946308724832215	0.24767225325884543	-1
TPR_1_CAS-III-B	k141_3119_66	656	537	6.1e-06	22.8	66752	68719	k141_3119	66	0.42378048780487804	0.2756052141527002	1
TPR_1_CAS-III-B	k141_3362_16	598	537	9.7e-08	28.8	13900	15693	k141_3362	16	0.47157190635451507	0.329608938547486	1
TniQ_1_I-F	k141_3119_131	365	400	0.00028	17.6	133624	134718	k141_3119	131	0.3863013698630137	0.29	1
TniQ_1_I-F	k141_702_61	135	400	0.012	12.3	59811	60215	k141_702	61	0.5185185185185185	0.175	-1
Toprim_0_CAS-III-C	k141_3119_34	191	236	0.017	12.6	31269	31841	k141_3119	34	0.5078534031413613	0.3940677966101695	1
Unk_02_0_CAS-III-A-III-B	k141_3720_88	101	261	0.0015	15.5	83038	83340	k141_3720	88	0.5346534653465347	0.20689655172413793	1
WYL_0_CAS-I-II-III-IV-V-VI	k141_1785_16	343	313	3.8999999999999997e-63	211.4	16897	17925	k141_1785	16	0.8950437317784257	0.9648562300319489	1
WYL_0_CAS-I-II-III-IV-V-VI	k141_3362_265	250	313	0.00053	17.2	259746	260495	k141_3362	265	0.164	0.13099041533546327	1
WYL_0_CAS-I-II-III-IV-V-VI	k141_980_129	104	313	1.2e-05	22.6	143310	143621	k141_980	129	0.4519230769230769	0.1501597444089457	1
WYL_3_CAS-I-II-III-IV-V-VI	k141_1785_16	343	172	3.2000000000000003e-28	96.6	16897	17925	k141_1785	16	0.5714285714285714	0.9767441860465116	1
htpX_0_CAS-III-B	k141_2532_6	255	343	0.0056	13.5	5201	5965	k141_2532	6	0.15294117647058825	0.12536443148688048	1
htpX_0_CAS-III-B	k141_2812_53	125	343	0.00049	16.9	57915	58289	k141_2812	53	0.504	0.17784256559766765	-1
htpX_0_CAS-III-B	k141_3362_223	411	343	1.9e-05	21.6	214166	215398	k141_3362	223	0.15085158150851583	0.1836734693877551	-1
tm_4_0_CAS-VI-B	k141_2812_102	146	225	0.0011	16.8	109344	109781	k141_2812	102	0.7465753424657534	0.4622222222222222	1
