Contig	Start	End	Strand	Pos
k63_321476	19	1239	1	1
k63_321476	1236	2282	1	2
k63_321476	2329	3291	1	3
k63_321476	3291	3773	1	4
k63_321476	3770	5203	1	5
k63_1285684	2	97	-1	1
k63_1285684	146	982	-1	2
k63_1285684	979	1473	-1	3
k63_1285684	1475	2371	-1	4
k63_1285684	2368	3765	-1	5
k63_1285684	3762	4952	-1	6
k63_1285684	4968	5345	-1	7
k63_1285684	5397	5846	-1	8
k63_1285684	5988	7166	1	9
k63_536569	3	197	1	1
k63_536569	227	646	1	2
k63_536569	576	1388	-1	3
k63_536569	1385	2632	-1	4
k63_536569	2752	3315	1	5
k63_964668	2	253	1	1
k63_964668	250	1710	1	2
k63_964668	1827	2990	1	3
k63_964668	3130	4695	1	4
k63_964668	4692	5864	1	5
k63_964668	5861	7126	1	6
k63_964668	7142	7993	1	7
k63_964668	8134	9357	1	8
k63_964668	9719	10117	-1	9
k63_964668	10114	10428	-1	10
k63_964668	10617	12626	-1	11
k63_964668	12668	12991	-1	12
k63_964668	13357	14676	1	13
k63_964668	14686	15792	1	14
k63_964668	15839	18805	1	15
k63_964668	18862	19437	1	16
k63_964668	19462	20307	-1	17
k63_964668	20346	21320	-1	18
k63_964668	21388	23919	1	19
k63_964668	23903	24517	-1	20
k63_964668	24517	24651	-1	21
k63_215019	1	837	1	1
k63_215019	806	1333	-1	2
k63_215019	1412	1882	-1	3
k63_215019	2125	3057	1	4
k63_215019	3183	3476	1	5
k63_215019	3427	3618	-1	6
k63_1072398	2	688	1	1
k63_1072398	896	1294	-1	2
k63_1072398	1538	2590	1	3
k63_1072398	2771	4186	1	4
k63_1072398	4274	5125	1	5
k63_1072398	5153	5659	1	6
k63_322540	1	1203	1	1
k63_322540	1203	2825	1	2
k63_322540	2803	3498	-1	3
k63_322540	3563	3742	-1	4
k63_322668	28	795	-1	1
k63_322668	792	1673	-1	2
k63_322668	1673	2707	-1	3
k63_1287000	113	883	-1	1
k63_1287000	876	1664	-1	2
k63_1287000	1927	2169	1	3
k63_1287000	2373	2705	-1	4
k63_1750	2	1756	-1	1
k63_1180217	3	260	-1	1
k63_1180217	322	2403	-1	2
k63_1180217	2444	2914	-1	3
k63_1180217	2917	3288	-1	4
k63_1180217	3428	7330	-1	5
k63_1180217	7362	10949	-1	6
k63_1180217	11219	12196	-1	7
k63_1180217	12197	12592	-1	8
k63_1180217	12594	13295	-1	9
k63_1180217	13537	14235	-1	10
k63_1180217	14334	14762	-1	11
k63_1180217	14900	15715	-1	12
k63_1180217	15722	16021	-1	13
k63_1180217	16207	16572	-1	14
k63_1180217	16562	17218	-1	15
k63_1180217	17562	18737	1	16
k63_1180217	18719	20161	-1	17
k63_1180217	20216	21028	-1	18
k63_1180217	21160	22098	-1	19
k63_1180217	22144	23256	-1	20
k63_1180217	23376	24059	-1	21
k63_430234	56	1759	1	1
k63_430234	1809	2093	1	2
k63_430234	2090	2509	1	3
k63_430234	2581	2781	-1	4
k63_430234	2985	3953	1	5
k63_430234	4001	4264	-1	6
k63_430234	4389	4706	1	7
k63_1180439	2	850	-1	1
k63_1180439	916	1371	-1	2
k63_1180439	1658	2998	1	3
k63_1180439	2911	3078	-1	4
k63_1180439	3139	4275	1	5
k63_1180439	4272	6149	1	6
k63_1180439	6146	6937	1	7
k63_1180439	6934	7668	1	8
k63_1180439	7679	8512	-1	9
k63_1180439	8484	9488	-1	10
k63_1180439	9494	9997	-1	11
k63_430661	1	396	1	1
k63_430661	458	823	1	2
k63_430661	814	1314	1	3
k63_430661	1292	2035	1	4
k63_430661	2032	3213	1	5
k63_430661	3210	4247	1	6
k63_430661	4262	4801	1	7
k63_430661	4798	5328	1	8
k63_430661	5342	5641	1	9
k63_430661	5645	8026	1	10
k63_430661	8045	8338	1	11
k63_1502181	1	1173	-1	1
k63_1502181	1170	1727	-1	2
k63_323645	1	2253	1	1
k63_323645	2250	2966	1	2
k63_752182	1	177	1	1
k63_752182	187	795	1	2
k63_752182	792	2105	1	3
k63_752182	2184	2831	1	4
k63_752182	3385	3876	1	5
k63_752182	3960	4670	1	6
k63_752182	4850	5077	-1	7
k63_752182	5218	6486	1	8
k63_752182	6511	6690	-1	9
k63_752182	6705	6935	-1	10
k63_430859	115	519	-1	1
k63_430859	669	860	1	2
k63_430859	1048	1215	1	3
k63_430859	1306	2268	-1	4
k63_430859	2249	2788	-1	5
k63_430859	2785	4161	-1	6
k63_430859	4375	5310	-1	7
k63_430859	5355	5876	1	8
k63_430859	6040	7380	1	9
k63_430859	7377	7988	1	10
k63_430859	8088	8330	-1	11
k63_430859	8338	8610	-1	12
k63_430859	8931	9038	1	13
k63_430859	9163	10632	1	14
k63_216381	3	467	1	1
k63_216381	547	2442	1	2
k63_1073696	68	1228	-1	1
k63_1073696	1301	1813	-1	2
k63_1073696	1832	1999	-1	3
k63_1073696	2094	2180	1	4
k63_1288047	1	258	-1	1
k63_1288047	320	1036	1	2
k63_1288047	1052	1927	-1	3
k63_1288047	2192	2860	1	4
k63_1288047	2954	3109	-1	5
k63_1502421	1	93	1	1
k63_1502421	201	533	1	2
k63_1502421	774	968	-1	3
k63_1502421	1094	1861	-1	4
k63_1502421	1877	2305	-1	5
k63_1502421	2435	2731	1	6
k63_1502421	2714	2875	-1	7
k63_1073734	1	1155	1	1
k63_1073734	1158	2669	1	2
k63_1073734	2709	3797	1	3
k63_1073734	3833	4042	1	4
k63_646098	122	358	1	1
k63_646098	355	735	1	2
k63_646098	802	1482	-1	3
k63_646098	1686	2588	1	4
k63_646098	2602	3009	-1	5
k63_1502696	1	1536	1	1
k63_1502696	1537	1827	-1	2
k63_646291	196	1080	1	1
k63_646291	1088	1663	1	2
k63_1074086	2	1819	-1	1
k63_1074086	1900	2220	1	2
k63_1074086	2383	3006	1	3
k63_1074086	2979	4004	-1	4
k63_1074086	4001	5092	-1	5
k63_1074086	5110	5409	-1	6
k63_1074086	5616	6407	1	7
k63_646539	47	187	1	1
k63_646539	298	957	-1	2
k63_646539	1513	2628	1	3
k63_1288658	3	302	1	1
k63_1288658	295	999	1	2
k63_1288658	983	2236	1	3
k63_1288658	2546	3364	-1	4
k63_752944	1	1128	1	1
k63_752944	1207	2049	1	2
k63_752944	2069	2710	-1	3
k63_1182112	3	131	1	1
k63_1182112	166	1203	-1	2
k63_1182112	1405	3819	1	3
k63_1182112	4038	5189	1	4
k63_1182112	5227	6138	1	5
k63_1182112	6135	6428	1	6
k63_1503787	1	294	-1	1
k63_1503787	483	1559	1	2
k63_1503787	1622	2659	-1	3
k63_1503787	2764	4392	1	4
k63_110331	1	204	1	1
k63_110331	204	1010	1	2
k63_110331	1219	1677	1	3
k63_647265	79	1725	-1	1
k63_647265	1753	2082	-1	2
k63_647265	2476	2775	1	3
k63_647265	2866	2991	1	4
k63_1075000	2	619	1	1
k63_1075000	687	1391	-1	2
k63_1075000	1394	1639	-1	3
k63_1075000	1750	2274	-1	4
k63_1075000	2445	3455	1	5
k63_1075000	3443	4789	-1	6
k63_1075000	4797	5138	-1	7
k63_647372	1	156	1	1
k63_647372	237	605	-1	2
k63_647372	608	847	-1	3
k63_647372	1001	2059	-1	4
k63_647372	2111	3250	-1	5
k63_647372	3400	4191	-1	6
k63_647372	4250	4933	-1	7
k63_647372	4957	6129	-1	8
k63_647372	6290	7495	-1	9
k63_647372	7492	7758	-1	10
k63_647372	7762	7887	-1	11
k63_647372	7979	9079	1	12
k63_647372	9237	11015	1	13
k63_647396	3	134	-1	1
k63_647396	131	676	-1	2
k63_647396	673	870	-1	3
k63_647396	867	1619	-1	4
k63_647396	1635	2303	-1	5
k63_647396	2303	2998	-1	6
k63_647396	3094	3696	1	7
k63_647396	3787	4512	1	8
k63_647396	4537	5733	-1	9
k63_647396	5768	6532	1	10
k63_647396	6542	6763	1	11
k63_647396	6770	7042	1	12
k63_647396	7039	7551	-1	13
k63_647396	7640	8002	1	14
k63_647396	8050	9123	-1	15
k63_647396	9309	10262	-1	16
k63_540214	1	855	1	1
k63_540214	981	1454	-1	2
k63_1396735	3	1235	1	1
k63_1396735	1314	1910	-1	2
k63_1396735	1942	3036	-1	3
k63_1396735	3053	4591	-1	4
k63_1396735	4588	5328	-1	5
k63_1396735	5432	6544	1	6
k63_1396735	6602	7246	1	7
k63_325445	3	323	-1	1
k63_325445	320	871	-1	2
k63_325445	908	1765	-1	3
k63_325445	1821	2699	-1	4
k63_325445	2703	3776	-1	5
k63_325445	4169	5281	-1	6
k63_325445	5278	5742	-1	7
k63_217906	1	615	1	1
k63_217906	707	1459	1	2
k63_217906	1456	2421	1	3
k63_540565	1	315	1	1
k63_540565	777	1400	-1	2
k63_540565	1619	2479	1	3
k63_540565	2479	2862	1	4
k63_540565	2973	3806	-1	5
k63_540565	3866	4450	-1	6
k63_540565	4508	5485	1	7
k63_110924	2	1573	1	1
k63_1075468	2	1585	1	1
k63_1075468	1497	1760	-1	2
k63_648366	2	541	-1	1
k63_648366	730	1674	1	2
k63_648372	3	401	-1	1
k63_648372	465	1844	-1	2
k63_648372	1905	2783	-1	3
k63_648372	2837	3865	1	4
k63_648372	3881	4696	-1	5
k63_648372	4755	5747	1	6
k63_326117	1	168	1	1
k63_326117	245	3421	1	2
k63_326117	3347	3550	-1	3
k63_326117	3853	4155	1	4
k63_969137	1	612	1	1
k63_969137	630	1283	1	2
k63_969137	1228	2016	1	3
k63_969137	2128	3171	1	4
k63_969137	3176	4492	1	5
k63_969137	4524	5174	1	6
k63_969137	5186	5911	1	7
k63_969137	6079	8970	1	8
k63_969137	8964	9809	-1	9
k63_969137	9806	9943	-1	10
k63_862098	3	2330	-1	1
k63_862098	2327	3490	-1	2
k63_862098	3492	4529	-1	3
k63_862098	4564	5454	1	4
k63_862098	5465	5740	1	5
k63_862098	5750	6256	1	6
k63_862098	6463	6906	1	7
k63_862098	7089	7544	1	8
k63_862098	7583	8539	1	9
k63_862098	8539	8988	1	10
k63_862098	8985	10871	1	11
k63_862098	10868	12274	1	12
k63_862098	12271	13305	1	13
k63_862098	13302	14642	1	14
k63_862098	14639	15814	1	15
k63_862098	15811	17004	1	16
k63_862098	17001	18383	1	17
k63_862098	18380	19366	1	18
k63_862098	19363	20175	1	19
k63_862098	20327	21430	1	20
k63_862098	21443	22141	1	21
k63_862098	22138	22797	1	22
k63_862098	22910	23506	1	23
k63_862098	23635	24741	1	24
k63_218702	3	449	-1	1
k63_218702	446	1615	-1	2
k63_218702	1612	2073	-1	3
k63_218702	2234	3199	-1	4
k63_218702	3196	4008	-1	5
k63_218702	4005	6854	-1	6
k63_218702	6888	8150	-1	7
k63_218702	8183	8578	-1	8
k63_218702	8774	9340	-1	9
k63_218702	9379	10047	-1	10
k63_218702	10165	13731	-1	11
k63_218702	13887	14399	-1	12
k63_218702	14430	15566	-1	13
k63_218702	15580	16026	1	14
k63_218702	16023	16952	-1	15
k63_218702	17067	17588	-1	16
k63_1397651	1	381	-1	1
k63_1397651	431	853	1	2
k63_1397651	858	2396	1	3
k63_1397651	2400	3242	1	4
k63_1397651	3308	3613	1	5
k63_1397651	3683	4354	1	6
k63_1397651	4375	5532	1	7
k63_1397651	5529	6311	1	8
k63_1397651	6330	7493	1	9
k63_1397835	1	615	1	1
k63_1397835	635	1096	-1	2
k63_1397835	1884	2324	1	3
k63_1397835	2334	2429	1	4
k63_1397835	2396	2551	1	5
k63_1397835	2572	4758	1	6
k63_1397835	5257	5943	1	7
k63_1397835	6161	6346	1	8
k63_1397835	6408	6743	1	9
k63_1397835	6743	6949	1	10
k63_1397932	1	186	1	1
k63_1397932	234	1304	1	2
k63_1397932	1718	4867	1	3
k63_1397932	5094	5594	-1	4
k63_1397932	5594	5716	-1	5
k63_1505260	358	2835	1	1
k63_1505260	2848	3060	1	2
k63_1505260	3095	3220	1	3
k63_326848	1	72	1	1
k63_326848	170	412	1	2
k63_326848	325	1290	-1	3
k63_326848	1398	1748	1	4
k63_326848	1962	2165	1	5
k63_112337	1	771	-1	1
k63_112337	1091	2020	1	2
k63_112337	2037	3227	-1	3
k63_112337	3220	3990	-1	4
k63_112337	4031	5197	1	5
k63_112337	5223	5936	-1	6
k63_112337	5933	6793	-1	7
k63_112337	6828	7484	-1	8
k63_112359	3	266	-1	1
k63_112359	407	643	1	2
k63_112359	664	1047	1	3
k63_112359	1463	3700	1	4
k63_112359	3697	5007	1	5
k63_1076330	3	743	1	1
k63_1076330	733	1470	1	2
k63_1076330	1514	2608	-1	3
k63_1076330	2742	3680	1	4
k63_1076330	3785	4957	1	5
k63_1076330	4957	5841	1	6
k63_1076330	5868	7730	-1	7
k63_649297	435	1280	1	1
k63_649297	1277	2137	1	2
k63_649297	2134	2805	1	3
k63_649297	2802	3566	1	4
k63_649297	3620	4414	-1	5
k63_649297	4590	4970	-1	6
k63_219729	2	982	1	1
k63_219729	979	1545	1	2
k63_219729	1581	2693	1	3
k63_219729	2717	3097	1	4
k63_219729	3194	4198	-1	5
k63_219729	4309	5502	1	6
k63_219729	5499	6746	1	7
k63_219729	6767	7471	1	8
k63_1076690	102	1607	1	1
k63_1076690	1671	2375	1	2
k63_434061	3	1001	-1	1
k63_434061	1001	2554	-1	2
k63_434061	2671	3657	1	3
k63_327485	1	465	1	1
k63_327485	462	1430	-1	2
k63_327485	1592	4138	1	3
k63_327485	4138	5283	1	4
k63_113256	3	698	-1	1
k63_113256	707	1774	-1	2
k63_113256	1834	1986	-1	3
k63_1185192	3	275	1	1
k63_1185192	314	1696	-1	2
k63_1185192	1751	2227	-1	3
k63_1185192	2232	2474	-1	4
k63_113462	272	445	1	1
k63_113462	603	827	-1	2
k63_113462	827	1126	-1	3
k63_113462	1548	2087	1	4
k63_113462	2153	3130	1	5
k63_113462	3164	4666	-1	6
k63_1185414	177	1076	1	1
k63_1185414	1421	1765	1	2
k63_328150	2	535	1	1
k63_328150	561	1562	1	2
k63_328150	1564	2526	1	3
k63_1185767	1	912	-1	1
k63_1185767	963	2186	-1	2
k63_1185767	2235	3332	-1	3
k63_1185767	3403	4083	-1	4
k63_113966	1	1206	1	1
k63_113966	1255	2553	1	2
k63_113966	2577	3758	-1	3
k63_113966	3760	4950	-1	4
k63_113966	5028	5363	-1	5
k63_543556	3	365	-1	1
k63_543556	390	2084	-1	2
k63_757552	3	467	1	1
k63_757552	472	1887	1	2
k63_971623	1	489	1	1
k63_971623	762	1250	1	2
k63_971623	1257	2099	-1	3
k63_971623	2214	4118	-1	4
k63_865057	478	942	-1	1
k63_865057	1024	1266	-1	2
k63_865057	1253	1567	-1	3
k63_1507550	2	112	-1	1
k63_1507550	116	577	-1	2
k63_1507550	581	1198	-1	3
k63_1507550	1277	3016	1	4
k63_1507550	3066	4163	1	5
k63_1507550	4211	4453	1	6
k63_1507550	4457	4837	1	7
k63_1507550	4921	5448	1	8
k63_1507550	5479	6024	-1	9
k63_1507550	6039	6458	-1	10
k63_1507550	6455	6733	-1	11
k63_1078475	14	241	-1	1
k63_1078475	341	577	1	2
k63_1078475	585	746	1	3
k63_1078475	824	1636	1	4
k63_1078475	1698	2435	1	5
k63_1078475	2625	3245	1	6
k63_1078475	3308	4117	1	7
k63_1078475	4213	4893	1	8
k63_1078497	1	1077	-1	1
k63_1078497	1079	2125	-1	2
k63_758374	3	638	-1	1
k63_758374	635	964	-1	2
k63_758374	1068	1313	-1	3
k63_758374	1401	2045	-1	4
k63_758374	2276	2605	1	5
k63_758374	2598	2768	1	6
k63_758374	2847	3581	-1	7
k63_1293460	3	812	1	1
k63_1293460	930	2162	-1	2
k63_329720	3	2687	-1	1
k63_114944	2	748	-1	1
k63_114944	896	1825	-1	2
k63_114944	1831	2193	-1	3
k63_114944	2209	2829	-1	4
k63_114944	2832	4946	-1	5
k63_114944	4948	6189	-1	6
k63_114944	6182	6982	-1	7
k63_114944	6990	7577	-1	8
k63_114944	7577	8272	-1	9
k63_1186882	2	520	1	1
k63_1186882	517	1080	1	2
k63_1186882	1084	2055	1	3
k63_1186882	2066	2599	1	4
k63_1186882	2630	3613	-1	5
k63_1186882	3649	3909	1	6
k63_114981	1	204	-1	1
k63_114981	197	1582	-1	2
k63_544703	1	4797	-1	1
k63_865722	1	1338	1	1
k63_865722	1359	2171	-1	2
k63_865722	2168	3481	-1	3
k63_865722	3610	4080	1	4
k63_865722	4082	6406	-1	5
k63_330055	54	1556	-1	1
k63_330055	1553	1711	-1	2
k63_972678	24	776	-1	1
k63_972678	815	2002	-1	2
k63_972678	2157	3326	-1	3
k63_972678	3333	3821	-1	4
k63_972678	4164	4880	1	5
k63_972678	4988	5494	1	6
k63_972678	5614	6453	-1	7
k63_972678	6692	7888	-1	8
k63_972678	8140	9354	1	9
k63_972678	9559	10038	-1	10
k63_972678	10165	11001	-1	11
k63_330518	3	1559	-1	1
k63_330518	1660	2211	-1	2
k63_330518	2350	3048	1	3
k63_330518	3045	3656	1	4
k63_759083	1	489	-1	1
k63_759083	486	1925	-1	2
k63_759308	1	81	-1	1
k63_759308	140	1546	1	2
k63_759308	1635	1922	1	3
k63_759308	1938	2948	1	4
k63_759308	2985	4565	-1	5
k63_759308	4633	6948	-1	6
k63_759308	7054	7650	1	7
k63_759308	7715	8554	1	8
k63_759308	8564	9319	1	9
k63_759308	9323	9778	1	10
k63_759308	9778	10335	1	11
k63_759308	10356	11540	-1	12
k63_759308	11622	12761	1	13
k63_759308	12794	14749	-1	14
k63_759308	14818	16404	-1	15
k63_759308	16674	18488	1	16
k63_759308	18485	18949	-1	17
k63_759308	19890	20267	-1	18
k63_759308	20242	21075	-1	19
k63_330811	2	520	1	1
k63_330811	517	1659	1	2
k63_9077	480	938	1	1
k63_9077	1090	2199	1	2
k63_9077	2213	2422	1	3
k63_9077	2422	3126	1	4
k63_9077	3319	5169	-1	5
k63_9077	5418	5738	-1	6
k63_9077	5748	5954	-1	7
k63_9077	6028	6363	-1	8
k63_9077	6404	7423	-1	9
k63_9077	7502	8533	-1	10
k63_9077	8833	9267	1	11
k63_9077	9670	11556	-1	12
k63_9077	11577	12344	-1	13
k63_9077	12568	13332	-1	14
k63_9077	13422	14210	-1	15
k63_9077	14440	15297	-1	16
k63_9077	15306	16337	-1	17
k63_9077	16411	16887	1	18
k63_9077	17012	18052	1	19
k63_9077	18068	18886	1	20
k63_9077	18846	19262	-1	21
k63_436366	4	537	-1	1
k63_436366	568	1599	-1	2
k63_436366	1592	2116	-1	3
k63_436366	2126	3205	-1	4
k63_436366	3206	4051	-1	5
k63_436366	4306	4872	-1	6
k63_436366	4985	5815	1	7
k63_436366	5873	6421	-1	8
k63_330958	3	2504	-1	1
k63_330958	2979	3848	1	2
k63_222546	3	1442	-1	1
k63_222546	2838	3698	-1	2
k63_222546	3828	4658	-1	3
k63_222546	4655	6193	-1	4
k63_222546	6186	6650	-1	5
k63_222546	6610	9210	-1	6
k63_222546	9268	9561	-1	7
k63_222546	9558	9998	-1	8
k63_222546	10198	11448	1	9
k63_1294733	3	95	-1	1
k63_1294733	97	348	-1	2
k63_1294733	483	1598	1	3
k63_1294733	1595	2182	1	4
k63_1294733	2284	3105	1	5
k63_1294733	3083	3274	1	6
k63_331370	3	95	1	1
k63_331370	174	1016	1	2
k63_331370	1001	2188	1	3
k63_331370	2204	2779	-1	4
k63_331370	2909	5398	1	5
k63_331370	5470	6759	1	6
k63_331370	6759	8180	1	7
k63_331370	8219	8680	-1	8
k63_331370	8770	10194	1	9
k63_331370	10215	10685	1	10
k63_331370	10773	12338	1	11
k63_331370	12743	13945	-1	12
k63_331370	14516	14875	1	13
k63_331370	14872	16011	-1	14
k63_9633	2	646	1	1
k63_9633	812	1174	1	2
k63_9633	1196	2176	1	3
k63_9633	2173	3030	1	4
k63_9633	3051	3509	-1	5
k63_9633	3506	3793	-1	6
k63_9633	3790	4794	-1	7
k63_9633	4903	5565	1	8
k63_1509377	2	1042	1	1
k63_1509377	1018	1689	1	2
k63_1509377	1772	2077	1	3
k63_867307	1	1701	1	1
k63_867307	1701	2210	1	2
k63_1402400	2	79	1	1
k63_1402400	207	1754	1	2
k63_1402400	1751	3145	1	3
k63_437140	1	1431	-1	1
k63_437140	1373	1972	-1	2
k63_760558	2	70	1	1
k63_760558	285	1505	1	2
k63_760558	1502	3232	1	3
k63_760558	3225	5936	1	4
k63_1295398	3	206	1	1
k63_1295398	312	581	1	2
k63_1295398	578	856	1	3
k63_1295398	956	1297	-1	4
k63_1295398	1364	1729	-1	5
k63_546880	130	405	1	1
k63_546880	434	1114	1	2
k63_546880	1124	2536	1	3
k63_546880	2533	3177	1	4
k63_546880	3212	4240	-1	5
k63_546880	4274	5755	1	6
k63_546880	5775	6953	-1	7
k63_546880	6963	7202	-1	8
k63_546880	7233	7685	-1	9
k63_546880	7697	8149	-1	10
k63_546880	8146	9276	-1	11
k63_546880	9286	10395	-1	12
k63_546880	10456	10731	-1	13
k63_546880	10780	11313	1	14
k63_546880	11307	12908	1	15
k63_546880	12967	14742	1	16
k63_546880	14763	15911	-1	17
k63_546880	15925	16281	1	18
k63_546880	16316	17506	1	19
k63_546880	17981	18241	-1	20
k63_546880	18449	18937	-1	21
k63_546880	18939	19649	-1	22
k63_654367	3	77	-1	1
k63_654367	287	1687	1	2
k63_654367	1691	2320	1	3
k63_547154	1	237	-1	1
k63_547154	286	2082	-1	2
k63_547154	2091	3569	-1	3
k63_547154	3639	5069	-1	4
k63_547154	5090	5182	-1	5
k63_547154	5287	5490	1	6
k63_547154	5641	5790	1	7
k63_547154	5816	6052	-1	8
k63_547154	6158	7060	1	9
k63_547154	7069	8196	-1	10
k63_547154	8197	10914	1	11
k63_547154	10907	11503	1	12
k63_547154	11507	12277	-1	13
k63_547154	12297	12488	-1	14
k63_547154	12848	13291	-1	15
k63_547154	13318	13992	-1	16
k63_1081694	2	901	-1	1
k63_1081694	1022	1663	1	2
k63_1081694	1739	2167	1	3
k63_1081694	2251	2823	-1	4
k63_1081694	2966	3472	1	5
k63_1403608	1	153	-1	1
k63_1403608	291	554	-1	2
k63_1403608	551	883	-1	3
k63_1403608	1168	2001	-1	4
k63_118283	3	107	1	1
k63_118283	144	275	-1	2
k63_118283	304	564	-1	3
k63_118283	551	835	-1	4
k63_118283	884	1504	-1	5
k63_118283	2168	3154	-1	6
k63_118283	3183	4070	-1	7
k63_118283	4083	5195	-1	8
k63_118283	5298	5519	-1	9
k63_868477	44	1423	1	1
k63_868477	1433	1687	-1	2
k63_1404057	1	264	-1	1
k63_1404057	305	613	1	2
k63_1404057	662	1762	1	3
k63_1404057	1776	2264	1	4
k63_1404057	2535	3266	-1	5
k63_1404057	3343	4143	-1	6
k63_1404057	4143	4967	-1	7
k63_1296799	3	737	-1	1
k63_1296799	774	1325	-1	2
k63_1296799	1376	2269	-1	3
k63_1296799	2351	3514	-1	4
k63_1296799	3514	4242	-1	5
k63_1296799	4345	5415	-1	6
k63_1296799	5415	6323	-1	7
k63_1296799	6326	7021	-1	8
k63_1296799	7243	7857	1	9
k63_868730	1	666	-1	1
k63_868730	988	1395	1	2
k63_868730	1405	1947	-1	3
k63_868730	2119	2565	1	4
k63_868730	2599	2997	1	5
k63_868730	3062	3880	1	6
k63_868730	3964	5391	1	7
k63_868730	5430	5912	-1	8
k63_868730	5876	6478	-1	9
k63_868730	6479	6856	-1	10
k63_868730	7073	7969	1	11
k63_868730	7997	8755	1	12
k63_868730	8795	9256	1	13
k63_868730	9429	9662	1	14
k63_868730	9673	9999	1	15
k63_868730	10000	10218	-1	16
k63_868730	10304	10921	1	17
k63_868730	11006	12412	-1	18
k63_868730	12527	12847	1	19
k63_868730	12913	13530	-1	20
k63_868730	13577	16003	1	21
k63_868730	15993	17432	1	22
k63_762105	40	3099	-1	1
k63_762105	3305	3514	1	2
k63_762105	3471	3947	-1	3
k63_762105	3995	7477	-1	4
k63_762105	7610	7807	-1	5
k63_438741	106	753	1	1
k63_438741	780	2333	1	2
k63_438741	2330	2539	-1	3
k63_438741	2540	3898	-1	4
k63_438741	4097	4543	-1	5
k63_438741	4540	5004	-1	6
k63_438741	5083	5562	-1	7
k63_438741	5587	5928	-1	8
k63_438741	6154	7002	-1	9
k63_438741	7125	7541	-1	10
k63_438741	7604	8239	1	11
k63_438741	8283	9560	-1	12
k63_438741	9614	9982	1	13
k63_333776	2	997	1	1
k63_333776	1111	1326	1	2
k63_333776	1323	1754	1	3
k63_333776	1769	1906	1	4
k63_438816	3	1091	-1	1
k63_438816	1116	2738	1	2
k63_438816	2792	3154	1	3
k63_438816	3159	3353	1	4
k63_438816	3365	4042	-1	5
k63_438816	4089	5195	-1	6
k63_1297193	2	1438	1	1
k63_1297193	1443	3008	1	2
k63_438871	1	393	1	1
k63_438871	577	1203	1	2
k63_438871	1383	1949	1	3
k63_438871	2046	3167	1	4
k63_334195	2	424	1	1
k63_334195	376	1122	-1	2
k63_334195	1268	1396	1	3
k63_334195	1412	1759	-1	4
k63_548954	1	1848	-1	1
k63_548962	2	241	1	1
k63_548962	238	432	1	2
k63_548962	606	1835	-1	3
k63_548962	1893	2321	-1	4
k63_548962	2378	2770	-1	5
k63_548962	2767	3159	-1	6
k63_1083795	3	722	1	1
k63_1083795	719	2011	1	2
k63_1083795	2035	2880	1	3
k63_1083795	2854	4647	-1	4
k63_1083795	4723	5907	1	5
k63_1083795	5904	7184	1	6
k63_1083795	7218	8792	-1	7
k63_1083795	8789	10849	-1	8
k63_1083795	10857	11756	-1	9
k63_1083795	11749	12099	-1	10
k63_1083795	12096	12764	-1	11
k63_1083795	12761	13531	-1	12
k63_1083795	13693	15579	1	13
k63_1191823	3	1358	1	1
k63_1191823	1428	1658	1	2
k63_1191823	2111	2185	-1	3
k63_549433	2	763	1	1
k63_549433	826	1740	1	2
k63_1405589	190	1347	-1	1
k63_1405589	1349	2449	-1	2
k63_1405589	2449	3459	-1	3
k63_1405589	3532	5268	-1	4
k63_1405589	5317	5409	-1	5
k63_977453	122	1387	-1	1
k63_977453	1500	2858	-1	2
k63_977453	2855	3787	-1	3
k63_977453	3897	5309	1	4
k63_977453	5306	6949	1	5
k63_977453	6992	7285	-1	6
k63_1405704	1	312	1	1
k63_1405704	309	2405	1	2
k63_870632	3	83	-1	1
k63_870632	207	2906	-1	2
k63_1512605	3	1421	-1	1
k63_1512605	1432	1740	-1	2
k63_1512605	1778	2797	-1	3
k63_1512605	3011	4333	1	4
k63_1512605	4411	5883	-1	5
k63_1512605	6150	7160	-1	6
k63_1512605	7160	8251	-1	7
k63_1512605	8256	8864	-1	8
k63_1512605	8861	9412	-1	9
k63_1084482	242	991	1	1
k63_1084482	1308	2411	1	2
k63_1084482	2446	2754	-1	3
k63_1084482	2736	3581	-1	4
k63_871034	1	411	-1	1
k63_871034	408	827	-1	2
k63_871034	889	1740	-1	3
k63_871034	1819	3525	-1	4
k63_871034	3598	6303	-1	5
k63_120569	1	987	1	1
k63_120569	1025	1768	1	2
k63_120569	1814	3418	-1	3
k63_1084848	3	503	-1	1
k63_1084848	490	1284	-1	2
k63_1298882	1	141	-1	1
k63_1298882	178	1281	-1	2
k63_1298882	1300	2061	-1	3
k63_550266	2	445	1	1
k63_550266	555	2525	1	2
k63_550266	2565	3431	1	3
k63_550266	3691	5031	1	4
k63_550266	5023	5931	-1	5
k63_550266	5983	8277	1	6
k63_550266	8334	8591	1	7
k63_550266	8619	9044	1	8
k63_550266	9251	9781	1	9
k63_550266	9906	10661	-1	10
k63_1406514	34	678	-1	1
k63_1406514	701	2071	-1	2
k63_1406514	2119	3615	-1	3
k63_1406514	3755	6292	-1	4
k63_1406514	6454	6663	1	5
k63_336198	1	285	-1	1
k63_336198	412	1599	1	2
k63_336198	1634	3364	1	3
k63_336198	3375	3629	-1	4
k63_336198	3765	3968	-1	5
k63_550517	3	119	-1	1
k63_550517	219	401	-1	2
k63_550517	506	784	-1	3
k63_550517	961	3000	-1	4
k63_550517	3090	3713	1	5
k63_550517	3728	4567	1	6
k63_550517	4591	4914	1	7
k63_550517	4853	5959	1	8
k63_550517	5956	6198	1	9
k63_550517	6149	6865	-1	10
k63_550517	6890	8356	-1	11
k63_550517	8394	10526	1	12
k63_550517	10658	11665	1	13
k63_550517	11765	11962	1	14
k63_550517	11959	12846	1	15
k63_550517	12839	13600	1	16
k63_550517	13768	14670	1	17
k63_550517	14670	16589	1	18
k63_550517	16600	17403	1	19
k63_550517	17972	18850	1	20
k63_550517	18993	19364	1	21
k63_550517	19357	20265	-1	22
k63_550517	20204	20773	-1	23
k63_978589	1	1104	-1	1
k63_978589	1191	2165	1	2
k63_978589	2162	3364	1	3
k63_978589	3413	3757	-1	4
k63_978589	3846	4226	1	5
k63_1085728	1	1152	1	1
k63_1085728	1179	2249	-1	2
k63_1085728	2330	2428	1	3
k63_228120	1	120	-1	1
k63_228120	122	427	-1	2
k63_228120	411	1034	-1	3
k63_228120	1031	1747	-1	4
k63_228120	1740	2219	-1	5
k63_121316	1	1125	1	1
k63_121316	1276	1944	1	2
k63_121316	1966	2592	1	3
k63_121316	2601	4949	1	4
k63_1194066	1	2775	1	1
k63_1194066	2786	3763	1	2
k63_1194066	3760	4059	1	3
k63_872422	3	368	1	1
k63_872422	455	1672	1	2
k63_1194136	3	278	-1	1
k63_1194136	302	841	1	2
k63_1194136	1132	1473	1	3
k63_1194136	1470	1748	1	4
k63_442294	3	764	-1	1
k63_442294	1239	2603	-1	2
k63_442294	2758	2973	-1	3
k63_442294	3026	4324	-1	4
k63_442294	4355	7477	-1	5
k63_442294	7477	8835	-1	6
k63_442294	8832	10940	-1	7
k63_442294	10937	14545	-1	8
k63_442294	14542	15015	-1	9
k63_442294	15015	15212	-1	10
k63_1086342	2	85	-1	1
k63_1086342	120	2726	-1	2
k63_121992	109	3063	-1	1
k63_121992	3195	4841	-1	2
k63_121992	4926	5597	-1	3
k63_658939	2	301	1	1
k63_658939	307	789	1	2
k63_658939	868	1503	1	3
k63_658939	1500	2333	1	4
k63_658939	2330	4123	1	5
k63_658939	4147	4491	1	6
k63_122360	1	126	-1	1
k63_122360	814	1503	-1	2
k63_122360	1504	2358	-1	3
k63_122360	2623	2793	-1	4
k63_1514905	1	171	-1	1
k63_1514905	295	1089	1	2
k63_1514905	1349	1855	1	3
k63_1514905	1812	2306	1	4
k63_1514905	2590	2901	1	5
k63_1086748	3	2345	1	1
k63_122626	291	614	1	1
k63_122626	1071	2786	1	2
k63_122626	2783	4057	1	3
k63_122626	4187	4414	1	4
k63_337900	3	341	1	1
k63_337900	343	1467	1	2
k63_337900	1470	1574	1	3
k63_337900	1558	2532	1	4
k63_337900	2608	3528	1	5
k63_337900	3566	3979	-1	6
k63_337950	45	2609	1	1
k63_337950	2617	3399	1	2
k63_337950	3399	4364	1	3
k63_337950	4425	6272	1	4
k63_16152	1	1590	1	1
k63_16152	1587	1982	1	2
k63_16152	2028	2297	1	3
k63_16152	2294	2407	1	4
k63_16152	2576	4768	1	5
k63_123215	2	421	1	1
k63_123215	430	1032	-1	2
k63_123215	1445	3727	1	3
k63_123215	3834	5276	1	4
k63_1301199	3	1475	-1	1
k63_1301199	1472	2761	-1	2
k63_1301199	2758	4305	-1	3
k63_1301199	4466	5008	1	4
k63_1408892	73	1167	-1	1
k63_1408892	1317	2699	1	2
k63_1408892	2713	3057	1	3
k63_553464	2	367	-1	1
k63_553464	528	2213	1	2
k63_553464	2230	2943	1	3
k63_553464	3034	4443	1	4
k63_553464	4482	5072	1	5
k63_553464	5118	5480	1	6
k63_553464	5527	6465	-1	7
k63_553464	6535	8592	-1	8
k63_553464	8540	9766	-1	9
k63_553464	9772	10965	1	10
k63_553464	11061	12452	1	11
k63_553464	12459	12989	1	12
k63_553464	12943	13458	-1	13
k63_553464	13588	14442	1	14
k63_553464	14483	15463	-1	15
k63_553464	15533	16369	-1	16
k63_553464	16708	17067	1	17
k63_443684	1	780	1	1
k63_443684	807	4229	-1	2
k63_443684	4327	5262	-1	3
k63_443739	1	336	-1	1
k63_443739	410	1396	-1	2
k63_443739	1405	1533	-1	3
k63_443739	1558	3429	-1	4
k63_443739	3474	5258	-1	5
k63_443739	5309	6526	-1	6
k63_443739	6547	6822	-1	7
k63_660854	3	491	1	1
k63_660854	702	962	1	2
k63_660854	959	2785	-1	3
k63_660854	3015	3725	1	4
k63_660854	3730	4161	-1	5
k63_660854	4201	4449	-1	6
k63_660854	4525	5541	-1	7
k63_660854	5589	6749	1	8
k63_660854	6703	7038	-1	9
k63_1088793	1	90	1	1
k63_1088793	318	1385	-1	2
k63_1088793	1420	1857	-1	3
k63_1088793	1854	2855	-1	4
k63_1088793	2949	4346	-1	5
k63_1088793	4399	4530	-1	6
k63_1088793	4538	6001	-1	7
k63_1088793	6034	7203	-1	8
k63_1088793	7200	7583	-1	9
k63_1088793	7669	8418	-1	10
k63_875151	2	469	-1	1
k63_875151	476	2146	-1	2
k63_875151	2221	2442	1	3
k63_875151	2458	4122	-1	4
k63_875151	4333	4569	1	5
k63_875151	4587	4940	-1	6
k63_875151	4947	6089	-1	7
k63_875151	6156	6995	-1	8
k63_875151	7165	8232	1	9
k63_875151	8196	9287	1	10
k63_1196877	3	794	-1	1
k63_1196877	791	1390	-1	2
k63_1196877	1387	1665	-1	3
k63_1196877	1668	3110	1	4
k63_1196877	3107	4153	1	5
k63_124690	336	644	-1	1
k63_124690	723	1142	-1	2
k63_124690	1123	2301	-1	3
k63_444984	310	726	-1	1
k63_444984	743	1783	-1	2
k63_444984	2016	2477	-1	3
k63_444984	2534	2776	-1	4
k63_444984	2939	3070	1	5
k63_768509	1	1452	1	1
k63_768509	1435	2019	-1	2
k63_768509	2016	2657	-1	3
k63_768509	2692	2928	1	4
k63_768509	3086	4294	1	5
k63_768509	4324	4785	1	6
k63_768509	4913	5833	-1	7
k63_768509	5902	6687	1	8
k63_768509	6698	7588	1	9
k63_768509	7746	9239	1	10
k63_768509	9268	9939	1	11
k63_768509	10020	11279	1	12
k63_768509	11296	12216	1	13
k63_768509	12209	12991	1	14
k63_768509	13085	13747	1	15
k63_768509	13895	14815	1	16
k63_768509	14812	16080	1	17
k63_768509	16077	16826	1	18
k63_445097	2	1459	-1	1
k63_445097	1553	2665	1	2
k63_555152	9	1127	-1	1
k63_1303253	1	759	1	1
k63_1303253	996	1544	1	2
k63_1303253	2050	2289	1	3
k63_1303253	2566	3399	1	4
k63_555221	2	1552	-1	1
k63_555221	1693	2703	1	2
k63_555221	2748	3584	1	3
k63_555221	3667	3765	1	4
k63_1517804	2	388	1	1
k63_1517804	435	1181	-1	2
k63_1517804	1259	1831	-1	3
k63_1517804	1933	3012	-1	4
k63_125426	57	305	-1	1
k63_125426	302	1384	-1	2
k63_125426	1381	3213	-1	3
k63_125426	3210	3980	-1	4
k63_125426	3977	4792	-1	5
k63_125426	5213	5860	1	6
k63_125426	5938	7053	-1	7
k63_125426	7061	7906	-1	8
k63_125426	8010	8807	-1	9
k63_125426	8998	9414	1	10
k63_445476	3	425	-1	1
k63_445476	442	2331	-1	2
k63_125615	3	107	-1	1
k63_125615	365	982	1	2
k63_125615	992	1249	-1	3
k63_125615	1242	1511	-1	4
k63_125615	1498	2532	-1	5
k63_875815	1	75	1	1
k63_875815	109	1086	-1	2
k63_875815	1121	1342	-1	3
k63_875815	1339	1806	-1	4
k63_875815	1854	2711	-1	5
k63_875815	2754	2954	-1	6
k63_875815	2968	4152	1	7
k63_875815	4167	5741	-1	8
k63_875815	5738	6193	-1	9
k63_875815	6186	8267	-1	10
k63_875815	8264	9214	-1	11
k63_340951	2	817	-1	1
k63_340951	867	1739	1	2
k63_340951	1782	2561	-1	3
k63_340951	2558	3607	-1	4
k63_340951	3915	5039	-1	5
k63_340951	5049	6185	1	6
k63_340951	6312	7616	1	7
k63_340951	7613	7801	1	8
k63_340951	7817	8398	-1	9
k63_340951	8490	8687	-1	10
k63_340951	8684	8998	-1	11
k63_340951	9237	9980	-1	12
k63_340951	10105	10266	-1	13
k63_340951	10419	11210	1	14
k63_340951	11325	12866	1	15
k63_125862	3	212	1	1
k63_125862	264	653	1	2
k63_125862	696	926	1	3
k63_125862	934	2655	-1	4
k63_125862	2874	3491	1	5
k63_125862	3636	4712	1	6
k63_125862	4742	4876	-1	7
k63_341086	2	313	1	1
k63_341086	367	765	-1	2
k63_341086	758	1120	-1	3
k63_341086	1153	1365	1	4
k63_341086	1323	2834	-1	5
k63_341086	3235	3465	1	6
k63_341086	3417	3626	1	7
k63_555508	3	530	-1	1
k63_555508	527	1021	-1	2
k63_555508	1314	1535	-1	3
k63_555508	1535	2266	-1	4
k63_555508	2531	2746	-1	5
k63_555508	2737	2943	-1	6
k63_1303795	3	2573	-1	1
k63_1303795	2573	2935	-1	2
k63_1303813	1	87	1	1
k63_1303813	118	1023	-1	2
k63_1303813	1049	1477	-1	3
k63_1303813	1502	2365	-1	4
k63_1303813	2440	2898	1	5
k63_1303813	2899	3525	1	6
k63_1303813	3532	4602	-1	7
k63_1303813	4592	5413	-1	8
k63_1303813	5413	6660	-1	9
k63_1518249	1	510	-1	1
k63_1518249	598	894	-1	2
k63_1518249	980	2740	1	3
k63_1518249	2758	5004	1	4
k63_1518249	5237	5476	-1	5
k63_18423	2	346	1	1
k63_18423	351	1136	1	2
k63_18423	1150	1791	1	3
k63_18423	1751	2020	1	4
k63_1518338	1	162	-1	1
k63_1518338	271	501	-1	2
k63_1518338	608	1909	-1	3
k63_1518338	1920	2351	-1	4
k63_1518338	2338	2586	-1	5
k63_1518338	2648	3148	-1	6
k63_341979	3	890	-1	1
k63_341979	893	2194	-1	2
k63_341979	2397	3185	1	3
k63_341979	3211	3873	-1	4
k63_341979	3923	4573	-1	5
k63_234039	2	280	-1	1
k63_234039	277	1566	-1	2
k63_234039	1570	3054	-1	3
k63_234039	3057	3290	-1	4
k63_234039	3283	4587	-1	5
k63_234039	4641	5975	-1	6
k63_234039	5987	6997	-1	7
k63_234039	6997	8199	-1	8
k63_234039	8207	8920	-1	9
k63_234039	8922	10808	-1	10
k63_234039	10808	11695	-1	11
k63_234039	11699	12400	-1	12
k63_234039	12408	13685	-1	13
k63_234039	13929	14156	1	14
k63_446695	45	674	1	1
k63_446695	751	2319	-1	2
k63_446695	2622	2690	1	3
k63_984708	633	863	1	1
k63_984708	860	1201	1	2
k63_984708	1366	2322	1	3
k63_984708	2363	2437	-1	4
k63_1412507	3	473	-1	1
k63_1412507	470	1555	-1	2
k63_1412507	1715	2116	-1	3
k63_1412507	2251	3651	-1	4
k63_1412507	3680	4510	-1	5
k63_1304913	2	697	1	1
k63_1304913	742	1422	1	2
k63_1304913	1427	2071	1	3
k63_1304913	2125	2781	1	4
k63_447179	27	1121	-1	1
k63_447179	1521	1781	1	2
k63_447179	1765	2670	1	3
k63_985371	39	1715	-1	1
k63_985371	1833	3956	1	2
k63_985371	4037	5242	1	3
k63_985371	5333	6778	1	4
k63_985371	6787	7416	-1	5
k63_985371	7549	8334	1	6
k63_985371	8350	9525	1	7
k63_985371	9634	10335	1	8
k63_1519668	1	1113	-1	1
k63_1519668	1215	1847	-1	2
k63_127730	3	329	1	1
k63_127730	355	1272	1	2
k63_127730	1285	1998	1	3
k63_771394	96	1544	-1	1
k63_127839	3	149	1	1
k63_127839	285	3596	-1	2
k63_127839	3596	4486	-1	3
k63_557440	77	256	1	1
k63_557440	398	943	1	2
k63_557440	1027	1938	1	3
k63_557440	1999	2163	1	4
k63_878092	112	885	-1	1
k63_878092	1006	1188	1	2
k63_878092	1217	1762	-1	3
k63_878092	1990	2739	-1	4
k63_20269	1	228	-1	1
k63_20269	225	1745	-1	2
k63_20269	1760	2065	-1	3
k63_20269	2100	4004	-1	4
k63_20269	4011	4835	-1	5
k63_1306191	2	1396	-1	1
k63_1306191	1840	2322	1	2
k63_1306191	2625	3875	1	3
k63_1306191	3876	4535	1	4
k63_1306191	4548	5438	-1	5
k63_1413816	1	981	-1	1
k63_1413816	978	1256	-1	2
k63_1413816	1253	2752	-1	3
k63_1413816	2694	3029	-1	4
k63_1413816	3176	3379	1	5
k63_1413816	3496	4572	-1	6
k63_986596	2	121	1	1
k63_986596	232	1056	1	2
k63_986596	1088	1972	1	3
k63_986596	1929	2594	1	4
k63_1093395	1	639	1	1
k63_1093395	973	2541	1	2
k63_1093395	2578	2886	-1	3
k63_1093395	2873	3124	-1	4
k63_1093395	3189	3773	1	5
k63_1093395	3888	5915	1	6
k63_1093395	5904	8390	-1	7
k63_1093395	8535	9923	-1	8
k63_1093395	9930	11021	-1	9
k63_1093395	11076	11216	-1	10
k63_1093395	11230	12615	1	11
k63_1093395	12612	13358	1	12
k63_1093395	13444	14379	1	13
k63_1093395	14384	15184	1	14
k63_20819	3	233	-1	1
k63_20819	233	985	-1	2
k63_20819	982	1842	-1	3
k63_20819	1989	2792	1	4
k63_20819	2789	3271	1	5
k63_20819	3509	4339	1	6
k63_665400	1	2052	-1	1
k63_665400	2227	3783	-1	2
k63_665400	3780	4274	-1	3
k63_665400	4391	5266	-1	4
k63_665400	5315	6268	-1	5
k63_665400	6265	6489	-1	6
k63_1520847	2	652	-1	1
k63_1520847	824	1861	1	2
k63_1520847	1871	2659	1	3
k63_1520847	2802	3077	1	4
k63_1520847	3125	7210	1	5
k63_1520847	7195	8178	-1	6
k63_1520847	8223	10214	1	7
k63_557961	1	834	-1	1
k63_557961	1084	2337	1	2
k63_557961	2334	5222	1	3
k63_1200758	2	1114	-1	1
k63_1200758	1168	2265	-1	2
k63_1200758	2490	2696	1	3
k63_986777	1	123	-1	1
k63_986777	171	425	1	2
k63_986777	490	1788	-1	3
k63_986777	2026	2364	1	4
k63_986777	2432	3031	1	5
k63_21013	2	121	1	1
k63_21013	118	324	1	2
k63_21013	619	1422	1	3
k63_21013	1443	1670	1	4
k63_21013	1667	2203	1	5
k63_21013	2361	4169	1	6
k63_1521148	1	5073	-1	1
k63_1521148	5070	5459	-1	2
k63_1521148	5503	5772	1	3
k63_1521148	6048	7256	-1	4
k63_449050	2	433	1	1
k63_449050	398	868	-1	2
k63_449050	906	1151	1	3
k63_449050	1212	1706	-1	4
k63_235940	94	654	1	1
k63_235940	651	917	1	2
k63_235940	909	1679	-1	3
k63_235940	1676	2863	-1	4
k63_235940	2894	3364	-1	5
k63_1414665	1	495	1	1
k63_1414665	447	1805	-1	2
k63_1414665	1922	2683	1	3
k63_1414665	2690	4288	1	4
k63_1414665	4256	5083	-1	5
k63_1414665	5111	5401	1	6
k63_1414665	5410	6318	-1	7
k63_1414665	6315	6770	-1	8
k63_1414665	6767	6949	-1	9
k63_1093974	2	1261	-1	1
k63_1093974	1476	3659	1	2
k63_1093974	3661	4248	1	3
k63_1093974	4251	6359	-1	4
k63_1093974	6432	8057	-1	5
k63_1093974	8054	9373	-1	6
k63_1093974	9370	10401	-1	7
k63_1093974	10398	10931	-1	8
k63_1093974	10976	11590	-1	9
k63_1093974	12035	13543	1	10
k63_1093974	13599	14015	-1	11
k63_1093974	14012	15310	-1	12
k63_1093974	15307	16134	-1	13
k63_1093974	16172	16567	1	14
k63_1093974	16642	16986	-1	15
k63_1093974	17118	17858	-1	16
k63_1093974	17889	18110	-1	17
k63_1521399	239	2575	-1	1
k63_1521399	2575	3636	-1	2
k63_1521399	3883	4560	-1	3
k63_1521399	4732	4968	1	4
k63_1521399	4965	5573	1	5
k63_666276	1	759	-1	1
k63_666276	918	1697	-1	2
k63_666276	1694	2287	-1	3
k63_666276	2430	2939	-1	4
k63_666276	3005	3610	1	5
k63_666276	3627	4193	1	6
k63_1201535	20	1099	-1	1
k63_1201535	1092	1955	-1	2
k63_1201535	2139	4205	1	3
k63_1201535	4248	5360	1	4
k63_1201535	5434	6474	1	5
k63_1201535	6458	8146	1	6
k63_1201535	8422	9027	1	7
k63_1201535	8996	9847	1	8
k63_1201535	9866	10576	-1	9
k63_666443	2	295	-1	1
k63_666443	407	1348	-1	2
k63_666443	1367	2842	-1	3
k63_666443	2842	4173	-1	4
k63_666443	4374	5123	-1	5
k63_1521669	2	277	1	1
k63_1521669	302	1633	-1	2
k63_1521669	1698	2069	-1	3
k63_1521669	3043	3321	-1	4
k63_559426	4	951	-1	1
k63_559426	957	1265	-1	2
k63_559426	1342	2286	1	3
k63_559426	2320	5172	-1	4
k63_559426	5169	7403	-1	5
k63_559426	7582	8091	1	6
k63_1522293	17	502	-1	1
k63_1522293	839	2731	1	2
k63_1522293	2777	3271	1	3
k63_1522293	3300	3476	-1	4
k63_880369	2	1135	1	1
k63_880369	1647	2198	1	2
k63_880369	2609	3814	-1	3
k63_880369	4113	5279	-1	4
k63_880369	5276	6265	-1	5
k63_450213	1	984	-1	1
k63_450213	981	1991	-1	2
k63_450213	1988	3001	-1	3
k63_450213	2967	3695	-1	4
k63_22485	3	1229	-1	1
k63_22485	1265	1411	1	2
k63_22485	1484	2419	1	3
k63_22485	2442	2939	-1	4
k63_22485	3055	3942	1	5
k63_22485	3966	4871	-1	6
k63_22485	4868	6175	-1	7
k63_22485	6199	6444	-1	8
k63_22485	6449	7432	1	9
k63_22485	7476	7901	1	10
k63_22485	7901	8848	1	11
k63_22485	8866	9681	-1	12
k63_22485	9701	10114	1	13
k63_22485	10484	12478	-1	14
k63_22485	12484	13305	-1	15
k63_1202760	2	2227	1	1
k63_347329	3	1112	-1	1
k63_347329	1525	3438	1	2
k63_347329	3534	3836	1	3
k63_347329	3833	5425	1	4
k63_237566	1	1209	-1	1
k63_237566	1206	1826	-1	2
k63_237566	2084	2932	1	3
k63_237566	3077	4441	1	4
k63_237566	4438	5937	-1	5
k63_237566	5945	6826	-1	6
k63_237566	6966	8306	-1	7
k63_237566	8393	9940	1	8
k63_237566	9973	10749	1	9
k63_237566	10746	11852	-1	10
k63_237566	11849	13090	-1	11
k63_237566	13130	13228	-1	12
k63_130721	94	531	1	1
k63_130721	636	1448	1	2
k63_130721	1527	2060	1	3
k63_130721	2070	2897	1	4
k63_130721	2929	5592	1	5
k63_1309225	3	209	-1	1
k63_1309225	212	1264	-1	2
k63_1309225	1261	2280	-1	3
k63_1309225	2386	3444	1	4
k63_560617	75	2624	1	1
k63_560617	2624	3166	1	2
k63_668076	3	1676	1	1
k63_668076	2061	2345	-1	2
k63_668076	2345	3382	-1	3
k63_668076	3424	3924	-1	4
k63_668076	3948	4136	1	5
k63_881096	1	228	-1	1
k63_881096	258	878	-1	2
k63_881096	972	1745	1	3
k63_881096	1767	2594	1	4
k63_881096	2630	3133	-1	5
k63_881096	3191	4393	1	6
k63_881096	4406	5659	1	7
k63_881096	5710	6312	-1	8
k63_881096	6475	6768	1	9
k63_881096	6846	7631	1	10
k63_881096	7635	8600	-1	11
k63_881096	8904	10028	1	12
k63_668089	2	172	-1	1
k63_668089	329	571	-1	2
k63_668089	601	1779	1	3
k63_668089	1813	2892	1	4
k63_668089	3016	4275	1	5
k63_668089	4263	4493	1	6
k63_668089	4418	4762	-1	7
k63_668089	4759	4962	-1	8
k63_668089	4959	5147	-1	9
k63_668089	5185	5280	-1	10
k63_668089	5405	6835	1	11
k63_668089	6975	7346	1	12
k63_668089	7349	7594	1	13
k63_668089	7613	7918	1	14
k63_1523642	3	713	1	1
k63_1523642	729	926	1	2
k63_1523642	1060	1371	-1	3
k63_1523642	1352	2638	-1	4
k63_1523642	2769	3272	1	5
k63_347865	477	1730	1	1
k63_347865	1789	2358	1	2
k63_347865	2480	2986	-1	3
k63_347865	3010	3468	1	4
k63_347865	3465	4412	1	5
k63_347865	4432	4884	-1	6
k63_347865	4878	5357	-1	7
k63_347865	5354	5782	-1	8
k63_347865	5794	6018	-1	9
k63_347865	6140	7042	-1	10
k63_347865	7044	7943	-1	11
k63_347865	7940	9241	-1	12
k63_347865	9238	10548	-1	13
k63_347865	10541	11314	-1	14
k63_347865	11546	11779	1	15
k63_347865	12064	13449	1	16
k63_347865	13446	14087	1	17
k63_347865	14113	15366	1	18
k63_347865	15395	16759	1	19
k63_347865	16811	17236	1	20
k63_347865	17397	18458	1	21
k63_347865	18475	19434	1	22
k63_347865	19431	19940	1	23
k63_347865	19959	20069	1	24
k63_347865	20076	22100	1	25
k63_347865	22097	23281	1	26
k63_347865	23324	25315	1	27
k63_347865	25312	26043	1	28
k63_347865	26083	27858	1	29
k63_347865	27883	28191	1	30
k63_347865	28198	28449	1	31
k63_238200	2	457	1	1
k63_238200	459	944	1	2
k63_238200	941	2497	1	3
k63_1309626	3	176	1	1
k63_1309626	173	901	1	2
k63_1309626	976	1557	1	3
k63_1309626	1554	2009	1	4
k63_1309626	2072	3376	-1	5
k63_1309626	3380	4330	-1	6
k63_1309626	4327	4752	-1	7
k63_451119	3	2093	1	1
k63_451119	2101	3135	-1	2
k63_451119	3155	5728	-1	3
k63_451119	5765	5950	1	4
k63_451119	5863	7524	-1	5
k63_451119	7526	7933	-1	6
k63_561367	1	930	-1	1
k63_561367	967	1809	-1	2
k63_561367	1947	2405	-1	3
k63_561367	2488	3651	1	4
k63_561367	3698	5008	-1	5
k63_561367	5054	6616	-1	6
k63_561367	6717	7616	1	7
k63_451350	104	391	-1	1
k63_451350	627	1052	-1	2
k63_451350	1201	1821	-1	3
k63_1310044	1	1209	1	1
k63_1310044	1222	2406	-1	2
k63_1310044	2429	3682	-1	3
k63_1310044	3772	4218	-1	4
k63_1310044	4229	4816	-1	5
k63_1310044	4813	5172	-1	6
k63_451417	1	1164	1	1
k63_451417	1189	2316	-1	2
k63_451417	2316	2858	-1	3
k63_451417	2858	3391	-1	4
k63_451417	3388	4560	-1	5
k63_451417	4588	5811	-1	6
k63_451417	5821	7062	-1	7
k63_451417	7198	8454	1	8
k63_451417	8590	9123	1	9
k63_451417	9120	10277	1	10
k63_451417	10450	13305	1	11
k63_451417	13310	13750	1	12
k63_451417	13716	14684	1	13
k63_451417	14723	15550	1	14
k63_669021	1	375	-1	1
k63_669021	488	1186	-1	2
k63_669021	1388	1732	-1	3
k63_669021	1716	1910	-1	4
k63_1310176	2	247	-1	1
k63_1310176	355	1590	1	2
k63_1310176	1537	2055	-1	3
k63_1310176	2093	4048	-1	4
k63_1310176	4140	4943	-1	5
k63_1310176	4915	6027	-1	6
k63_1310176	6055	6723	-1	7
k63_1310176	6775	7542	1	8
k63_1310435	3	455	-1	1
k63_1310435	536	1372	-1	2
k63_1310435	1623	2642	1	3
k63_348854	2	1525	1	1
k63_348854	1522	2190	-1	2
k63_776711	2	868	1	1
k63_776711	891	1247	-1	2
k63_776711	1301	2077	-1	3
k63_776711	2074	2805	-1	4
k63_776711	2805	3455	-1	5
k63_776711	3459	4070	-1	6
k63_776711	4067	5140	-1	7
k63_776711	5137	6426	-1	8
k63_776711	6486	6677	1	9
k63_776711	6879	7520	-1	10
k63_776711	7543	8232	1	11
k63_776711	8222	8932	1	12
k63_776711	8978	9877	-1	13
k63_776711	9874	10470	-1	14
k63_776711	10482	11480	-1	15
k63_776711	11477	12754	-1	16
k63_776711	12760	13674	-1	17
k63_24783	3	164	-1	1
k63_24783	164	1483	-1	2
k63_24783	1534	1911	-1	3
k63_24783	1992	2303	1	4
k63_24783	2438	2695	1	5
k63_24783	2700	3143	1	6
k63_24783	3332	3574	1	7
k63_24783	3571	3987	1	8
k63_24783	4183	4419	1	9
k63_24783	4427	4669	1	10
k63_24783	4748	5536	-1	11
k63_24783	5711	6037	-1	12
k63_24783	6034	6243	-1	13
k63_24783	6397	6645	1	14
k63_24783	6657	6959	1	15
k63_24783	6928	7212	1	16
k63_24783	7450	9636	1	17
k63_24783	9871	10185	1	18
k63_24783	10061	10594	-1	19
k63_24783	10591	11772	-1	20
k63_24783	11935	13149	1	21
k63_1310748	54	1058	-1	1
k63_1310748	1162	2517	1	2
k63_1310748	2688	4505	1	3
k63_1310748	4622	5104	-1	4
k63_1525134	1	435	1	1
k63_1525134	450	998	1	2
k63_1525134	1084	1800	1	3
k63_1525134	1941	2255	1	4
k63_1525134	2252	2674	-1	5
k63_1525134	2716	4518	1	6
k63_1525134	4532	5362	1	7
k63_1525134	5392	6423	1	8
k63_349964	3	239	1	1
k63_349964	613	963	1	2
k63_349964	967	2067	1	3
k63_349964	2064	2306	1	4
k63_349964	2280	2450	-1	5
k63_1525862	1	276	1	1
k63_1525862	589	1104	1	2
k63_1525862	1242	1460	-1	3
k63_1525862	1503	1739	1	4
k63_992099	21	119	-1	1
k63_992099	171	2324	-1	2
k63_1098474	1	987	1	1
k63_1098474	1051	2157	-1	2
k63_1098474	2176	3333	1	3
k63_1098474	3404	4564	1	4
k63_1098474	4569	4892	1	5
k63_1098474	4892	6268	1	6
k63_1098474	6314	6727	-1	7
k63_1098474	6724	6957	-1	8
k63_1098474	6960	8321	1	9
k63_1098474	8344	8997	-1	10
k63_1311860	2	838	1	1
k63_1311860	1113	2501	-1	2
k63_1311860	2599	3381	1	3
k63_778053	3	617	1	1
k63_778053	614	1429	1	2
k63_778053	1458	2930	1	3
k63_778053	2927	3940	1	4
k63_778053	3937	4821	1	5
k63_778053	4832	5125	1	6
k63_778053	5153	5578	1	7
k63_134151	3	1406	1	1
k63_134151	1403	3940	1	2
k63_134151	3979	4386	-1	3
k63_134151	4358	4639	-1	4
k63_992518	3	98	1	1
k63_992518	214	612	-1	2
k63_992518	630	2096	-1	3
k63_992518	2111	3124	-1	4
k63_992518	3128	4768	-1	5
k63_992518	4817	5347	-1	6
k63_992518	5340	6065	-1	7
k63_992518	6107	6370	-1	8
k63_992518	6448	7227	-1	9
k63_992518	7224	7751	-1	10
k63_992518	7748	8011	-1	11
k63_992518	8096	8356	-1	12
k63_992518	8404	9177	-1	13
k63_1206819	3	824	1	1
k63_1206819	854	1789	-1	2
k63_1206819	1791	2396	-1	3
k63_1206819	2427	3686	-1	4
k63_1206819	3714	4619	-1	5
k63_1206819	4638	5438	-1	6
k63_1206819	5410	5781	-1	7
k63_1206819	5823	6728	1	8
k63_1206819	6722	7435	1	9
k63_1206819	7445	8110	1	10
k63_1206819	8138	8908	1	11
k63_1099238	641	1168	-1	1
k63_1099238	1182	1970	-1	2
k63_1099238	2743	2889	1	3
k63_1099238	2987	3658	-1	4
k63_778699	1	516	1	1
k63_778699	561	830	-1	2
k63_778699	1098	1352	1	3
k63_778699	1367	1516	-1	4
k63_778699	1523	1831	-1	5
k63_671503	2	142	-1	1
k63_671503	161	796	-1	2
k63_671503	793	2694	-1	3
k63_27032	2	925	1	1
k63_27032	1324	4563	1	2
k63_27032	4560	4910	1	3
k63_27032	4922	7336	1	4
k63_27032	7354	7557	-1	5
k63_27032	7629	8402	1	6
k63_27032	8399	10093	1	7
k63_27032	10126	10326	-1	8
k63_27032	10427	11587	-1	9
k63_27032	11593	12588	1	10
k63_27032	12607	13200	-1	11
k63_27032	13182	13604	-1	12
k63_27032	13674	14246	1	13
k63_27032	14233	15621	1	14
k63_27032	15706	16038	1	15
k63_27032	16055	17485	-1	16
k63_27032	17593	18495	-1	17
k63_27032	18551	19102	-1	18
k63_27032	19184	20197	1	19
k63_27032	20213	20401	-1	20
k63_27032	20502	21953	1	21
k63_27032	21982	22704	1	22
k63_27032	22723	23631	-1	23
k63_27032	23700	23960	1	24
k63_27032	23984	24892	1	25
k63_27032	24885	29234	1	26
k63_27032	29264	30724	-1	27
k63_27032	30745	33282	-1	28
k63_1313125	1	216	1	1
k63_1313125	216	1025	1	2
k63_1313125	982	1653	-1	3
k63_1313125	1653	2252	-1	4
k63_884927	1	1794	1	1
k63_884927	1866	2186	1	2
k63_352022	54	1445	-1	1
k63_352022	1519	1944	1	2
k63_352022	1941	2630	-1	3
k63_352022	2652	2987	-1	4
k63_352022	3006	4298	-1	5
k63_352022	4369	4974	-1	6
k63_352022	5117	6067	1	7
k63_352022	6110	7321	1	8
k63_352022	7357	8193	1	9
k63_352022	8238	9701	1	10
k63_352022	9728	10945	1	11
k63_352022	10958	11983	1	12
k63_352022	12178	12381	1	13
k63_352022	12492	12881	-1	14
k63_1100366	1	945	-1	1
k63_1100366	981	2000	1	2
k63_1100366	2019	3125	-1	3
k63_242799	3	431	-1	1
k63_242799	505	1305	-1	2
k63_242799	1545	1679	1	3
k63_27687	2	1516	-1	1
k63_27687	1513	2433	-1	2
k63_27687	2525	3814	1	3
k63_27687	3843	4211	1	4
k63_27687	4324	5013	1	5
k63_27687	5056	5271	1	6
k63_27687	5480	6118	-1	7
k63_1421675	2	292	-1	1
k63_1421675	289	1299	-1	2
k63_1421675	1354	3156	-1	3
k63_1421675	3282	4061	-1	4
k63_1421675	4061	4993	-1	5
k63_1421675	5055	5576	-1	6
k63_1421675	5738	6370	1	7
k63_1421675	6383	7690	-1	8
k63_1421675	7760	8272	-1	9
k63_1421675	8336	9274	1	10
k63_1421675	9306	10268	1	11
k63_1313982	1	1077	1	1
k63_1313982	1297	1887	1	2
k63_1313982	1930	2601	-1	3
k63_1313982	2643	3812	1	4
k63_1313982	3822	5069	1	5
k63_1313982	5073	5360	-1	6
k63_1313982	5367	6251	-1	7
k63_565432	1	192	1	1
k63_565432	381	1376	-1	2
k63_565432	1340	3301	-1	3
k63_565432	3240	4562	-1	4
k63_565432	4592	5533	1	5
k63_565432	5549	6283	-1	6
k63_565432	6270	6995	-1	7
k63_565432	7113	8993	1	8
k63_565432	8990	9907	-1	9
k63_565432	9897	10808	-1	10
k63_565432	10805	11278	-1	11
k63_565432	11275	12246	-1	12
k63_565432	12283	12858	1	13
k63_565432	12855	13169	-1	14
k63_780297	1	132	-1	1
k63_780297	290	859	-1	2
k63_780297	909	2081	-1	3
k63_780297	2439	4046	1	4
k63_780297	4049	4450	1	5
k63_780377	3	812	-1	1
k63_780377	878	1939	1	2
k63_780377	2169	2594	1	3
k63_780377	2703	3206	1	4
k63_780377	3177	3575	-1	5
k63_780377	3572	4564	-1	6
k63_780377	4581	5606	-1	7
k63_780377	5611	6153	-1	8
k63_780377	6174	7085	-1	9
k63_780377	7218	7949	-1	10
k63_780377	8197	9609	-1	11
k63_780377	9609	9899	-1	12
k63_780377	9928	12912	-1	13
k63_780377	12905	13291	-1	14
k63_780377	13473	13865	1	15
k63_780377	13910	16282	1	16
k63_243117	2	796	-1	1
k63_243117	872	1501	-1	2
k63_455108	1	915	-1	1
k63_455108	916	1554	-1	2
k63_455108	1688	3007	1	3
k63_136447	3	500	-1	1
k63_136447	497	1927	-1	2
k63_136447	2059	2241	1	3
k63_136447	2251	2709	1	4
k63_136447	2720	2938	-1	5
k63_673514	43	1131	1	1
k63_673514	1168	1461	1	2
k63_673514	1458	2759	1	3
k63_673514	2756	3145	1	4
k63_673514	3142	3246	1	5
k63_136489	2	499	1	1
k63_136489	496	2523	1	2
k63_1422102	1	1170	-1	1
k63_1422102	1175	2113	-1	2
k63_1422102	2195	3232	1	3
k63_1314625	1	1392	-1	1
k63_1314625	1418	3070	1	2
k63_1314625	3083	4429	-1	3
k63_1314625	4460	7936	-1	4
k63_565822	2	124	1	1
k63_565822	230	988	1	2
k63_565822	998	1855	1	3
k63_565822	1920	2930	1	4
k63_565822	2939	4066	1	5
k63_565822	4059	4874	1	6
k63_565822	4987	5223	1	7
k63_565822	5220	5528	1	8
k63_565822	5576	5920	1	9
k63_565822	6011	6373	1	10
k63_565822	6433	6657	1	11
k63_565822	7033	7353	1	12
k63_565822	7362	7781	1	13
k63_565822	7817	8059	1	14
k63_1100917	75	830	-1	1
k63_1100917	830	2014	-1	2
k63_1100917	2079	2729	-1	3
k63_1100917	2726	4042	-1	4
k63_1100917	4134	5927	-1	5
k63_1100917	5939	6856	1	6
k63_1100917	6875	8074	1	7
k63_1100917	8068	8934	-1	8
k63_1100917	8993	10555	1	9
k63_1100917	10511	11860	-1	10
k63_1100917	12024	12614	1	11
k63_1100917	12651	16040	-1	12
k63_1100917	16033	19167	-1	13
k63_1100917	19208	19621	1	14
k63_1100917	19726	21180	1	15
k63_1100917	21217	21753	1	16
k63_1100917	21743	23524	1	17
k63_1100917	23544	24353	1	18
k63_1100917	24356	24670	1	19
k63_353096	2	139	-1	1
k63_353096	205	1047	1	2
k63_353096	1025	2632	1	3
k63_353096	2780	3049	1	4
k63_353096	3195	3872	-1	5
k63_353096	3814	4020	-1	6
k63_353096	4286	6280	-1	7
k63_353096	6277	7326	-1	8
k63_353096	7323	7442	-1	9
k63_353096	7744	8520	1	10
k63_353096	8548	9111	1	11
k63_353333	1	492	1	1
k63_353333	651	1808	1	2
k63_353333	1922	2251	1	3
k63_353333	2260	2715	1	4
k63_353333	2756	3013	1	5
k63_353333	3015	3329	1	6
k63_353333	3461	4192	1	7
k63_353333	4189	5100	1	8
k63_353333	5289	6689	1	9
k63_353333	6765	7694	1	10
k63_353333	7682	8203	1	11
k63_1209467	141	266	1	1
k63_1209467	278	1579	-1	2
k63_1209467	1572	2618	-1	3
k63_1209467	2699	3253	-1	4
k63_1209467	3240	3707	-1	5
k63_456068	2	1555	1	1
k63_1315509	3	557	-1	1
k63_1315509	550	1149	-1	2
k63_1315509	1146	1700	-1	3
k63_1315509	1706	3586	-1	4
k63_29368	107	250	1	1
k63_29368	359	1633	1	2
k63_29368	1623	1982	1	3
k63_29368	1992	2399	1	4
k63_29368	2484	2555	-1	5
k63_781936	17	826	-1	1
k63_781936	928	2688	1	2
k63_566908	3	203	1	1
k63_566908	200	2413	1	2
k63_566908	2535	3629	-1	3
k63_566908	3626	4264	-1	4
k63_566908	4255	5289	-1	5
k63_566908	5340	5504	-1	6
k63_887257	2	154	-1	1
k63_887257	200	979	-1	2
k63_887257	1444	2103	-1	3
k63_887257	2103	2351	-1	4
k63_995572	2	169	-1	1
k63_995572	492	902	1	2
k63_995572	911	1585	1	3
k63_995572	1585	1863	1	4
k63_995572	1972	2406	-1	5
k63_995572	2408	2623	-1	6
k63_995572	2898	3182	-1	7
k63_995572	3194	3943	-1	8
k63_995572	4729	5217	1	9
k63_995572	5214	6137	-1	10
k63_995572	6134	6622	-1	11
k63_995572	6619	7263	-1	12
k63_995572	7265	7474	1	13
k63_995572	7482	8132	1	14
k63_1315889	1	60	-1	1
k63_1315889	168	962	-1	2
k63_1315889	1057	1278	1	3
k63_1315889	1278	1628	1	4
k63_782335	384	626	1	1
k63_782335	623	1993	1	2
k63_245098	1	1026	1	1
k63_245098	1028	2332	1	2
k63_245098	2420	2614	1	3
k63_782388	3	719	-1	1
k63_782388	1149	1394	1	2
k63_782388	1391	1699	1	3
k63_782388	1696	1806	-1	4
k63_782388	1794	2027	-1	5
k63_782388	2258	2395	-1	6
k63_782388	2335	3561	-1	7
k63_782388	3551	3889	-1	8
k63_782388	3965	4237	-1	9
k63_1316367	1	291	1	1
k63_1316367	329	1051	1	2
k63_1316367	1136	1879	-1	3
k63_1316367	1876	2781	-1	4
k63_1316367	3307	3660	1	5
k63_1316628	1	207	-1	1
k63_1316628	325	2343	1	2
k63_355098	1	687	1	1
k63_355098	761	1348	1	2
k63_355098	1405	1911	-1	3
k63_355098	2029	2754	1	4
k63_355098	2833	3612	-1	5
k63_355098	3651	4439	-1	6
k63_889051	3	257	-1	1
k63_889051	1088	1657	1	2
k63_889051	1691	2041	1	3
k63_889051	2034	3602	1	4
k63_889051	3763	4563	-1	5
k63_457956	2	529	1	1
k63_457956	743	1705	-1	2
k63_457956	1705	2064	-1	3
k63_457956	2205	2405	-1	4
k63_457956	2524	2745	-1	5
k63_676836	401	856	1	1
k63_676836	978	1202	-1	2
k63_676836	1216	1431	1	3
k63_676836	1795	3375	1	4
k63_676836	3510	3770	1	5
k63_676836	3873	4901	1	6
k63_676922	2	193	1	1
k63_676922	190	660	1	2
k63_676922	684	1700	1	3
k63_246841	2	145	1	1
k63_246841	142	384	1	2
k63_246841	878	2155	-1	3
k63_246841	2879	3862	1	4
k63_246841	3966	4193	-1	5
k63_31602	3	2522	1	1
k63_997809	2	766	-1	1
k63_997809	763	3300	-1	2
k63_997809	3297	4700	-1	3
k63_997809	4700	5329	-1	4
k63_997809	5326	6594	-1	5
k63_997809	6591	7085	-1	6
k63_997809	7088	7696	-1	7
k63_997809	7696	8211	-1	8
k63_997809	8215	9294	-1	9
k63_997809	9294	9428	-1	10
k63_997809	9513	10613	-1	11
k63_997809	10632	11513	-1	12
k63_997809	11590	12369	-1	13
k63_997809	12389	13186	-1	14
k63_997809	13216	13632	-1	15
k63_1104581	3	206	1	1
k63_1104581	443	1276	1	2
k63_1104581	1310	2170	-1	3
k63_1104581	2251	2853	-1	4
k63_1104581	2996	3808	-1	5
k63_1104581	3827	4081	-1	6
k63_1104581	4179	5108	1	7
k63_1104581	5114	5581	-1	8
k63_1104581	5838	6599	-1	9
k63_31766	175	963	1	1
k63_31766	973	1488	-1	2
k63_31766	1546	1728	1	3
k63_31766	1779	2585	1	4
k63_31766	2557	3192	-1	5
k63_31766	3225	3935	1	6
k63_31766	4087	4146	1	7
k63_570143	128	1306	-1	1
k63_570143	1398	2198	-1	2
k63_356871	1	285	1	1
k63_356871	406	849	1	2
k63_356871	990	1160	-1	3
k63_356871	1290	2753	1	4
k63_31942	1	78	-1	1
k63_31942	246	875	-1	2
k63_31942	881	1099	-1	3
k63_31942	1251	4835	-1	4
k63_677865	3	182	-1	1
k63_677865	380	1270	-1	2
k63_677865	1347	3500	1	3
k63_677865	3547	4548	1	4
k63_677865	4725	5732	1	5
k63_677865	5904	7223	1	6
k63_677865	7314	7931	-1	7
k63_677865	7944	8606	-1	8
k63_1532605	37	255	-1	1
k63_1532605	264	449	1	2
k63_1532605	901	1665	-1	3
k63_998882	2	3148	1	1
k63_459539	3	701	-1	1
k63_459539	906	1163	-1	2
k63_459539	1201	2061	1	3
k63_1319537	2	538	1	1
k63_1319537	623	994	-1	2
k63_1319537	1198	1419	-1	3
k63_1319537	1510	2097	-1	4
k63_1319537	2094	2570	-1	5
k63_1319537	2701	3933	-1	6
k63_1533243	3	1187	1	1
k63_1533243	1221	2087	-1	2
k63_1533243	2092	2379	1	3
k63_1533243	2369	2524	-1	4
k63_1533243	2627	4078	1	5
k63_32975	1	1398	-1	1
k63_32975	1561	3501	-1	2
k63_32975	3877	3990	-1	3
k63_572083	3	413	-1	1
k63_572083	721	933	-1	2
k63_572083	1050	1850	-1	3
k63_1106272	2	2563	-1	1
k63_1106272	2780	3427	1	2
k63_1214358	2	1087	1	1
k63_1214358	1084	2592	1	2
k63_891772	1	384	-1	1
k63_891772	381	1577	-1	2
k63_891772	1643	2314	1	3
k63_891772	2331	3185	-1	4
k63_891772	3526	4179	-1	5
k63_891772	4252	4929	-1	6
k63_891772	5035	5736	-1	7
k63_891772	5774	6172	-1	8
k63_891772	6153	6308	-1	9
k63_1427834	1	633	-1	1
k63_1427834	986	1885	1	2
k63_1427834	2135	2293	1	3
k63_1106953	2	379	-1	1
k63_1106953	389	775	-1	2
k63_1106953	1206	1394	1	3
k63_1106953	1425	3170	1	4
k63_787528	182	2218	-1	1
k63_787528	2199	2378	-1	2
k63_787651	1	153	-1	1
k63_787651	150	797	-1	2
k63_787651	826	1515	1	3
k63_787651	1578	1940	1	4
k63_787651	1950	3050	-1	5
k63_33860	3	713	-1	1
k63_33860	839	1687	-1	2
k63_1000714	3	569	-1	1
k63_1000714	623	1159	-1	2
k63_1000714	1164	1589	-1	3
k63_1000714	1645	2880	1	4
k63_1000714	2880	3710	1	5
k63_1000714	3793	4929	1	6
k63_1000714	4967	5215	-1	7
k63_1000714	5236	5901	-1	8
k63_1000714	5905	7527	1	9
k63_1000714	7546	8685	1	10
k63_1000714	8866	8979	1	11
k63_893119	1	516	1	1
k63_893119	844	1545	-1	2
k63_893119	1568	1753	1	3
k63_893119	1977	2186	1	4
k63_893119	2111	2719	-1	5
k63_893119	2728	3198	-1	6
k63_893119	3299	3499	-1	7
k63_893119	3960	4169	1	8
k63_33993	2	574	1	1
k63_33993	629	1240	-1	2
k63_33993	1378	1995	-1	3
k63_33993	2058	2813	-1	4
k63_33993	2856	4406	-1	5
k63_33993	4562	5662	-1	6
k63_33993	5679	6005	-1	7
k63_33993	6143	7723	1	8
k63_33993	7748	8122	1	9
k63_33993	8471	11245	-1	10
k63_893335	1	237	-1	1
k63_893335	255	581	-1	2
k63_893335	578	1663	-1	3
k63_893335	1688	2785	-1	4
k63_893335	2834	3079	-1	5
k63_893335	3076	4488	-1	6
k63_893335	4848	5432	1	7
k63_893335	5674	6903	1	8
k63_893335	6972	7889	1	9
k63_893335	7904	8533	1	10
k63_893335	8672	9448	1	11
k63_893335	9435	10307	1	12
k63_893335	10355	11329	-1	13
k63_893335	11355	11681	-1	14
k63_893335	11716	12678	-1	15
k63_893335	12715	13149	-1	16
k63_893335	13285	13590	-1	17
k63_893335	13683	14711	-1	18
k63_893335	14704	15300	-1	19
k63_893335	15337	16164	-1	20
k63_893335	16337	16483	-1	21
k63_893335	16763	17536	-1	22
k63_143566	32	937	1	1
k63_143566	946	1563	-1	2
k63_462860	1	1563	1	1
k63_1001770	19	1584	1	1
k63_894263	99	764	1	1
k63_894263	938	1870	1	2
k63_894263	1863	2105	-1	3
k63_894263	2112	2234	-1	4
k63_574512	101	1579	-1	1
k63_574512	1598	2116	-1	2
k63_574512	2323	3741	1	3
k63_574512	3881	4276	1	4
k63_360991	3	563	-1	1
k63_360991	608	1375	1	2
k63_360991	1416	2594	-1	3
k63_360991	2644	4005	-1	4
k63_360991	4030	4515	-1	5
k63_895345	2	1501	-1	1
k63_895345	1599	2087	-1	2
k63_895345	2084	3277	-1	3
k63_895345	3274	3522	-1	4
k63_1536727	2	418	1	1
k63_1536727	421	1341	1	2
k63_1536727	1349	2293	1	3
k63_1536727	2304	2777	-1	4
k63_790656	1	555	-1	1
k63_790656	616	768	1	2
k63_790656	909	3347	1	3
k63_1536824	1	510	1	1
k63_1536824	510	1745	1	2
k63_1536824	1773	3698	-1	3
k63_1536824	3695	4729	-1	4
k63_1536824	4750	5691	-1	5
k63_252858	2	367	1	1
k63_252858	373	3213	-1	2
k63_252858	3244	4755	-1	3
k63_252858	4824	5651	-1	4
k63_252858	5654	6901	-1	5
k63_252858	6913	8085	-1	6
k63_252858	8130	8582	1	7
k63_252858	8656	9288	1	8
k63_575560	57	3239	-1	1
k63_145762	1	1107	-1	1
k63_145762	1436	2470	-1	2
k63_145762	2737	4173	1	3
k63_575700	1	477	-1	1
k63_575700	571	1089	-1	2
k63_575700	1089	1568	-1	3
k63_575700	1580	2485	-1	4
k63_575700	2571	4037	1	5
k63_575700	4034	4309	1	6
k63_575700	4331	4552	1	7
k63_575700	4697	6463	-1	8
k63_575700	6531	7112	-1	9
k63_575700	7137	8072	-1	10
k63_575700	8083	9453	-1	11
k63_575700	9556	10599	-1	12
k63_575700	10711	13125	-1	13
k63_575700	13125	14123	-1	14
k63_575700	14187	14459	1	15
k63_575700	14426	15238	-1	16
k63_575700	15274	15636	-1	17
k63_575700	15681	15872	-1	18
k63_575700	15930	16610	-1	19
k63_575700	16753	17217	1	20
k63_575700	17230	18105	-1	21
k63_575700	18132	19148	-1	22
k63_575700	19161	19682	-1	23
k63_575700	19711	20835	-1	24
k63_575700	20841	21752	-1	25
k63_575700	21749	22336	-1	26
k63_575700	22387	23031	1	27
k63_575700	23031	23552	1	28
k63_575700	23649	25406	-1	29
k63_575700	25431	26633	-1	30
k63_575700	26630	27874	-1	31
k63_575700	27902	28009	-1	32
k63_1217638	3	428	1	1
k63_1217638	575	850	1	2
k63_1217638	906	1139	1	3
k63_1217638	1151	2050	1	4
k63_1217638	2107	3249	1	5
k63_1217638	3319	4005	-1	6
k63_1217638	4030	4965	-1	7
k63_1217638	5009	5509	1	8
k63_1217638	5550	6500	1	9
k63_1217638	6549	8126	-1	10
k63_1217638	8165	8251	1	11
k63_896204	2	130	-1	1
k63_896204	220	1071	-1	2
k63_896204	1073	1729	-1	3
k63_896204	2078	2581	1	4
k63_896204	2720	3085	1	5
k63_791270	2	679	1	1
k63_791270	735	1670	1	2
k63_464686	65	1042	-1	1
k63_464686	1159	2574	-1	2
k63_464686	2807	3322	-1	3
k63_464686	3333	4196	-1	4
k63_464686	4556	4642	-1	5
k63_1110515	3	68	-1	1
k63_1110515	71	1138	-1	2
k63_1110515	1131	1784	-1	3
k63_1110515	2034	2450	-1	4
k63_1110515	2447	3016	-1	5
k63_1110515	3124	3240	-1	6
k63_253449	1	597	-1	1
k63_253449	603	1037	-1	2
k63_253449	1048	2193	1	3
k63_253449	2281	4146	1	4
k63_253449	4272	5837	1	5
k63_146792	1	1209	1	1
k63_146792	1206	3485	1	2
k63_146792	3528	4721	1	3
k63_146792	4714	5649	1	4
k63_146792	5683	6789	1	5
k63_146792	6880	8376	1	6
k63_146792	8443	8667	1	7
k63_146792	8664	9071	1	8
k63_146792	9171	9434	1	9
k63_146792	9431	9790	-1	10
k63_146792	9924	10181	-1	11
k63_146792	10182	10724	-1	12
k63_146792	10966	12219	1	13
k63_146792	12244	14820	1	14
k63_146792	14811	15923	1	15
k63_146792	15920	16618	1	16
k63_684023	3	239	1	1
k63_684023	448	852	1	2
k63_684023	880	1167	1	3
k63_684023	1191	1358	1	4
k63_684023	1435	1731	-1	5
k63_464916	1	69	-1	1
k63_464916	128	358	-1	2
k63_464916	425	979	-1	3
k63_464916	1144	2340	-1	4
k63_464916	2439	3260	-1	5
k63_464916	3374	4648	-1	6
k63_464916	4645	5778	-1	7
k63_464916	5952	7184	1	8
k63_464916	7213	8646	1	9
k63_464916	8643	9881	-1	10
k63_464916	9890	10786	-1	11
k63_464916	10793	11470	-1	12
k63_464916	11562	12674	-1	13
k63_464916	12700	15432	-1	14
k63_464916	15498	16082	-1	15
k63_464916	16220	16714	-1	16
k63_464916	16750	17772	-1	17
k63_464916	17769	18668	-1	18
k63_464916	18685	19572	-1	19
k63_464916	19622	21064	-1	20
k63_464916	21162	22334	-1	21
k63_464916	22356	23303	-1	22
k63_464916	23313	23552	-1	23
k63_464916	23593	24936	-1	24
k63_464916	24996	25832	-1	25
k63_464916	25940	26686	-1	26
k63_464916	26676	30419	-1	27
k63_464916	30459	31259	-1	28
k63_464916	31609	33579	1	29
k63_464916	33591	34055	1	30
k63_464916	34042	35601	-1	31
k63_464916	35598	38549	-1	32
k63_464916	38909	39427	-1	33
k63_464916	39424	39891	-1	34
k63_464916	40198	40398	-1	35
k63_464916	40395	40760	-1	36
k63_464916	41062	41982	1	37
k63_464916	41996	42976	1	38
k63_464916	42973	43908	1	39
k63_464916	43905	44606	1	40
k63_464916	44768	44992	-1	41
k63_147029	2	517	1	1
k63_147029	595	1791	1	2
k63_1324817	3	563	1	1
k63_1324817	560	1894	-1	2
k63_1324817	1973	3178	1	3
k63_1218368	3	428	-1	1
k63_1218368	425	1564	-1	2
k63_1218368	1568	2761	-1	3
k63_1218368	2761	4203	-1	4
k63_1218368	4305	5141	-1	5
k63_1218368	5187	6128	-1	6
k63_1218368	6168	6641	-1	7
k63_465080	1	219	1	1
k63_465080	216	1412	1	2
k63_465080	1464	1634	1	3
k63_684696	136	1824	1	1
k63_684696	1886	2824	-1	2
k63_684696	2945	3643	1	3
k63_684696	3657	4823	-1	4
k63_684696	4820	5818	-1	5
k63_684696	5879	7009	1	6
k63_1111737	3	155	1	1
k63_1111737	418	1656	-1	2
k63_1111737	1792	2292	-1	3
k63_1111737	2463	2672	1	4
k63_1111737	2773	4083	1	5
k63_1111737	4098	5645	-1	6
k63_1111737	5642	6820	-1	7
k63_1111737	6867	8129	-1	8
k63_1111737	8162	8719	-1	9
k63_1111737	8725	9495	-1	10
k63_1111737	9498	10286	-1	11
k63_1111737	10309	11310	-1	12
k63_1111737	11301	11993	-1	13
k63_1111737	12099	12989	-1	14
k63_1111737	13058	14197	-1	15
k63_1111737	14190	15266	-1	16
k63_684754	1	780	-1	1
k63_684754	798	1145	1	2
k63_684754	1215	2837	1	3
k63_684754	2830	4608	1	4
k63_684754	4595	4996	1	5
k63_577483	3	614	-1	1
k63_577483	871	1860	1	2
k63_577483	1866	2720	1	3
k63_577483	2730	4040	-1	4
k63_577483	4047	4307	-1	5
k63_37795	2	337	1	1
k63_37795	225	602	-1	2
k63_37795	592	1395	-1	3
k63_37795	1370	2203	-1	4
k63_37795	2348	3505	1	5
k63_37795	3531	4073	1	6
k63_37795	4110	5033	1	7
k63_1538503	3	326	-1	1
k63_1538503	606	1160	-1	2
k63_1538503	1214	2701	-1	3
k63_1538503	2728	3510	-1	4
k63_1538503	3525	4841	-1	5
k63_1538503	4838	5533	-1	6
k63_1538503	5530	6429	-1	7
k63_1538503	6618	7973	1	8
k63_1538503	7991	8650	1	9
k63_1538503	8864	9172	-1	10
k63_1004974	2	598	-1	1
k63_1004974	698	1474	1	2
k63_1004974	1487	1963	-1	3
k63_1004974	1993	2313	-1	4
k63_1004974	2374	2481	-1	5
k63_1004974	2550	2795	-1	6
k63_1004974	2801	3550	-1	7
k63_577884	2	1540	1	1
k63_577884	1566	3464	1	2
k63_1219593	2	337	-1	1
k63_1219593	369	527	-1	2
k63_1219593	817	1638	1	3
k63_1219593	1658	2197	-1	4
k63_1219593	2194	2532	-1	5
k63_1219593	2686	3144	1	6
k63_1219593	3163	3843	1	7
k63_1219593	3950	5077	1	8
k63_1219593	5116	5379	1	9
k63_1219593	5384	5821	1	10
k63_1219593	5818	6786	1	11
k63_1219593	6900	7991	-1	12
k63_1219593	8093	9058	1	13
k63_1219593	9055	9660	1	14
k63_1219593	9727	10251	1	15
k63_1219593	10379	11005	1	16
k63_1219593	11039	12115	1	17
k63_898571	1	573	1	1
k63_898571	634	1779	1	2
k63_898571	1812	2381	1	3
k63_898571	2397	3365	1	4
k63_898571	3362	4198	1	5
k63_898571	4179	5138	-1	6
k63_898571	5163	6209	1	7
k63_898571	6206	8452	-1	8
k63_898571	8557	9285	-1	9
k63_898571	9324	10418	1	10
k63_898571	10440	11204	-1	11
k63_898571	11201	11872	-1	12
k63_1326463	2	742	-1	1
k63_1326463	742	1380	-1	2
k63_1326463	1387	1524	-1	3
k63_1326463	2016	2138	1	4
k63_685967	2	871	-1	1
k63_685967	915	1805	-1	2
k63_685967	2047	2166	1	3
k63_685967	2286	2780	1	4
k63_685967	2806	3867	-1	5
k63_685967	3864	4472	-1	6
k63_685967	4469	5905	-1	7
k63_685967	5947	8643	-1	8
k63_685967	8713	10077	-1	9
k63_685967	10092	10613	-1	10
k63_1113096	1	351	1	1
k63_1113096	344	1546	1	2
k63_1113096	1543	3072	1	3
k63_1539405	2	94	-1	1
k63_1539405	370	1164	1	2
k63_1539405	1258	1584	-1	3
k63_1539405	1575	1688	-1	4
k63_1539405	1713	1895	-1	5
k63_38562	3	593	-1	1
k63_38562	829	1599	1	2
k63_38562	1691	2170	1	3
k63_38562	2218	3180	-1	4
k63_38562	3205	3435	-1	5
k63_466556	203	481	1	1
k63_466556	687	1115	1	2
k63_466556	1417	1863	1	3
k63_466556	1692	2201	-1	4
k63_466556	2316	3083	-1	5
k63_38598	122	301	-1	1
k63_38598	429	941	-1	2
k63_38598	963	1160	-1	3
k63_38598	1165	1446	-1	4
k63_38598	1460	1870	-1	5
k63_38598	2134	2361	1	6
k63_38598	2358	2480	1	7
k63_38598	2450	3130	-1	8
k63_899085	180	1499	1	1
k63_899085	1496	2074	1	2
k63_899085	2089	3357	1	3
k63_899085	3371	3601	1	4
k63_466857	2	991	1	1
k63_466857	1002	1322	1	2
k63_466857	1428	2384	1	3
k63_466857	2468	3760	-1	4
k63_466857	3848	4486	1	5
k63_466857	4488	5225	1	6
k63_466857	5222	5512	1	7
k63_466857	5514	6350	1	8
k63_466857	6356	6634	1	9
k63_466857	6634	7311	1	10
k63_466857	7311	8210	1	11
k63_466857	8222	8638	1	12
k63_466857	8638	8865	1	13
k63_466857	8868	9137	1	14
k63_466857	9134	9502	1	15
k63_466857	9502	9837	1	16
k63_466857	9837	10403	1	17
k63_466857	10407	10592	1	18
k63_466857	10608	10790	1	19
k63_256703	3	1247	1	1
k63_256703	1380	1631	-1	2
k63_256703	1741	1881	1	3
k63_1220479	3	614	1	1
k63_1220479	685	2670	1	2
k63_1220479	2667	3257	1	3
k63_1220479	3521	3748	-1	4
k63_1220479	3776	4060	1	5
k63_1220479	3974	4690	-1	6
k63_794865	1	498	-1	1
k63_794865	489	1118	-1	2
k63_794865	1188	1637	1	3
k63_794865	1663	2457	-1	4
k63_794865	2470	2784	-1	5
k63_794865	2781	3926	-1	6
k63_794865	3976	4572	-1	7
k63_1434930	3	83	1	1
k63_1434930	111	1238	-1	2
k63_1434930	1318	2085	-1	3
k63_1434930	2088	2867	-1	4
k63_1434930	2864	3760	-1	5
k63_1434930	3769	4770	-1	6
k63_1434930	4793	5245	-1	7
k63_1114215	234	557	1	1
k63_1114215	859	1341	1	2
k63_1114215	1338	2096	1	3
k63_1114215	2152	2289	1	4
k63_1114215	2382	2597	1	5
k63_1114215	2599	2850	1	6
k63_1114215	2899	3069	-1	7
k63_899816	1	552	1	1
k63_899816	706	1143	1	2
k63_899816	978	2528	-1	3
k63_899816	2605	3228	1	4
k63_1540793	2	997	1	1
k63_1540793	1009	2247	1	2
k63_1540793	2275	2523	1	3
k63_1540793	2626	3192	-1	4
k63_1540793	3234	3572	1	5
k63_1540793	3693	5207	1	6
k63_150857	3	242	-1	1
k63_150857	239	841	-1	2
k63_150857	838	1221	-1	3
k63_150857	1218	1463	-1	4
k63_150857	1460	1663	-1	5
k63_150857	1653	2216	-1	6
k63_150857	2213	2452	-1	7
k63_150857	2655	2792	-1	8
k63_900107	3	764	-1	1
k63_900107	794	1729	-1	2
k63_796512	2	1108	1	1
k63_796512	1188	2390	1	2
k63_1007227	329	1075	1	1
k63_1007227	1141	2088	-1	2
k63_1007227	2109	2306	-1	3
k63_258262	2	1180	-1	1
k63_258262	1279	1749	1	2
k63_258262	1796	2125	1	3
k63_688244	1	1122	-1	1
k63_688244	1119	1598	-1	2
k63_1222383	481	1035	1	1
k63_1222383	1029	1796	1	2
k63_1222383	1778	2032	-1	3
k63_1222383	2059	2406	-1	4
k63_1329466	113	1192	1	1
k63_1329466	1203	1748	1	2
k63_1329466	1750	4011	1	3
k63_1329466	4054	5328	1	4
k63_1329466	5328	7076	1	5
k63_1329466	7073	7741	1	6
k63_152439	2	376	1	1
k63_152439	379	2271	-1	2
k63_152439	2624	2956	1	3
k63_152439	3102	3884	-1	4
k63_152439	3901	4644	-1	5
k63_152439	4644	5939	-1	6
k63_152439	5965	6741	1	7
k63_152439	6786	7109	-1	8
k63_1008199	2	91	-1	1
k63_1008199	261	530	-1	2
k63_1008199	523	1809	-1	3
k63_1008199	1752	2027	-1	4
k63_1116290	3	1199	-1	1
k63_1116290	1196	2251	-1	2
k63_1008463	224	727	1	1
k63_1008463	679	1524	1	2
k63_1008463	1517	2044	1	3
k63_1008463	2057	2500	1	4
k63_1008463	2529	4301	-1	5
k63_1008463	4331	9358	-1	6
k63_1008463	9433	10005	-1	7
k63_1008463	10002	11042	-1	8
k63_41913	3	209	1	1
k63_41913	257	898	1	2
k63_41913	987	1802	1	3
k63_41913	1886	2158	1	4
k63_41913	2160	2552	1	5
k63_41913	2552	2782	1	6
k63_41913	2858	4261	-1	7
k63_41913	4248	4877	-1	8
k63_41913	5021	5416	-1	9
k63_41913	5522	6265	1	10
k63_41913	6385	6465	1	11
k63_1330178	3	527	1	1
k63_1330178	527	892	1	2
k63_1330178	892	1509	1	3
k63_1330178	1512	1694	1	4
k63_1330178	1691	2185	1	5
k63_1330178	2205	3533	1	6
k63_1330178	3534	4106	1	7
k63_1330178	4301	4459	1	8
k63_1330178	4508	4621	1	9
k63_1330178	4623	5000	1	10
k63_1330178	5000	5398	1	11
k63_1330178	5402	6016	1	12
k63_1330178	6029	6967	1	13
k63_1330178	7034	7324	1	14
k63_1330178	7446	9317	1	15
k63_1330178	9447	10283	1	16
k63_1330178	10382	10852	1	17
k63_1330178	10852	11244	1	18
k63_1330178	11301	12653	1	19
k63_1330178	12755	16198	1	20
k63_1330178	16359	16541	1	21
k63_1543190	57	311	-1	1
k63_1543190	323	1249	-1	2
k63_1543190	1343	1555	1	3
k63_1543190	1632	3092	1	4
k63_1543190	3204	3419	1	5
k63_1543190	3558	4337	1	6
k63_581581	3	1262	-1	1
k63_581581	1561	1779	1	2
k63_581581	1826	2839	1	3
k63_1543345	2	520	1	1
k63_1543345	524	1690	1	2
k63_1543345	1751	3061	1	3
k63_1543345	3183	3443	-1	4
k63_1543345	3506	4255	1	5
k63_1543345	4281	4544	-1	6
k63_1543345	4545	5171	-1	7
k63_1543448	93	872	-1	1
k63_1543448	886	1107	-1	2
k63_1543448	1113	1334	-1	3
k63_1543448	1334	1630	-1	4
k63_1543448	1757	2362	-1	5
k63_1543448	2380	3849	-1	6
k63_1543448	4009	4527	-1	7
k63_1223634	3	218	-1	1
k63_1223634	435	2174	1	2
k63_1223634	2208	3479	1	3
k63_1223634	3476	4576	1	4
k63_1223634	4587	6095	1	5
k63_1223634	6111	6305	1	6
k63_1223634	6373	7176	1	7
k63_1223634	7187	7867	1	8
k63_1223634	7906	9264	1	9
k63_1223634	9284	10180	1	10
k63_1223634	10177	11145	1	11
k63_1223634	11270	11938	1	12
k63_1223634	11972	12679	-1	13
k63_1223634	12743	12991	1	14
k63_1223634	13001	13360	1	15
k63_1223634	13381	14139	1	16
k63_1223634	14136	14747	1	17
k63_1223634	14826	16001	1	18
k63_1223634	16013	17632	1	19
k63_1223634	17708	18163	1	20
k63_1223634	18127	18645	1	21
k63_1223634	18648	19115	1	22
k63_1223634	19139	19900	-1	23
k63_1223634	19893	20726	-1	24
k63_1223634	20702	21157	-1	25
k63_1223634	21600	22292	1	26
k63_1223634	22354	22905	1	27
k63_1223634	22973	23926	1	28
k63_1223634	23927	24622	-1	29
k63_1223634	24682	25434	1	30
k63_1223634	25449	26240	1	31
k63_1223634	26250	26897	1	32
k63_1223634	26903	27133	-1	33
k63_689953	360	1868	-1	1
k63_689953	2073	3146	1	2
k63_689953	3133	3948	1	3
k63_689953	3945	4511	1	4
k63_689953	4516	5688	-1	5
k63_689953	5707	6312	-1	6
k63_689953	6579	7688	1	7
k63_689953	7701	8123	-1	8
k63_689953	8155	8778	1	9
k63_689953	8816	9196	1	10
k63_689953	9312	9686	1	11
k63_689953	9697	10485	1	12
k63_689953	10478	11065	1	13
k63_689953	11122	11619	1	14
k63_689953	11732	12193	1	15
k63_689953	12223	13311	1	16
k63_689953	13338	14210	-1	17
k63_689953	14229	15329	-1	18
k63_689953	15413	15838	-1	19
k63_690388	1	522	1	1
k63_690388	590	799	1	2
k63_690388	796	984	1	3
k63_690388	1020	1526	1	4
k63_368201	56	469	-1	1
k63_368201	620	1570	1	2
k63_368201	1502	1678	-1	3
k63_903627	103	549	1	1
k63_903627	557	760	-1	2
k63_903627	905	1996	-1	3
k63_903627	1993	3549	-1	4
k63_903627	3667	5016	1	5
k63_903627	5060	6838	-1	6
k63_903627	7765	9222	1	7
k63_903627	9284	10537	1	8
k63_1332281	1	303	1	1
k63_1332281	390	899	-1	2
k63_1332281	905	2413	-1	3
k63_1332281	2519	4465	-1	4
k63_1332281	4549	4749	1	5
k63_1439684	73	1530	-1	1
k63_1118996	3	464	1	1
k63_1118996	454	1578	1	2
k63_471750	3	281	1	1
k63_471750	288	875	1	2
k63_471750	875	1600	1	3
k63_471750	1600	2154	1	4
k63_471750	2151	3173	1	5
k63_471750	3209	4165	-1	6
k63_471750	4446	4736	1	7
k63_471750	4747	6393	1	8
k63_1440277	3	764	1	1
k63_1440277	761	892	1	2
k63_1440277	914	2143	1	3
k63_1440277	2378	2617	1	4
k63_1440277	2682	2801	1	5
k63_1440277	3032	4123	-1	6
k63_1440277	4120	5247	-1	7
k63_1440277	5237	6379	-1	8
k63_1440277	6400	6783	-1	9
k63_1440277	6780	8726	-1	10
k63_1440277	9412	10131	1	11
k63_1440277	10169	10468	1	12
k63_584309	3	758	1	1
k63_584309	752	1375	1	2
k63_1440711	2	706	-1	1
k63_1440711	703	2253	-1	2
k63_1440711	2322	3656	-1	3
k63_1440711	3870	4163	1	4
k63_262696	2	70	-1	1
k63_262696	164	556	1	2
k63_262696	583	1620	-1	3
k63_262696	1666	2157	-1	4
k63_262696	2154	3893	-1	5
k63_262696	3911	4747	1	6
k63_262696	4736	5458	-1	7
k63_371206	318	545	1	1
k63_371206	589	915	1	2
k63_371206	790	1653	-1	3
k63_371206	1625	1891	-1	4
k63_371206	1968	2171	-1	5
k63_371206	2815	3063	-1	6
k63_1440952	1	693	1	1
k63_1440952	701	1132	1	2
k63_1440952	1219	2406	-1	3
k63_1440952	2426	3772	-1	4
k63_262940	1	609	-1	1
k63_262940	606	2216	-1	2
k63_262940	2502	2630	1	3
k63_262940	2652	3182	1	4
k63_262940	3285	4280	1	5
k63_262940	4400	5143	1	6
k63_262940	5143	5235	1	7
k63_155519	3	62	-1	1
k63_155519	285	1268	1	2
k63_155519	1292	1726	1	3
k63_473103	3	755	1	1
k63_473103	879	2171	1	2
k63_473103	2203	3129	-1	3
k63_473103	3147	4838	1	4
k63_473103	4878	5225	-1	5
k63_473103	5264	6043	-1	6
k63_473103	6273	6719	-1	7
k63_473103	6754	7659	1	8
k63_473103	7687	8064	-1	9
k63_473103	8061	8312	-1	10
k63_473103	8730	9116	1	11
k63_473103	9323	10483	-1	12
k63_1547265	1	546	-1	1
k63_1547265	626	1435	-1	2
k63_1547265	1416	2144	-1	3
k63_1547265	2152	2937	-1	4
k63_1547600	2	130	1	1
k63_1547600	166	1632	1	2
k63_1547600	1672	2238	1	3
k63_1547827	1	279	-1	1
k63_1547827	413	1648	1	2
k63_1547827	1687	2493	-1	3
k63_1547827	2628	3554	1	4
k63_1547827	3551	4324	1	5
k63_803212	2	385	-1	1
k63_803212	446	1243	-1	2
k63_803212	1240	1989	-1	3
k63_803212	2052	2993	-1	4
k63_803212	3028	5067	-1	5
k63_1013546	2	2032	-1	1
k63_1013546	2167	2496	-1	2
k63_1228263	1	315	1	1
k63_1228263	327	1940	-1	2
k63_47707	1	540	1	1
k63_47707	553	1284	-1	2
k63_47707	1297	1908	-1	3
k63_47707	1992	2981	1	4
k63_47707	3002	4435	1	5
k63_47707	4499	5197	1	6
k63_47707	5245	5577	1	7
k63_47707	5620	6243	-1	8
k63_47707	6360	6431	1	9
k63_1443615	153	566	1	1
k63_1443615	670	2184	1	2
k63_474797	1	99	-1	1
k63_474797	263	850	1	2
k63_474797	864	1685	1	3
k63_474797	1718	2497	-1	4
k63_474797	2516	2716	-1	5
k63_1015393	156	290	-1	1
k63_1015393	355	1260	-1	2
k63_1015393	1471	1893	1	3
k63_1122828	1	1350	-1	1
k63_1122828	1422	4280	-1	2
k63_1122828	4702	5460	1	3
k63_1122828	5486	6124	-1	4
k63_1122828	6153	6779	1	5
k63_1122828	6819	7922	-1	6
k63_1122828	7919	8776	-1	7
k63_1122828	8754	9881	-1	8
k63_1122828	9878	11377	-1	9
k63_1122828	11370	11759	-1	10
k63_475106	102	2090	1	1
k63_158876	1	156	1	1
k63_158876	281	625	-1	2
k63_158876	851	1852	1	3
k63_158876	1904	4147	1	4
k63_1123105	3	1310	-1	1
k63_1123105	1307	1909	-1	2
k63_475449	2	628	-1	1
k63_475449	798	1595	1	2
k63_1229743	129	548	1	1
k63_1229743	643	1083	-1	2
k63_1229743	1209	2105	1	3
k63_588292	1	318	1	1
k63_588292	346	675	1	2
k63_588292	809	4861	1	3
k63_588292	5068	5910	1	4
k63_588292	5937	7226	-1	5
k63_588292	7240	8115	-1	6
k63_588292	8163	9860	-1	7
k63_588292	9980	10144	1	8
k63_909352	163	1647	1	1
k63_266209	2	898	1	1
k63_266209	923	1219	1	2
k63_266209	1296	2696	-1	3
k63_266209	2824	3732	-1	4
k63_266209	3762	4916	-1	5
k63_909597	3	2255	-1	1
k63_909692	3	437	-1	1
k63_909692	434	1684	-1	2
k63_909692	1762	2268	-1	3
k63_909692	2336	2839	1	4
k63_476866	1	372	-1	1
k63_476866	379	1308	-1	2
k63_476866	1312	2451	-1	3
k63_476866	2448	4100	-1	4
k63_476866	4097	5197	-1	5
k63_476866	5243	6409	-1	6
k63_476866	6406	7146	-1	7
k63_476892	3	632	1	1
k63_476892	640	960	-1	2
k63_476892	1073	1210	-1	3
k63_476892	1248	1598	1	4
k63_476892	1818	2021	1	5
k63_476892	2018	2416	1	6
k63_267074	30	851	-1	1
k63_267074	881	1174	-1	2
k63_267074	1243	1956	1	3
k63_267074	2039	2155	-1	4
k63_267074	2152	2511	-1	5
k63_267074	2539	3411	-1	6
k63_267074	3401	4429	-1	7
k63_267074	4567	5463	1	8
k63_267074	5528	6538	1	9
k63_267074	6591	8819	1	10
k63_267074	8890	8973	1	11
k63_1124980	3	1169	1	1
k63_1124980	1438	1671	1	2
k63_1124980	1856	2332	-1	3
k63_1124980	2459	2833	-1	4
k63_1124980	3039	4022	-1	5
k63_1124980	4019	5269	-1	6
k63_1124980	5292	6101	-1	7
k63_1124980	6098	6307	-1	8
k63_1124980	6333	6956	1	9
k63_1124980	6957	7766	-1	10
k63_1124980	7778	9145	-1	11
k63_1124980	9155	10546	-1	12
k63_1124980	10575	11417	1	13
k63_1124980	11461	13290	1	14
k63_1124980	13296	13937	-1	15
k63_1124980	13974	15734	-1	16
k63_1124980	15762	16565	-1	17
k63_1124980	16562	17503	-1	18
k63_1124980	17546	18550	1	19
k63_1124980	18677	18988	1	20
k63_1124980	19029	19853	1	21
k63_1124980	19843	20181	1	22
k63_1124980	20234	21139	-1	23
k63_1124980	21228	22376	-1	24
k63_1338952	1	1125	-1	1
k63_1338952	1305	3077	-1	2
k63_1338952	3074	4141	-1	3
k63_1338952	4288	5526	1	4
k63_1338952	5551	5685	-1	5
k63_807350	50	790	-1	1
k63_807350	922	1821	-1	2
k63_807350	1821	2732	-1	3
k63_807350	2753	3514	1	4
k63_807350	3534	4577	1	5
k63_807350	4689	5069	-1	6
k63_807350	5069	5305	-1	7
k63_807350	5581	7239	1	8
k63_807350	7310	8782	-1	9
k63_1125745	1	195	1	1
k63_1125745	100	1080	-1	2
k63_1125745	1117	2124	-1	3
k63_1446631	1	372	1	1
k63_1446631	369	4799	1	2
k63_1446631	5050	6642	-1	3
k63_1446631	6681	9104	-1	4
k63_1446631	9139	11601	-1	5
k63_1446631	11727	12923	1	6
k63_1446631	12965	16489	-1	7
k63_1446631	16530	17363	-1	8
k63_1446631	17356	18042	-1	9
k63_1446631	18069	18359	-1	10
k63_1446631	18460	19449	-1	11
k63_1446631	19748	20314	-1	12
k63_1446631	20311	20886	-1	13
k63_1446631	20883	21356	-1	14
k63_1446631	21353	21892	-1	15
k63_1446631	22105	23028	-1	16
k63_161209	35	1090	1	1
k63_161209	1186	1485	-1	2
k63_161209	1603	1866	1	3
k63_912017	156	2324	1	1
k63_912017	2321	2587	-1	2
k63_912017	2602	5781	-1	3
k63_912017	5781	9791	-1	4
k63_269756	2	334	1	1
k63_269756	357	665	-1	2
k63_269756	672	1460	-1	3
k63_269756	1453	1827	-1	4
k63_269756	1824	3092	-1	5
k63_269756	3404	3577	-1	6
k63_269756	3626	4738	-1	7
k63_269805	3	242	-1	1
k63_269805	253	906	-1	2
k63_269805	1112	2356	-1	3
k63_269805	2356	3453	-1	4
k63_269805	3450	4547	-1	5
k63_269805	4551	6752	-1	6
k63_269805	6749	8053	-1	7
k63_269805	8072	8434	-1	8
k63_269805	8484	9659	-1	9
k63_269805	9746	10084	-1	10
k63_269805	10224	11597	-1	11
k63_269805	11675	12694	1	12
k63_269805	12671	13591	-1	13
k63_163256	3	1385	1	1
k63_163256	1388	2305	1	2
k63_163256	2381	3859	1	3
k63_163256	3856	4812	1	4
k63_163256	4809	5987	1	5
k63_163256	6072	7322	-1	6
k63_163256	7326	7871	-1	7
k63_163256	7897	9708	-1	8
k63_163256	9868	10320	1	9
k63_163256	10333	11358	1	10
k63_163256	11367	11897	-1	11
k63_163256	11949	13643	-1	12
k63_163256	13842	14789	1	13
k63_163256	14824	16314	-1	14
k63_163256	16386	16865	1	15
k63_163256	16862	17437	1	16
k63_163256	17482	18276	1	17
k63_163256	18273	19475	1	18
k63_163256	19472	20515	1	19
k63_163256	20512	20760	-1	20
k63_810121	1	897	-1	1
k63_810121	931	2220	-1	2
k63_810121	2308	3189	1	3
k63_810121	3189	4175	1	4
k63_810121	4180	5151	-1	5
k63_810121	5206	5595	-1	6
k63_480193	3	2738	1	1
k63_1342973	1	363	-1	1
k63_1342973	360	1520	-1	2
k63_1342973	1567	1713	-1	3
k63_481100	3	554	-1	1
k63_481100	683	2305	1	2
k63_481100	2339	3412	1	3
k63_1129993	3	401	1	1
k63_1129993	587	1255	1	2
k63_1129993	1252	3018	1	3
k63_1129993	3056	3928	1	4
k63_1129993	3936	4982	1	5
k63_1129993	4960	5226	-1	6
k63_1129993	5319	7103	1	7
k63_1129993	7152	8159	1	8
k63_1129993	8161	8952	1	9
k63_1235121	2	727	1	1
k63_1235121	1017	1298	1	2
k63_1235121	1543	3123	1	3
k63_1343874	185	820	-1	1
k63_1343874	795	1673	-1	2
k63_1343874	1708	2154	-1	3
k63_1022063	3	1427	1	1
k63_1022063	1479	2612	1	2
k63_915377	58	180	-1	1
k63_915377	159	383	-1	2
k63_915377	416	1438	-1	3
k63_915377	1439	1645	-1	4
k63_915377	2055	2720	1	5
k63_915377	3034	3489	-1	6
k63_915377	3704	3862	-1	7
k63_915377	3922	4086	-1	8
k63_1344516	3	392	1	1
k63_1344516	389	1279	1	2
k63_1344516	1276	2478	1	3
k63_915776	163	1539	1	1
k63_915776	1565	4843	1	2
k63_915776	4850	5320	-1	3
k63_915776	5375	5587	-1	4
k63_915776	5584	5868	-1	5
k63_915776	5917	6084	-1	6
k63_915776	6122	7939	-1	7
k63_1345134	1	426	-1	1
k63_1345134	434	1615	-1	2
k63_1345134	1756	2514	1	3
k63_1345134	2518	3795	-1	4
k63_1345134	3934	3993	1	5
k63_1023343	2	892	1	1
k63_1023343	944	1141	1	2
k63_1023343	1169	2401	-1	3
k63_1023343	2853	3320	-1	4
k63_1023343	3321	3725	-1	5
k63_1023343	3841	4155	1	6
k63_1023343	4152	4253	1	7
k63_383491	1	288	1	1
k63_383491	340	2523	1	2
k63_383491	2523	3194	1	3
k63_483256	1	255	-1	1
k63_483256	448	1764	1	2
k63_483256	1775	2473	1	3
k63_483256	2628	2777	-1	4
k63_1023866	3	296	1	1
k63_1023866	323	802	1	2
k63_1023866	819	1646	-1	3
k63_1023866	1657	2592	-1	4
k63_1023866	2785	3681	-1	5
k63_596980	2	172	1	1
k63_596980	534	1175	1	2
k63_596980	1405	1557	-1	3
k63_483800	2	517	1	1
k63_483800	605	835	1	2
k63_483800	832	1230	1	3
k63_483800	1275	1715	1	4
k63_483800	1770	2027	1	5
k63_483800	2024	2332	1	6
k63_483800	2354	3070	-1	7
k63_1558130	2	1813	1	1
k63_484115	1	1764	-1	1
k63_484115	1866	2828	-1	2
k63_384792	159	1196	-1	1
k63_384792	1212	1979	-1	2
k63_384792	1989	2507	-1	3
k63_484688	78	776	-1	1
k63_484688	778	2052	-1	2
k63_484688	2063	2278	-1	3
k63_1559028	3	560	1	1
k63_1559028	378	1064	-1	2
k63_1559028	1074	3362	-1	3
k63_1559028	3427	4176	-1	4
k63_1559028	4182	6359	1	5
k63_1559028	6363	7976	1	6
k63_1559028	7978	8655	-1	7
k63_1559028	8725	9444	-1	8
k63_1559028	9591	10121	-1	9
k63_1559028	10202	11821	-1	10
k63_1559028	11930	12205	-1	11
k63_1559028	12350	12562	1	12
k63_1559028	12546	13532	-1	13
k63_1559028	13627	14235	-1	14
k63_1455650	1	315	-1	1
k63_1455650	324	1808	1	2
k63_1455650	1805	1978	-1	3
k63_1455650	2693	2845	1	4
k63_1133318	2	898	1	1
k63_1133318	981	1775	-1	2
k63_1133318	1826	2671	-1	3
k63_1133318	2720	3400	-1	4
k63_1559677	1	570	-1	1
k63_1559677	746	1306	1	2
k63_1559677	1303	1623	1	3
k63_1559677	1645	2106	-1	4
k63_1133780	4	1188	-1	1
k63_1133780	1185	2552	-1	2
k63_1133780	2549	3118	-1	3
k63_1133780	3146	4885	-1	4
k63_1133780	4948	5670	1	5
k63_1133780	5667	7193	1	6
k63_1133780	7344	8564	1	7
k63_1134075	1	141	1	1
k63_1134075	211	1788	1	2
k63_1134075	1803	2000	1	3
k63_1134075	2052	3089	1	4
k63_1134075	3313	4644	1	5
k63_277197	3	809	1	1
k63_277197	1240	2844	1	2
k63_277197	3076	3624	1	3
k63_277197	3779	3853	1	4
k63_62438	1	297	1	1
k63_62438	287	2596	1	2
k63_62438	2688	4340	-1	3
k63_62438	4337	5245	-1	4
k63_601289	2	316	-1	1
k63_601289	408	539	-1	2
k63_601289	542	772	-1	3
k63_601289	943	2322	-1	4
k63_601289	2462	2827	-1	5
k63_601289	2836	3048	-1	6
k63_601289	3143	4288	1	7
k63_601289	4337	5119	1	8
k63_601289	5161	5511	-1	9
k63_1458234	276	653	1	1
k63_1458234	644	1279	-1	2
k63_1458234	1355	1924	-1	3
k63_1458234	2020	2376	-1	4
k63_1458234	2404	3684	-1	5
k63_1458234	3684	5324	-1	6
k63_1458234	5374	5790	1	7
k63_1458271	1	591	-1	1
k63_1458271	588	1808	-1	2
k63_1458271	1798	3567	-1	3
k63_1458271	3564	5015	-1	4
k63_63278	159	1106	1	1
k63_63278	1263	1742	1	2
k63_921710	3	80	1	1
k63_921710	179	1594	-1	2
k63_921710	1666	2112	-1	3
k63_921710	2192	3187	1	4
k63_921710	3213	3722	1	5
k63_921710	3719	4111	1	6
k63_921710	4111	6213	1	7
k63_921710	6210	6941	1	8
k63_1458559	1	183	-1	1
k63_1458559	255	665	-1	2
k63_1458559	775	1062	-1	3
k63_1458559	1403	2713	1	4
k63_1458559	2812	3378	1	5
k63_1458559	3407	3691	-1	6
k63_1458559	3795	4046	-1	7
k63_1458559	4058	5203	-1	8
k63_1458559	5342	5875	1	9
k63_1458559	5933	6541	1	10
k63_1458559	6538	7578	1	11
k63_1458559	7615	7737	-1	12
k63_171643	1	588	1	1
k63_171643	591	1463	1	2
k63_171643	1471	2580	1	3
k63_171643	2734	3462	1	4
k63_171643	3467	4558	-1	5
k63_171643	4555	6504	-1	6
k63_1562357	3	119	-1	1
k63_1562357	172	801	-1	2
k63_1562357	801	1886	-1	3
k63_1562357	2286	3059	1	4
k63_1136667	1	1131	1	1
k63_1136667	1128	2042	1	2
k63_1136667	2095	2409	1	3
k63_1136667	2443	3000	1	4
k63_1136667	3080	3316	1	5
k63_64283	2	1798	-1	1
k63_64283	2114	3349	-1	2
k63_64283	3405	3512	-1	3
k63_1137572	3	206	-1	1
k63_1137572	328	1038	-1	2
k63_1137572	1088	2104	-1	3
k63_1137572	2146	2331	-1	4
k63_1137572	2455	2586	1	5
k63_1137572	2952	3596	-1	6
k63_390188	1	951	-1	1
k63_390188	1055	2434	-1	2
k63_390188	2443	2754	-1	3
k63_390270	3	1064	1	1
k63_390270	1206	1787	1	2
k63_390270	1784	2740	-1	3
k63_390270	2842	3138	1	4
k63_390270	3358	4560	1	5
k63_390270	4560	5684	1	6
k63_390270	5772	8522	1	7
k63_1351550	1	405	1	1
k63_1351550	440	1189	1	2
k63_1351550	1298	2266	-1	3
k63_1351550	2280	3059	-1	4
k63_1351550	3090	4046	1	5
k63_1351550	4070	4753	-1	6
k63_1351550	4937	5272	1	7
k63_1351550	5283	6848	-1	8
k63_1351550	6867	7094	-1	9
k63_1351550	7168	8307	-1	10
k63_1351550	8327	9043	1	11
k63_1351550	9057	9296	-1	12
k63_924500	470	1645	1	1
k63_924500	1645	2565	1	2
k63_924500	2562	3269	1	3
k63_924500	3322	3552	1	4
k63_924500	3552	4724	1	5
k63_924500	4810	5238	-1	6
k63_924500	5273	5638	-1	7
k63_924500	5802	5930	1	8
k63_1138507	3	317	-1	1
k63_1138507	573	1547	-1	2
k63_1138507	1582	1887	-1	3
k63_712033	2	610	1	1
k63_712033	685	2064	1	2
k63_712033	2199	3503	1	3
k63_712033	3540	3830	1	4
k63_491041	1	951	1	1
k63_491041	958	1857	1	2
k63_491041	1854	2468	1	3
k63_491041	2485	3366	1	4
k63_491041	3373	4608	1	5
k63_491041	4580	5719	1	6
k63_491041	5612	5914	-1	7
k63_491041	5868	6887	-1	8
k63_491041	6923	7705	-1	9
k63_491041	7707	7871	-1	10
k63_491041	8279	10363	1	11
k63_176493	1	561	1	1
k63_176493	558	899	-1	2
k63_176493	1046	1162	1	3
k63_176493	1116	1916	-1	4
k63_176493	2058	2471	-1	5
k63_176493	2519	3121	-1	6
k63_176493	3188	4654	-1	7
k63_176493	4647	5594	-1	8
k63_176493	5654	6202	1	9
k63_176493	6203	7417	-1	10
k63_926391	1	1632	-1	1
k63_926391	1629	3056	-1	2
k63_926391	3053	5158	-1	3
k63_926391	5155	6231	-1	4
k63_606750	3	536	-1	1
k63_606750	529	1317	-1	2
k63_606750	1314	1814	-1	3
k63_606750	1869	2453	-1	4
k63_177120	2	796	1	1
k63_177120	820	1569	-1	2
k63_177120	1569	2540	-1	3
k63_177120	2540	3442	-1	4
k63_177120	3439	4368	-1	5
k63_927629	3	509	-1	1
k63_927629	628	1902	-1	2
k63_927629	1902	2555	-1	3
k63_927629	2611	2976	-1	4
k63_927629	3075	3221	-1	5
k63_927629	3762	4106	-1	6
k63_927629	4286	5242	1	7
k63_1354481	1	1776	1	1
k63_1354481	1921	2076	1	2
k63_283297	1	627	1	1
k63_283297	632	1666	1	2
k63_283297	1688	2011	1	3
k63_284198	196	1137	-1	1
k63_284198	1257	2462	-1	2
k63_284198	2699	4351	1	3
k63_284198	4636	4905	-1	4
k63_180948	3	308	-1	1
k63_180948	417	3257	-1	2
k63_396775	3	1019	-1	1
k63_396775	1050	2951	1	2
k63_396775	2951	4867	1	3
k63_396775	4883	5503	1	4
k63_286581	1	69	1	1
k63_286581	80	247	1	2
k63_286581	325	612	1	3
k63_286581	612	989	1	4
k63_286581	999	2573	1	5
k63_286581	2627	2980	1	6
k63_826117	2	208	1	1
k63_826117	243	818	1	2
k63_826117	874	1830	1	3
k63_826117	1842	2870	-1	4
k63_826117	2969	4096	-1	5
k63_73647	88	819	-1	1
k63_73647	916	1569	1	2
k63_73647	1823	3523	1	3
k63_73647	3545	4411	1	4
k63_73647	4514	4990	1	5
k63_73647	4994	5677	1	6
k63_931394	1	762	-1	1
k63_931394	794	2050	-1	2
k63_1145145	3	356	-1	1
k63_1145145	343	630	-1	2
k63_1145145	944	1165	1	3
k63_1145145	1152	1466	1	4
k63_1145145	1563	2534	1	5
k63_718131	3	812	1	1
k63_718131	878	1660	1	2
k63_718131	1668	2135	1	3
k63_718131	2315	2725	1	4
k63_718131	2722	3012	1	5
k63_718131	3009	3497	1	6
k63_718131	3540	3845	-1	7
k63_718131	3839	4024	-1	8
k63_718131	4304	5488	-1	9
k63_1358092	189	4547	-1	1
k63_1358092	4745	5128	1	2
k63_75022	2	793	-1	1
k63_75022	783	989	-1	2
k63_75022	1120	1239	1	3
k63_75022	1323	1757	1	4
k63_75022	1868	2140	1	5
k63_75022	2154	2387	1	6
k63_1039554	2	844	1	1
k63_1039554	1006	2187	-1	2
k63_1039554	2208	3719	-1	3
k63_1039554	4064	5053	-1	4
k63_1039554	5125	5361	-1	5
k63_1039554	5587	6147	-1	6
k63_1039554	6144	6452	-1	7
k63_1039554	6626	6928	1	8
k63_1039554	6929	7090	-1	9
k63_719193	2	604	1	1
k63_719193	604	1371	1	2
k63_719193	1423	2214	1	3
k63_719193	2214	3668	1	4
k63_719193	3765	4880	-1	5
k63_288933	3	569	-1	1
k63_288933	592	1269	-1	2
k63_288933	1456	2208	-1	3
k63_288933	2210	3841	-1	4
k63_288933	3897	4223	-1	5
k63_719296	2	151	1	1
k63_719296	97	351	1	2
k63_719296	430	1182	1	3
k63_719296	1227	2582	-1	4
k63_719296	2707	3093	-1	5
k63_719296	3208	3987	1	6
k63_719296	4032	4664	-1	7
k63_719296	4701	5693	-1	8
k63_719296	5693	5848	-1	9
k63_719296	5969	6700	-1	10
k63_719296	6820	7107	-1	11
k63_719296	7231	9771	-1	12
k63_719296	9782	11659	-1	13
k63_400983	1	1476	-1	1
k63_400983	1473	2171	-1	2
k63_400983	2183	2425	-1	3
k63_400983	2795	5104	-1	4
k63_400983	5101	5346	-1	5
k63_401020	1	258	1	1
k63_401020	513	2177	-1	2
k63_401020	2362	3753	-1	3
k63_401020	3750	4322	-1	4
k63_401020	4512	4739	1	5
k63_1040501	3	278	-1	1
k63_1040501	349	1548	-1	2
k63_1040501	1654	2043	1	3
k63_1040501	2055	2846	1	4
k63_1040501	2843	3628	1	5
k63_1040501	3625	4263	1	6
k63_499821	2	826	1	1
k63_499821	828	1841	1	2
k63_499821	1825	1959	1	3
k63_829381	1	708	1	1
k63_829381	1088	1234	1	2
k63_829381	1432	2760	1	3
k63_829381	2744	2923	1	4
k63_829381	2962	3255	1	5
k63_829381	3252	3833	1	6
k63_829381	3877	4692	1	7
k63_1573517	3	1913	1	1
k63_935218	2	106	-1	1
k63_935218	195	1679	-1	2
k63_935218	1860	4064	1	3
k63_935218	4119	4916	1	4
k63_935218	4966	5706	1	5
k63_1472411	1	1164	-1	1
k63_1472411	1186	4077	-1	2
k63_501514	193	1437	-1	1
k63_501514	1796	3079	-1	2
k63_501514	3215	4003	-1	3
k63_501514	4088	4669	1	4
k63_1042617	3	290	-1	1
k63_1042617	318	1517	-1	2
k63_292726	2	475	-1	1
k63_292726	546	1754	-1	2
k63_1474431	2	1594	1	1
k63_1474431	1653	1715	1	2
k63_189273	3	71	1	1
k63_189273	109	888	1	2
k63_189273	944	2239	-1	3
k63_189273	2287	2742	-1	4
k63_189273	2739	3203	-1	5
k63_189273	3269	3715	1	6
k63_189273	3734	4537	1	7
k63_189273	4534	5277	1	8
k63_189273	5274	6473	1	9
k63_189273	6633	6740	1	10
k63_1044292	208	2544	-1	1
k63_1044292	2559	3425	-1	2
k63_1044292	3486	4127	-1	3
k63_1044292	4209	5159	1	4
k63_1044292	5253	6062	1	5
k63_1044292	6186	6485	1	6
k63_1044292	6482	6799	1	7
k63_1152829	221	892	1	1
k63_1152829	1203	2408	-1	2
k63_1152829	2468	3253	1	3
k63_1152829	3405	3677	1	4
k63_1152829	3617	3769	1	5
k63_1152829	3839	4186	-1	6
k63_1152829	4183	4524	-1	7
k63_833346	2	709	1	1
k63_833346	718	1791	1	2
k63_833346	1791	2666	1	3
k63_1577588	1	342	-1	1
k63_1577588	682	1953	-1	2
k63_1577588	2247	2588	1	3
k63_1365224	135	2078	-1	1
k63_1365224	2085	2843	-1	2
k63_1577724	1	309	-1	1
k63_1577724	375	791	1	2
k63_1577724	788	1156	1	3
k63_1577724	1163	1669	1	4
k63_1577724	1618	2802	1	5
k63_1577724	2805	3770	1	6
k63_1577724	3772	4443	-1	7
k63_1577724	4470	5438	-1	8
k63_1577724	5566	6792	1	9
k63_1577724	6993	8219	1	10
k63_1577724	8209	9372	-1	11
k63_1577724	9511	9981	1	12
k63_1577724	10041	10991	1	13
k63_1577992	2	2257	-1	1
k63_1577992	2257	3357	-1	2
k63_1577992	3354	4652	-1	3
k63_1577992	4649	5617	-1	4
k63_1577992	5614	6180	-1	5
k63_1577992	6290	6829	-1	6
k63_1577992	6863	7285	-1	7
k63_1577992	7282	7845	-1	8
k63_1577992	7818	8957	-1	9
k63_1577992	8962	9402	-1	10
k63_1577992	9452	10471	-1	11
k63_1577992	10462	10839	-1	12
k63_1154160	1	1179	1	1
k63_1154160	1296	2216	1	2
k63_1365819	3	1616	-1	1
k63_1365819	1707	2345	-1	2
k63_1578287	1	1104	-1	1
k63_1578287	1145	1714	-1	2
k63_1578287	1867	2229	-1	3
k63_1578287	2397	2537	-1	4
k63_727078	1	2073	1	1
k63_1046610	2	220	-1	1
k63_1046610	540	1853	1	2
k63_1046610	1873	2007	1	3
k63_1046610	2071	2328	1	4
k63_1046610	2374	2937	-1	5
k63_1046610	2970	3779	1	6
k63_1046610	3840	4958	1	7
k63_1046610	5189	6460	1	8
k63_1046610	6460	7971	1	9
k63_1046610	7968	8582	1	10
k63_621815	3	278	1	1
k63_621815	275	1045	-1	2
k63_621815	1217	4135	1	3
k63_621815	4156	5082	-1	4
k63_621815	5155	6126	1	5
k63_621815	6185	9445	1	6
k63_621815	9455	9814	1	7
k63_1478866	3	572	-1	1
k63_1478866	959	1759	-1	2
k63_1478866	1766	3016	-1	3
k63_1478866	3013	4197	-1	4
k63_1478866	4251	4388	1	5
k63_1047358	1	207	1	1
k63_1047358	222	815	1	2
k63_1047358	904	1788	1	3
k63_1479695	2	361	-1	1
k63_1479695	560	1621	1	2
k63_85864	2	877	1	1
k63_85864	986	2068	1	2
k63_85864	2099	2314	1	3
k63_85864	2693	2950	1	4
k63_85864	2947	3699	1	5
k63_85864	3775	4116	1	6
k63_85864	4183	5184	1	7
k63_298091	80	1063	-1	1
k63_298091	1104	1430	1	2
k63_298091	1430	2014	1	3
k63_1048264	2	142	1	1
k63_1048264	269	568	1	2
k63_1048264	1191	1460	1	3
k63_1048264	1485	1910	1	4
k63_506220	2	169	-1	1
k63_506220	256	1107	-1	2
k63_506220	1104	1958	-1	3
k63_506220	1984	2682	-1	4
k63_506220	2733	3746	-1	5
k63_506220	3743	5611	-1	6
k63_506220	5719	6321	-1	7
k63_838317	2	2143	-1	1
k63_838317	2291	3574	1	2
k63_838317	3592	5169	-1	3
k63_838317	5166	6719	-1	4
k63_838317	6716	8059	-1	5
k63_838317	8105	8689	-1	6
k63_624548	1	615	1	1
k63_624548	615	1520	1	2
k63_624548	1517	2380	1	3
k63_624548	2445	3551	1	4
k63_624548	3621	3899	1	5
k63_945739	3	137	-1	1
k63_945739	374	784	1	2
k63_945739	861	1994	-1	3
k63_945739	2205	2984	-1	4
k63_839806	39	533	-1	1
k63_839806	618	1577	-1	2
k63_625881	2	331	-1	1
k63_625881	353	1300	-1	2
k63_625881	1388	1708	-1	3
k63_625881	1818	3011	1	4
k63_625881	3030	3395	-1	5
k63_732588	1	618	1	1
k63_732588	611	1564	1	2
k63_732588	1625	2458	1	3
k63_732588	2455	3972	1	4
k63_732588	3969	8828	1	5
k63_1372707	2	760	-1	1
k63_1372707	794	1660	-1	2
k63_949468	1	1557	-1	1
k63_949719	47	1162	-1	1
k63_949719	1477	1854	1	2
k63_949719	2359	4368	-1	3
k63_949719	4361	5488	-1	4
k63_949719	5488	7236	-1	5
k63_949719	7276	7533	-1	6
k63_628267	52	882	-1	1
k63_628267	896	3445	-1	2
k63_303965	2	616	1	1
k63_303965	983	2254	1	2
k63_844236	2	160	-1	1
k63_844236	382	1164	1	2
k63_844236	1169	3295	1	3
k63_844236	3292	5235	-1	4
k63_844236	5274	5618	1	5
k63_844236	5602	6606	-1	6
k63_844236	6603	6947	-1	7
k63_93448	5	928	-1	1
k63_93448	894	1475	-1	2
k63_93448	1475	2269	-1	3
k63_93448	2589	2816	-1	4
k63_951522	1	1608	-1	1
k63_415413	2	256	-1	1
k63_415413	253	2349	-1	2
k63_735120	37	951	1	1
k63_735120	967	1434	-1	2
k63_735120	1550	1801	-1	3
k63_735120	1892	2830	-1	4
k63_735120	2915	4126	-1	5
k63_735120	4195	5742	-1	6
k63_735120	5876	6211	1	7
k63_735120	6292	7629	-1	8
k63_735120	7778	8530	1	9
k63_1055066	1	84	1	1
k63_1055066	246	422	-1	2
k63_1055066	766	1494	-1	3
k63_1055066	2091	2375	-1	4
k63_1055066	2380	2514	-1	5
k63_512511	1	909	1	1
k63_512511	1355	1948	1	2
k63_512511	2006	2680	1	3
k63_512511	3075	3335	-1	4
k63_512511	3589	4782	-1	5
k63_512793	1	2334	-1	1
k63_1588178	2	406	1	1
k63_1588178	570	1505	1	2
k63_1588309	1	1137	-1	1
k63_1588309	1219	3624	-1	2
k63_1588309	4170	5177	1	3
k63_1588309	5200	6309	1	4
k63_203846	3	875	1	1
k63_203846	824	2167	1	2
k63_96000	1	387	1	1
k63_96000	570	1091	1	2
k63_96000	1498	4764	-1	3
k63_96000	4876	5139	-1	4
k63_1270114	2	2053	-1	1
k63_1270114	2202	2858	1	2
k63_1270114	2874	3776	-1	3
k63_1589786	3	617	-1	1
k63_1589786	596	1468	-1	2
k63_1589786	1596	2261	1	3
k63_739471	1	678	-1	1
k63_739471	790	1098	-1	2
k63_739471	1280	2275	1	3
k63_1272108	1	192	1	1
k63_1272108	161	1771	-1	2
k63_1272108	1768	2598	-1	3
k63_1272108	2603	3484	-1	4
k63_1272108	3666	4286	1	5
k63_1272108	4283	4831	1	6
k63_309591	3	701	-1	1
k63_309591	698	1459	-1	2
k63_309591	1542	2543	-1	3
k63_309591	2483	4246	-1	4
k63_309591	4277	5080	-1	5
k63_740612	197	847	1	1
k63_740612	844	1374	1	2
k63_740612	1371	1508	1	3
k63_740612	1491	1883	-1	4
k63_740612	1876	2910	-1	5
k63_1171065	3	152	1	1
k63_1171065	324	746	1	2
k63_1171065	743	1099	1	3
k63_1171065	1139	1879	1	4
k63_636966	153	884	1	1
k63_636966	881	1462	1	2
k63_636966	1473	2537	1	3
k63_636966	2530	3024	1	4
k63_637108	2	175	1	1
k63_637108	172	819	1	2
k63_637108	991	2877	-1	3
k63_637108	3017	3994	1	4
k63_637108	4027	4743	-1	5
k63_637108	4740	5591	-1	6
k63_637108	5588	7684	-1	7
k63_637108	7701	9290	-1	8
k63_637108	9357	10604	-1	9
k63_637108	10601	11137	-1	10
k63_1593616	200	466	-1	1
k63_1593616	567	1514	1	2
k63_208764	1	84	1	1
k63_208764	198	1175	1	2
k63_208764	1192	2004	-1	3
k63_959941	3	248	-1	1
k63_959941	368	604	-1	2
k63_959941	570	1559	-1	3
k63_104435	2	1090	-1	1
k63_104435	1087	2427	-1	2
k63_104435	2542	3762	-1	3
k63_104435	3737	4081	-1	4
k63_104435	4035	4895	-1	5
k63_104435	4908	6704	-1	6
k63_104435	7231	7386	1	7
k63_963209	2	1027	-1	1
k63_963209	1128	1721	-1	2
k63_522905	1	237	1	1
k63_522905	234	971	1	2
k63_522905	1070	1417	1	3
k63_522905	1486	1827	1	4
k63_522905	2017	2553	1	5
k63_522905	2639	2989	1	6
k63_855224	1	294	-1	1
k63_855224	329	1486	-1	2
k63_855224	1483	2829	-1	3
k63_855224	2831	4984	-1	4
k63_855224	5498	5749	1	5
k63_855224	5791	6234	-1	6
k63_855224	6783	7247	1	7
k63_855224	7399	8556	1	8
k63_427802	1	96	1	1
k63_427802	104	4009	-1	2
k63_427802	4186	4299	-1	3
k63_427802	4274	4852	-1	4
k63_427802	5109	5540	-1	5
k63_428032	3	755	-1	1
k63_428032	806	2044	-1	2
k63_428032	2188	2493	1	3
k63_428032	2511	4076	1	4
k63_428032	4084	5064	1	5
k63_428032	5089	5919	-1	6
k63_428032	6042	7265	-1	7
k63_428032	7365	8498	1	8
k63_856479	1	702	1	1
k63_856479	699	1559	1	2
k63_856479	1556	1816	1	3
k63_1177915	456	1430	1	1
k63_1177915	1554	2030	1	2
k63_856863	1	4548	-1	1
k63_856863	4650	4814	-1	2
k63_1178412	49	1500	-1	1
k63_106983	130	270	1	1
k63_106983	306	707	-1	2
k63_106983	734	1369	1	3
k63_106983	1674	2120	1	4
k63_106983	2084	2581	1	5
k63_106983	2595	4481	-1	6
k63_106983	4491	5123	-1	7
k63_106983	5113	5385	-1	8
k63_317381	1	528	-1	1
k63_317381	582	914	-1	2
k63_317381	957	2030	1	3
k63_317381	2073	3011	1	4
k63_317381	3075	3404	1	5
k63_317381	3353	4225	1	6
k63_317381	4294	5025	1	7
k63_213954	3	1712	1	1
k63_213954	1782	2939	-1	2
k63_214200	3	533	-1	1
k63_214200	556	1464	1	2
k63_214200	1461	2570	1	3
k63_214200	2640	3035	-1	4
k63_214200	3032	3286	-1	5
k63_214200	3398	4057	1	6
k63_214200	4249	5910	1	7
k63_214200	6080	7324	1	8
k63_214200	7321	8520	-1	9
k63_214200	8582	10483	1	10
k63_214200	10480	12372	1	11
k63_214200	12369	13586	-1	12
k63_214200	13669	14892	-1	13
k63_318850	3	470	1	1
k63_318850	481	1461	1	2
k63_318850	1465	2391	1	3
k63_318850	2409	3131	1	4
k63_318850	3147	4496	1	5
k63_318850	4493	5212	1	6
k63_318850	5201	5572	-1	7
k63_318850	5688	7943	1	8
k63_318850	7964	8458	-1	9
k63_318850	8564	9703	1	10
k63_318850	9731	10615	1	11
k63_318850	10642	12225	1	12
k63_318850	12347	13516	1	13
k63_318850	13513	14169	1	14
k63_318850	14166	14918	1	15
k63_318850	14937	16127	-1	16
k63_318850	16255	16494	1	17
k63_318850	16481	16582	1	18
k63_1601623	1	207	1	1
k63_1601623	349	2205	-1	2
k63_320404	3	1196	-1	1
k63_320404	1201	1956	-1	2
k63_320404	2061	2462	-1	3
k63_321288	2	349	1	1
k63_321288	379	690	1	2
k63_321288	818	2044	1	3
k63_321288	2152	3462	1	4
k63_321288	3459	4457	1	5
k63_321288	4492	5205	-1	6
k63_321288	5250	6134	-1	7
