Hmm	ORF	tlen	qlen	Eval	score	start	end	Acc	Pos	Cov_seq	Cov_hmm	strand
2OG_1_CAS-I-II-III-IV-V-VI	k63_1007227_2	316	94	0.00029	19.2	1141	2088	k63_1007227	2	0.19936708860759494	0.5957446808510638	-1
2OG_1_CAS-I-II-III-IV-V-VI	k63_1093395_14	267	94	1.6e-05	23.3	14384	15184	k63_1093395	14	0.38202247191011235	0.925531914893617	1
2OG_1_CAS-I-II-III-IV-V-VI	k63_1272108_4	294	94	0.00028	19.3	2603	3484	k63_1272108	4	0.35374149659863946	0.8617021276595744	-1
2OG_1_CAS-I-II-III-IV-V-VI	k63_33860_1	237	94	5e-06	24.9	3	713	k63_33860	1	0.679324894514768	0.776595744680851	-1
2OG_1_CAS-I-II-III-IV-V-VI	k63_33860_2	283	94	0.003	16.0	839	1687	k63_33860	2	0.45936395759717313	0.7340425531914894	-1
2OG_1_CAS-I-II-III-IV-V-VI	k63_459539_1	233	94	0.0023	16.3	3	701	k63_459539	1	0.4678111587982833	0.8617021276595744	-1
2OG_1_CAS-I-II-III-IV-V-VI	k63_986596_2	275	94	0.00035	19.0	232	1056	k63_986596	2	0.6036363636363636	0.8297872340425532	1
AbiEii_0_CAS-III	k63_1040501_6	213	284	1.5e-06	25.7	3625	4263	k63_1040501	6	0.3333333333333333	0.2535211267605634	1
AbiEii_0_CAS-III	k63_1046610_10	205	284	3.7e-07	27.7	7968	8582	k63_1046610	10	0.6731707317073171	0.4788732394366197	1
AbiEii_0_CAS-III	k63_1076330_1	247	284	0.00046	17.6	3	743	k63_1076330	1	0.2834008097165992	0.2323943661971831	1
AbiEii_0_CAS-III	k63_1081694_2	214	284	2.3e-06	25.1	1022	1663	k63_1081694	2	0.5233644859813084	0.397887323943662	1
AbiEii_0_CAS-III	k63_1081694_5	169	284	1.2e-07	29.4	2966	3472	k63_1081694	5	0.5088757396449705	0.2887323943661972	1
AbiEii_0_CAS-III	k63_1100917_4	439	284	1.4e-05	22.5	2726	4042	k63_1100917	4	0.11617312072892938	0.1795774647887324	-1
AbiEii_0_CAS-III	k63_1111737_16	359	284	0.0058	14.0	14190	15266	k63_1111737	16	0.12534818941504178	0.15492957746478872	-1
AbiEii_0_CAS-III	k63_112359_4	746	284	0.0013	16.1	1463	3700	k63_112359	4	0.03753351206434316	0.09507042253521127	1
AbiEii_0_CAS-III	k63_1124980_16	587	284	1.6e-06	25.6	13974	15734	k63_1124980	16	0.29471890971039183	0.31338028169014087	-1
AbiEii_0_CAS-III	k63_1124980_18	314	284	2.7e-06	24.9	16562	17503	k63_1124980	18	0.18471337579617833	0.2007042253521127	-1
AbiEii_0_CAS-III	k63_1180439_7	264	284	0.0018	15.6	6146	6937	k63_1180439	7	0.22727272727272727	0.20774647887323944	1
AbiEii_0_CAS-III	k63_1180439_8	245	284	0.00096	16.5	6934	7668	k63_1180439	8	0.43673469387755104	0.3626760563380282	1
AbiEii_0_CAS-III	k63_1201535_4	371	284	7.2e-06	23.5	4248	5360	k63_1201535	4	0.32075471698113206	0.4084507042253521	1
AbiEii_0_CAS-III	k63_1223634_2	580	284	0.023	12.0	435	2174	k63_1223634	2	0.039655172413793106	0.08098591549295775	1
AbiEii_0_CAS-III	k63_125426_4	257	284	0.00082	16.7	3210	3980	k63_125426	4	0.3735408560311284	0.3204225352112676	-1
AbiEii_0_CAS-III	k63_125426_5	272	284	6.2e-08	30.3	3977	4792	k63_125426	5	0.5882352941176471	0.545774647887324	-1
AbiEii_0_CAS-III	k63_127839_3	297	284	6e-06	23.7	3596	4486	k63_127839	3	0.2760942760942761	0.2711267605633803	-1
AbiEii_0_CAS-III	k63_1310748_4	161	284	0.0011	16.3	4622	5104	k63_1310748	4	0.4472049689440994	0.2323943661971831	-1
AbiEii_0_CAS-III	k63_1313125_2	270	284	0.00076	16.9	216	1025	k63_1313125	2	0.12962962962962962	0.12323943661971831	1
AbiEii_0_CAS-III	k63_1329466_6	223	284	0.00017	19.0	7073	7741	k63_1329466	6	0.13901345291479822	0.09859154929577464	1
AbiEii_0_CAS-III	k63_1434930_4	260	284	1.1e-05	22.9	2088	2867	k63_1434930	4	0.5692307692307692	0.4964788732394366	-1
AbiEii_0_CAS-III	k63_1446631_7	1175	284	5.6e-05	20.6	12965	16489	k63_1446631	7	0.0374468085106383	0.1443661971830986	-1
AbiEii_0_CAS-III	k63_1522293_1	162	284	0.019	12.2	17	502	k63_1522293	1	0.21604938271604937	0.11971830985915492	-1
AbiEii_0_CAS-III	k63_1525862_4	79	284	0.00063	17.1	1503	1739	k63_1525862	4	0.27848101265822783	0.07746478873239436	1
AbiEii_0_CAS-III	k63_1536824_4	345	284	0.0039	14.5	3695	4729	k63_1536824	4	0.34492753623188405	0.4014084507042254	-1
AbiEii_0_CAS-III	k63_171643_3	370	284	1.9e-05	22.1	1471	2580	k63_171643	3	0.3945945945945946	0.5246478873239436	1
AbiEii_0_CAS-III	k63_177120_3	324	284	5.3e-06	23.9	1569	2540	k63_177120	3	0.25308641975308643	0.27816901408450706	-1
AbiEii_0_CAS-III	k63_177120_5	310	284	0.0077	13.6	3439	4368	k63_177120	5	0.1967741935483871	0.20422535211267606	-1
AbiEii_0_CAS-III	k63_20269_1	76	284	5.5e-05	20.6	1	228	k63_20269	1	0.35526315789473684	0.09507042253521127	-1
AbiEii_0_CAS-III	k63_20269_4	635	284	2.6e-06	24.9	2100	4004	k63_20269	4	0.2866141732283465	0.3873239436619718	-1
AbiEii_0_CAS-III	k63_234039_10	629	284	0.0013	16.1	8922	10808	k63_234039	10	0.15580286168521462	0.33098591549295775	-1
AbiEii_0_CAS-III	k63_234039_12	234	284	1.9e-05	22.1	11699	12400	k63_234039	12	0.46153846153846156	0.35563380281690143	-1
AbiEii_0_CAS-III	k63_24783_20	394	284	5.5e-06	23.9	10591	11772	k63_24783	20	0.3147208121827411	0.3767605633802817	-1
AbiEii_0_CAS-III	k63_262940_6	248	284	3.2e-06	24.7	4400	5143	k63_262940	6	0.35080645161290325	0.3028169014084507	1
AbiEii_0_CAS-III	k63_269756_3	263	284	2.4e-05	21.8	672	1460	k63_269756	3	0.2509505703422053	0.22183098591549297	-1
AbiEii_0_CAS-III	k63_318850_13	390	284	2.7e-06	24.9	12347	13516	k63_318850	13	0.34615384615384615	0.4612676056338028	1
AbiEii_0_CAS-III	k63_318850_3	309	284	0.00025	18.4	1465	2391	k63_318850	3	0.2588996763754045	0.2711267605633803	1
AbiEii_0_CAS-III	k63_320404_2	252	284	2.3e-05	21.8	1201	1956	k63_320404	2	0.24206349206349206	0.2112676056338028	-1
AbiEii_0_CAS-III	k63_430859_9	447	284	0.00039	17.8	6040	7380	k63_430859	9	0.1476510067114094	0.23591549295774647	1
AbiEii_0_CAS-III	k63_443739_5	595	284	0.0025	15.2	3474	5258	k63_443739	5	0.16302521008403362	0.3345070422535211	-1
AbiEii_0_CAS-III	k63_450213_4	243	284	0.00092	16.6	2967	3695	k63_450213	4	0.41975308641975306	0.3485915492957746	-1
AbiEii_0_CAS-III	k63_464916_12	226	284	0.00044	17.6	10793	11470	k63_464916	12	0.39823008849557523	0.29225352112676056	-1
AbiEii_0_CAS-III	k63_559426_5	745	284	1.3e-07	29.2	5169	7403	k63_559426	5	0.1261744966442953	0.3028169014084507	-1
AbiEii_0_CAS-III	k63_637108_5	239	284	4.1e-07	27.6	4027	4743	k63_637108	5	0.4560669456066946	0.3591549295774648	-1
AbiEii_0_CAS-III	k63_637108_6	284	284	2.1e-05	22.0	4740	5591	k63_637108	6	0.2535211267605634	0.25	-1
AbiEii_0_CAS-III	k63_647396_6	232	284	4.7e-11	40.5	2303	2998	k63_647396	6	0.5258620689655172	0.40492957746478875	-1
AbiEii_0_CAS-III	k63_689953_3	272	284	0.0056	14.0	3133	3948	k63_689953	3	0.40808823529411764	0.3732394366197183	1
AbiEii_0_CAS-III	k63_803212_4	314	284	1.3e-06	25.9	2052	2993	k63_803212	4	0.23248407643312102	0.25	-1
AbiEii_0_CAS-III	k63_844236_6	335	284	0.011	13.1	5602	6606	k63_844236	6	0.1044776119402985	0.11267605633802817	-1
AbiEii_0_CAS-III	k63_856479_1	234	284	7.3e-06	23.5	1	702	k63_856479	1	0.405982905982906	0.31690140845070425	1
AbiEii_0_CAS-III	k63_871034_4	569	284	4.3e-05	20.9	1819	3525	k63_871034	4	0.16520210896309315	0.27816901408450706	-1
AbiEii_0_CAS-III	k63_893335_3	362	284	0.00026	18.3	578	1663	k63_893335	3	0.24585635359116023	0.3274647887323944	-1
AbiEii_0_CAS-III	k63_898571_11	255	284	0.038	11.3	10440	11204	k63_898571	11	0.3137254901960784	0.2676056338028169	-1
AbiEii_0_CAS-III	k63_9077_20	273	284	0.00026	18.4	18068	18886	k63_9077	20	0.326007326007326	0.29577464788732394	1
AbiEii_0_CAS-III	k63_969137_6	217	284	0.002	15.5	4524	5174	k63_969137	6	0.14285714285714285	0.10211267605633803	1
AbiEii_1_CAS-III-A	k63_1046610_10	205	335	0.00078	16.4	7968	8582	k63_1046610	10	0.17560975609756097	0.10746268656716418	1
AbiEii_1_CAS-III-A	k63_1081694_2	214	335	0.0063	13.4	1022	1663	k63_1081694	2	0.1822429906542056	0.11641791044776119	1
AbiEii_1_CAS-III-A	k63_1180439_8	245	335	0.038	10.8	6934	7668	k63_1180439	8	0.2530612244897959	0.1791044776119403	1
AbiEii_1_CAS-III-A	k63_127839_3	297	335	0.016	12.1	3596	4486	k63_127839	3	0.16161616161616163	0.13134328358208955	-1
AbiEii_1_CAS-III-A	k63_1434930_4	260	335	0.016	12.1	2088	2867	k63_1434930	4	0.19230769230769232	0.14925373134328357	-1
AbiEii_1_CAS-III-A	k63_1446631_7	1175	335	2.0	5.2	12965	16489	k63_1446631	7	0.1148936170212766	0.2626865671641791	-1
AbiEii_1_CAS-III-A	k63_20269_4	635	335	0.12	9.2	2100	4004	k63_20269	4	0.2220472440944882	0.29850746268656714	-1
AbiEii_1_CAS-III-A	k63_24783_20	394	335	9.1e-06	22.7	10591	11772	k63_24783	20	0.38578680203045684	0.4597014925373134	-1
AbiEii_1_CAS-III-A	k63_262940_6	248	335	0.029	11.2	4400	5143	k63_262940	6	0.13306451612903225	0.09850746268656717	1
AbiEii_1_CAS-III-A	k63_318850_13	390	335	2.7e-05	21.2	12347	13516	k63_318850	13	0.21025641025641026	0.2716417910447761	1
AbiEii_1_CAS-III-A	k63_553464_11	464	335	1.1e-06	25.8	11061	12452	k63_553464	11	0.14439655172413793	0.208955223880597	1
AbiEii_1_CAS-III-A	k63_559426_5	745	335	0.026	11.4	5169	7403	k63_559426	5	0.053691275167785234	0.11343283582089553	-1
AbiEii_1_CAS-III-A	k63_647396_6	232	335	0.0014	15.6	2303	2998	k63_647396	6	0.15086206896551724	0.1044776119402985	-1
AbiEii_1_CAS-III-A	k63_689953_3	272	335	0.034	11.0	3133	3948	k63_689953	3	0.14705882352941177	0.11343283582089553	1
AbiEii_2_CAS-III-C	k63_1601623_2	619	440	0.022	11.7	349	2205	k63_1601623	2	0.12277867528271405	0.17272727272727273	-1
AbiEii_2_CAS-III-C	k63_24783_20	394	440	9.2e-06	22.8	10591	11772	k63_24783	20	0.24873096446700507	0.22727272727272727	-1
AbiEii_2_CAS-III-C	k63_318850_13	390	440	9.7e-05	19.5	12347	13516	k63_318850	13	0.1794871794871795	0.16363636363636364	1
AbiEii_2_CAS-III-C	k63_434061_1	333	440	0.02	11.8	3	1001	k63_434061	1	0.44744744744744747	0.32727272727272727	-1
AbiEii_2_CAS-III-C	k63_553464_11	464	440	0.0001	19.4	11061	12452	k63_553464	11	0.21767241379310345	0.22954545454545455	1
Cas10_5_CAS-III	k63_1458559_7	84	838	0.048	9.5	3795	4046	k63_1458559	7	0.4166666666666667	0.03579952267303103	-1
Cas10d_5_CAS-I-D	k63_646098_5	136	616	0.00054	16.1	2602	3009	k63_646098	5	0.7058823529411765	0.08441558441558442	-1
Cas10d_8_CAS-I-D	k63_740612_5	345	899	0.0055	12.6	1876	2910	k63_740612	5	0.21159420289855072	0.08120133481646273	-1
Cas11_2_IV	k63_1046610_6	270	161	0.03	12.0	2970	3779	k63_1046610	6	0.1925925925925926	0.32298136645962733	1
Cas11b_0_CAS-I-B	k63_1295398_3	93	170	0.0055	14.3	578	856	k63_1295398	3	0.5161290322580645	0.2823529411764706	1
Cas12f1_0_CAS-V-F	k63_267074_3	238	512	1e-08	32.2	1243	1956	k63_267074	3	0.6554621848739496	0.30859375	1
Cas12f1_0_CAS-V-F	k63_27032_14	463	512	5.6e-07	26.5	14233	15621	k63_27032	14	0.3282937365010799	0.32421875	1
Cas12f1_1_CAS-V-F	k63_267074_3	238	557	1.6e-08	31.3	1243	1956	k63_267074	3	0.7100840336134454	0.30341113105924594	1
Cas12f1_2_CAS-V-F	k63_267074_3	238	429	3.2e-13	47.2	1243	1956	k63_267074	3	0.6848739495798319	0.37995337995337997	1
Cas12f1_2_CAS-V-F	k63_27032_14	463	429	2.4e-18	64.0	14233	15621	k63_27032	14	0.42116630669546434	0.47785547785547783	1
Cas12f2_0_CAS-V-F	k63_267074_3	238	517	3.8e-10	36.7	1243	1956	k63_267074	3	0.6974789915966386	0.3365570599613153	1
Cas12f2_0_CAS-V-F	k63_27032_14	463	517	4.9e-21	72.6	14233	15621	k63_27032	14	0.5291576673866091	0.5029013539651838	1
Cas12f2_1_CAS-V-F	k63_267074_3	238	422	2.9e-21	73.7	1243	1956	k63_267074	3	0.7647058823529411	0.43838862559241704	1
Cas12f2_1_CAS-V-F	k63_27032_14	463	422	2.2e-40	136.8	14233	15621	k63_27032	14	0.8466522678185745	0.9549763033175356	1
Cas12f2_1_CAS-V-F	k63_38598_3	66	422	0.012	12.4	963	1160	k63_38598	3	0.42424242424242425	0.07819905213270142	-1
Cas12f2_2_CAS-V-F	k63_267074_3	238	493	3.5e-14	50.0	1243	1956	k63_267074	3	0.8907563025210085	0.4543610547667343	1
Cas12f2_2_CAS-V-F	k63_27032_14	463	493	1.0000000000000001e-88	295.9	14233	15621	k63_27032	14	0.9308855291576674	0.9513184584178499	1
Cas12f3_0_CAS-V-F	k63_267074_3	238	496	8.4e-07	26.0	1243	1956	k63_267074	3	0.6512605042016807	0.32661290322580644	1
Cas12f3_0_CAS-V-F	k63_27032_14	463	496	2.5999999999999996e-24	83.7	14233	15621	k63_27032	14	0.7516198704103672	0.6975806451612904	1
Cas12f3_0_CAS-V-F	k63_868730_19	107	496	0.024	11.3	12527	12847	k63_868730	19	0.5887850467289719	0.0907258064516129	1
Cas12m_0_V-M	k63_27032_14	463	577	1.9e-05	21.1	14233	15621	k63_27032	14	0.2570194384449244	0.2322357019064125	1
Cas1_0_I-II-III	k63_1088793_7	488	327	0.015	12.0	4538	6001	k63_1088793	7	0.09016393442622951	0.1345565749235474	-1
Cas1_1_CAS-I-II-III-IV-V-VI	k63_1088793_7	488	261	0.015	12.3	4538	6001	k63_1088793	7	0.09221311475409837	0.1724137931034483	-1
Cas2_6_CAS-I-II-III-IV-V-VI	k63_234039_12	234	90	0.028	12.6	11699	12400	k63_234039	12	0.17094017094017094	0.4444444444444444	-1
Cas3-Cas2_0_CAS-I-F	k63_760558_4	904	1106	0.00087	14.9	3225	5936	k63_760558	4	0.07079646017699115	0.05786618444846293	1
Cas3-Cas2_0_IF	k63_760558_4	904	1110	0.00091	14.8	3225	5936	k63_760558	4	0.07079646017699115	0.05765765765765766	1
Cas3HD_0_CAS-I	k63_1186882_4	178	203	0.00013	19.6	2066	2599	k63_1186882	4	0.20224719101123595	0.16748768472906403	1
Cas3HD_0_CAS-I	k63_1559028_3	763	203	0.00061	17.4	1074	3362	k63_1559028	3	0.11533420707732635	0.6699507389162561	-1
Cas3HD_0_CAS-I	k63_331370_4	192	203	0.0045	14.6	2204	2779	k63_331370	4	0.3645833333333333	0.35467980295566504	-1
Cas3HD_0_CAS-I	k63_347865_2	190	203	0.0096	13.5	1789	2358	k63_347865	2	0.7631578947368421	0.6551724137931034	1
Cas3HD_0_CAS-I	k63_760558_4	904	203	4.1e-16	57.2	3225	5936	k63_760558	4	0.1338495575221239	0.5467980295566502	1
Cas3_0_CAS-I	k63_1001770_1	522	353	4.7e-15	53.3	19	1584	k63_1001770	1	0.6340996168582376	0.8810198300283286	1
Cas3_0_CAS-I	k63_1008463_6	1676	353	1.3e-06	25.5	4331	9358	k63_1008463	6	0.15513126491646778	0.6713881019830028	-1
Cas3_0_CAS-I	k63_1446631_16	308	353	1e-06	25.8	22105	23028	k63_1446631	16	0.5454545454545454	0.45325779036827196	-1
Cas3_0_CAS-I	k63_266209_3	467	353	2e-05	21.6	1296	2696	k63_266209	3	0.5246252676659529	0.6997167138810199	-1
Cas3_0_CAS-I	k63_565432_12	324	353	0.016	12.1	11275	12246	k63_565432	12	0.2716049382716049	0.1813031161473088	-1
Cas3_0_CAS-I	k63_760558_4	904	353	8.000000000000001e-23	78.8	3225	5936	k63_760558	4	0.1902654867256637	0.4702549575070821	1
Cas3_0_CAS-I-D	k63_1001770_1	522	626	0.00029	16.9	19	1584	k63_1001770	1	0.21264367816091953	0.1805111821086262	1
Cas3_0_CAS-I-D	k63_1008463_6	1676	626	2.6e-05	20.4	4331	9358	k63_1008463	6	0.10501193317422435	0.21405750798722045	-1
Cas3_0_CAS-I-D	k63_266209_3	467	626	0.00084	15.3	1296	2696	k63_266209	3	0.3490364025695932	0.2747603833865815	-1
Cas3_0_CAS-I-D	k63_565432_8	627	626	4.1e-06	23.0	7113	8993	k63_565432	8	0.08293460925039872	0.08626198083067092	1
Cas3_0_CAS-I-D	k63_760558_4	904	626	8e-08	28.6	3225	5936	k63_760558	4	0.13938053097345132	0.18849840255591055	1
Cas3_0_CAS-I-U	k63_1001770_1	522	843	0.011	11.2	19	1584	k63_1001770	1	0.15708812260536398	0.09134045077105575	1
Cas3_0_CAS-I-U	k63_760558_4	904	843	2.1e-106	354.4	3225	5936	k63_760558	4	0.7212389380530974	0.7497034400948992	1
Cas3_0_I	k63_1001770_1	522	358	1.2e-15	55.2	19	1584	k63_1001770	1	0.6340996168582376	0.8798882681564246	1
Cas3_0_I	k63_1008463_6	1676	358	3.8e-07	27.2	4331	9358	k63_1008463	6	0.15334128878281622	0.659217877094972	-1
Cas3_0_I	k63_1446631_16	308	358	6.8e-07	26.4	22105	23028	k63_1446631	16	0.5487012987012987	0.46089385474860334	-1
Cas3_0_I	k63_266209_3	467	358	4.8e-05	20.3	1296	2696	k63_266209	3	0.5117773019271948	0.6815642458100558	-1
Cas3_0_I	k63_340951_1	272	358	0.003	14.4	2	817	k63_340951	1	0.35661764705882354	0.2709497206703911	-1
Cas3_0_I	k63_760558_4	904	358	1e-22	78.4	3225	5936	k63_760558	4	0.1913716814159292	0.4664804469273743	1
Cas3_0_I	k63_964668_8	408	358	0.0091	12.8	8134	9357	k63_964668	8	0.23284313725490197	0.26536312849162014	1
Cas3_0_ID	k63_1001770_1	522	357	1.1e-10	38.9	19	1584	k63_1001770	1	0.6417624521072797	0.9635854341736695	1
Cas3_0_ID	k63_1008463_6	1676	357	4.3e-05	20.5	4331	9358	k63_1008463	6	0.08770883054892602	0.2689075630252101	-1
Cas3_0_ID	k63_1446631_16	308	357	0.0013	15.6	22105	23028	k63_1446631	16	0.2077922077922078	0.16806722689075632	-1
Cas3_0_ID	k63_266209_3	467	357	0.014	12.2	1296	2696	k63_266209	3	0.18629550321199143	0.22408963585434175	-1
Cas3_0_ID	k63_438871_4	374	357	0.019	11.8	2046	3167	k63_438871	4	0.14705882352941177	0.15126050420168066	1
Cas3_0_ID	k63_565432_8	627	357	0.026	11.3	7113	8993	k63_565432	8	0.1850079744816587	0.32492997198879553	1
Cas3_0_ID	k63_760558_4	904	357	2.9e-06	24.3	3225	5936	k63_760558	4	0.07853982300884955	0.20168067226890757	1
Cas3_0_IU	k63_1001770_1	522	864	0.0003	16.6	19	1584	k63_1001770	1	0.21455938697318008	0.13194444444444445	1
Cas3_0_IU	k63_760558_4	904	864	2.4e-114	380.8	3225	5936	k63_760558	4	0.7190265486725663	0.7476851851851852	1
Cas3_1_CAS-I	k63_1001770_1	522	745	3.2e-11	40.0	19	1584	k63_1001770	1	0.2624521072796935	0.18389261744966443	1
Cas3_1_CAS-I	k63_1008463_6	1676	745	0.039	9.9	4331	9358	k63_1008463	6	0.026252983293556086	0.06040268456375839	-1
Cas3_1_CAS-I	k63_1446631_16	308	745	6.7e-07	25.7	22105	23028	k63_1446631	16	0.37987012987012986	0.14630872483221477	-1
Cas3_1_CAS-I	k63_266209_3	467	745	0.0047	13.0	1296	2696	k63_266209	3	0.11349036402569593	0.07114093959731543	-1
Cas3_1_CAS-I	k63_760558_4	904	745	2.6999999999999997e-25	86.5	3225	5936	k63_760558	4	0.20907079646017698	0.2550335570469799	1
Cas3_1_CAS-I-D	k63_1001770_1	522	353	3.5e-11	40.5	19	1584	k63_1001770	1	0.6417624521072797	0.9631728045325779	1
Cas3_1_CAS-I-D	k63_1008463_6	1676	353	9.9e-07	25.8	4331	9358	k63_1008463	6	0.08591885441527446	0.26345609065155806	-1
Cas3_1_CAS-I-D	k63_1446631_16	308	353	0.001	15.9	22105	23028	k63_1446631	16	0.2077922077922078	0.16997167138810199	-1
Cas3_1_CAS-I-D	k63_266209_3	467	353	0.0021	14.9	1296	2696	k63_266209	3	0.12419700214132762	0.14447592067988668	-1
Cas3_1_CAS-I-D	k63_438871_4	374	353	0.0099	12.7	2046	3167	k63_438871	4	0.14705882352941177	0.1529745042492918	1
Cas3_1_CAS-I-D	k63_565432_8	627	353	0.0037	14.1	7113	8993	k63_565432	8	0.19138755980861244	0.33994334277620397	1
Cas3_1_CAS-I-D	k63_760558_4	904	353	2.4e-06	24.6	3225	5936	k63_760558	4	0.07853982300884955	0.20396600566572237	1
Cas3_1_I	k63_1186882_4	178	178	0.00059	17.6	2066	2599	k63_1186882	4	0.1853932584269663	0.19101123595505617	1
Cas3_1_I	k63_1559028_3	763	178	0.0016	16.2	1074	3362	k63_1559028	3	0.045871559633027525	0.24157303370786518	-1
Cas3_1_I	k63_760558_4	904	178	1.1e-15	55.8	3225	5936	k63_760558	4	0.13938053097345132	0.6292134831460674	1
Cas3_2_CAS-I	k63_1001770_1	522	967	2.4e-05	20.3	19	1584	k63_1001770	1	0.30268199233716475	0.15615305067218202	1
Cas3_2_CAS-I	k63_1446631_16	308	967	0.0098	11.7	22105	23028	k63_1446631	16	0.22402597402597402	0.0672182006204757	-1
Cas3_2_CAS-I	k63_266209_3	467	967	5.9e-10	35.6	1296	2696	k63_266209	3	0.4582441113490364	0.21509824198552224	-1
Cas3_2_CAS-I	k63_760558_4	904	967	3.2e-07	26.5	3225	5936	k63_760558	4	0.04535398230088496	0.04343329886246122	1
Cas3d_0_CAS-I-D	k63_1001770_1	522	639	2.6e-07	27.2	19	1584	k63_1001770	1	0.21264367816091953	0.16588419405320814	1
Cas3d_0_CAS-I-D	k63_1008463_6	1676	639	0.058	9.5	4331	9358	k63_1008463	6	0.060859188544152745	0.09233176838810642	-1
Cas3d_1_CAS-I-D	k63_1001770_1	522	627	0.002	14.2	19	1584	k63_1001770	1	0.14942528735632185	0.12121212121212122	1
Cas3d_1_CAS-I-D	k63_1008463_6	1676	627	0.0042	13.1	4331	9358	k63_1008463	6	0.05250596658711217	0.11961722488038277	-1
Cas4_0_CAS-I-II-III-IV-V-VI	k63_1100917_12	1130	179	0.0071	14.3	12651	16040	k63_1100917	12	0.09823008849557523	0.5865921787709497	-1
Cas4_0_CAS-I-II-III-IV-V-VI	k63_1124980_23	302	179	5.3e-14	50.5	20234	21139	k63_1124980	23	0.5860927152317881	0.9553072625698324	-1
Cas4_0_CAS-I-II-III-IV-V-VI	k63_1588178_1	135	179	0.0061	14.5	2	406	k63_1588178	1	0.45925925925925926	0.3407821229050279	1
Cas4_0_I-II	k63_1100917_12	1130	180	0.0025	15.3	12651	16040	k63_1100917	12	0.0831858407079646	0.4722222222222222	-1
Cas4_0_I-II	k63_1124980_23	302	180	1e-11	42.7	20234	21139	k63_1124980	23	0.5761589403973509	0.9444444444444444	-1
Cas4_0_I-II-V	k63_1124980_23	302	177	2e-12	45.2	20234	21139	k63_1124980	23	0.5728476821192053	0.9322033898305084	-1
Cas4_3_CAS-I-II-III-IV-V-VI	k63_1124980_23	302	197	0.00024	18.9	20234	21139	k63_1124980	23	0.44039735099337746	0.6852791878172588	-1
Cas4_5_CAS-I-II-III-IV-V-VI	k63_1124980_23	302	161	4.9e-06	24.5	20234	21139	k63_1124980	23	0.5165562913907285	0.8819875776397516	-1
Cas5u_0_CAS-I-U	k63_760558_3	577	418	1.3e-08	32.0	1502	3232	k63_760558	3	0.4124783362218371	0.5454545454545454	1
Cas5u_1_CAS-I-U	k63_760558_3	577	501	1.6e-39	134.2	1502	3232	k63_760558	3	0.5771230502599654	0.6746506986027944	1
Cas6_0_CAS-I-III-B	k63_400983_3	81	282	0.17	8.6	2183	2425	k63_400983	3	0.30864197530864196	0.09574468085106383	-1
Cas6_7_CAS-I-II-III-IV-V-VI	k63_1309626_3	194	241	0.044	11.4	976	1557	k63_1309626	3	0.10824742268041238	0.08713692946058091	1
Cas7_0_CAS-I-C	k63_924500_7	122	268	0.014	12.7	5273	5638	k63_924500	7	0.5163934426229508	0.25	-1
Cas7_0_CAS-I-U	k63_760558_2	407	174	2.6e-20	70.9	285	1505	k63_760558	2	0.4152334152334152	0.9195402298850575	1
Cas7_1_CAS-I-U	k63_760558_2	407	168	8.000000000000001e-29	98.6	285	1505	k63_760558	2	0.41277641277641275	0.9107142857142857	1
Cas7_3_IB	k63_924500_7	122	268	0.018	12.3	5273	5638	k63_924500	7	0.4918032786885246	0.23507462686567165	-1
Cas8a5_0_CAS-I-A	k63_1316367_5	118	428	0.0014	15.4	3307	3660	k63_1316367	5	0.5254237288135594	0.13551401869158877	1
Cas8b2_4_CAS-I-B	k63_1397835_9	112	65	0.027	12.5	6408	6743	k63_1397835	9	0.5	0.7538461538461538	1
Cas9_0_II	k63_330055_1	501	830	0.0052	12.9	54	1556	k63_330055	1	0.07784431137724551	0.046987951807228916	-1
Cas9_0_II	k63_430859_6	459	830	6.9e-07	25.7	2785	4161	k63_430859	6	0.16993464052287582	0.09397590361445783	-1
Cas9_0_II	k63_887257_2	260	830	0.0005	16.2	200	979	k63_887257	2	0.2230769230769231	0.07710843373493977	-1
Cas9_0_II	k63_995572_3	225	830	3.1e-05	20.2	911	1585	k63_995572	3	0.24444444444444444	0.07349397590361446	1
Cas9_0_II-C2	k63_1235121_1	242	967	0.0078	12.1	2	727	k63_1235121	1	0.1859504132231405	0.04860392967942089	1
Cas9_0_II-C2	k63_1538503_10	103	967	0.062	9.1	8864	9172	k63_1538503	10	0.47572815533980584	0.050672182006204755	-1
Cas9_0_II-C2	k63_330055_1	501	967	0.0063	12.4	54	1556	k63_330055	1	0.11976047904191617	0.06101344364012409	-1
Cas9_0_II-C2	k63_430859_6	459	967	1.2e-10	37.9	2785	4161	k63_430859	6	0.17429193899782136	0.07755946225439504	-1
Cas9_0_II-C2	k63_862098_6	169	967	2.2e-11	40.4	5750	6256	k63_862098	6	0.27218934911242604	0.05170630816959669	1
Cas9_0_II-C2	k63_887257_2	260	967	5.7e-08	29.1	200	979	k63_887257	2	0.23846153846153847	0.0641158221302999	-1
Cas9_0_II-C2	k63_995572_3	225	967	4e-07	26.3	911	1585	k63_995572	3	0.26222222222222225	0.06101344364012409	1
Cas9_0_II-D	k63_1182112_4	384	853	0.01	11.9	4038	5189	k63_1182112	4	0.11197916666666667	0.05158264947245018	1
Cas9_0_II-D	k63_1520847_5	1362	853	0.39	6.7	3125	7210	k63_1520847	5	0.033773861967694566	0.05275498241500586	1
Cas9_0_II-D	k63_1538503_10	103	853	0.087	8.9	8864	9172	k63_1538503	10	0.3592233009708738	0.03985932004689332	-1
Cas9_0_II-D	k63_330055_1	501	853	2.6e-06	23.9	54	1556	k63_330055	1	0.13373253493013973	0.07620164126611957	-1
Cas9_0_II-D	k63_430859_6	459	853	9.5e-09	31.9	2785	4161	k63_430859	6	0.15250544662309368	0.07268464243845252	-1
Cas9_0_II-D	k63_862098_6	169	853	3.9e-15	53.0	5750	6256	k63_862098	6	0.3136094674556213	0.06565064478311841	1
Cas9_0_II-D	k63_887257_2	260	853	4.1e-07	26.5	200	979	k63_887257	2	0.23076923076923078	0.06916764361078546	-1
Cas9_0_II-D	k63_995572_3	225	853	2.3e-07	27.4	911	1585	k63_995572	3	0.36444444444444446	0.09495896834701055	1
Cas9_1_II	k63_995572_3	225	1120	0.00012	18.0	911	1585	k63_995572	3	0.24444444444444444	0.054464285714285715	1
CasR_0_CAS-I-II-III-IV-V-VI	k63_1133780_5	241	198	0.029	11.7	4948	5670	k63_1133780	5	0.21161825726141079	0.26262626262626265	1
CasR_0_CAS-I-II-III-IV-V-VI	k63_1310748_3	606	198	6.1e-07	27.0	2688	4505	k63_1310748	3	0.09900990099009901	0.30808080808080807	1
CasR_0_CAS-I-II-III-IV-V-VI	k63_1408892_3	115	198	0.0054	14.1	2713	3057	k63_1408892	3	0.6608695652173913	0.3838383838383838	1
CasR_0_CAS-I-II-III-IV-V-VI	k63_1517804_2	249	198	0.0047	14.3	435	1181	k63_1517804	2	0.17269076305220885	0.2222222222222222	-1
CasR_0_CAS-I-II-III-IV-V-VI	k63_1540793_4	189	198	0.0039	14.5	2626	3192	k63_1540793	4	0.19576719576719576	0.18686868686868688	-1
CasR_0_CAS-I-II-III-IV-V-VI	k63_1577724_12	157	198	0.0055	14.1	9511	9981	k63_1577724	12	0.4840764331210191	0.35353535353535354	1
CasR_0_CAS-I-II-III-IV-V-VI	k63_176493_9	183	198	0.0014	16.0	5654	6202	k63_176493	9	0.3333333333333333	0.30808080808080807	1
CasR_0_CAS-I-II-III-IV-V-VI	k63_219729_6	398	198	0.028	11.8	4309	5502	k63_219729	6	0.08793969849246232	0.17676767676767677	1
CasR_0_CAS-I-II-III-IV-V-VI	k63_41913_10	248	198	0.00076	16.9	5522	6265	k63_41913	10	0.1774193548387097	0.2222222222222222	1
CasR_0_CAS-I-II-III-IV-V-VI	k63_921710_2	472	198	0.02	12.2	179	1594	k63_921710	2	0.09745762711864407	0.23737373737373738	-1
CasR_1_CAS-I-II-III-IV-V-VI	k63_1122828_5	209	218	0.028	11.3	6153	6779	k63_1122828	5	0.20574162679425836	0.1926605504587156	1
CasR_1_CAS-I-II-III-IV-V-VI	k63_1133780_5	241	218	0.0041	14.0	4948	5670	k63_1133780	5	0.21161825726141079	0.23853211009174313	1
CasR_1_CAS-I-II-III-IV-V-VI	k63_1310748_3	606	218	3.9e-07	27.2	2688	4505	k63_1310748	3	0.09900990099009901	0.2798165137614679	1
CasR_1_CAS-I-II-III-IV-V-VI	k63_1408892_3	115	218	0.0025	14.7	2713	3057	k63_1408892	3	0.45217391304347826	0.23853211009174313	1
CasR_1_CAS-I-II-III-IV-V-VI	k63_1517804_2	249	218	9.7e-05	19.3	435	1181	k63_1517804	2	0.18072289156626506	0.21100917431192662	-1
CasR_1_CAS-I-II-III-IV-V-VI	k63_1523642_4	429	218	0.005	13.8	1352	2638	k63_1523642	4	0.06526806526806526	0.13302752293577982	-1
CasR_1_CAS-I-II-III-IV-V-VI	k63_1540793_4	189	218	0.00049	17.0	2626	3192	k63_1540793	4	0.19576719576719576	0.16972477064220184	-1
CasR_1_CAS-I-II-III-IV-V-VI	k63_1577724_12	157	218	0.0081	13.1	9511	9981	k63_1577724	12	0.31210191082802546	0.22477064220183487	1
CasR_1_CAS-I-II-III-IV-V-VI	k63_176493_9	183	218	0.0024	14.8	5654	6202	k63_176493	9	0.3005464480874317	0.25229357798165136	1
CasR_1_CAS-I-II-III-IV-V-VI	k63_219729_6	398	218	0.029	11.3	4309	5502	k63_219729	6	0.08542713567839195	0.1559633027522936	1
CasR_1_CAS-I-II-III-IV-V-VI	k63_41913_10	248	218	0.0033	14.4	5522	6265	k63_41913	10	0.11693548387096774	0.13302752293577982	1
CasR_1_CAS-I-II-III-IV-V-VI	k63_921710_2	472	218	0.01	12.8	179	1594	k63_921710	2	0.09533898305084745	0.21100917431192662	-1
Cmr5gr11_6_CAS-III-B	k63_473103_2	431	145	0.051	11.2	879	2171	k63_473103	2	0.20185614849187936	0.36551724137931035	1
Cmr7_0_CAS-III-B	k63_829381_7	272	187	0.011	13.4	3877	4692	k63_829381	7	0.3235294117647059	0.44385026737967914	1
Csa3_1_CAS-I-II-III-IV-V-VI	k63_1310748_3	606	118	0.0024	16.0	2688	4505	k63_1310748	3	0.11056105610561057	0.4067796610169492	1
Csa3_1_CAS-I-II-III-IV-V-VI	k63_1351550_11	239	118	0.0001	20.4	8327	9043	k63_1351550	11	0.23430962343096234	0.5169491525423728	1
Csa3_1_CAS-I-II-III-IV-V-VI	k63_1517804_2	249	118	0.00041	18.5	435	1181	k63_1517804	2	0.18875502008032127	0.4576271186440678	-1
Csa3_1_CAS-I-II-III-IV-V-VI	k63_1540793_4	189	118	0.00062	17.9	2626	3192	k63_1540793	4	0.3862433862433862	0.5169491525423728	-1
Csa3_1_CAS-I-II-III-IV-V-VI	k63_218702_14	149	118	0.0087	14.2	15580	16026	k63_218702	14	0.40939597315436244	0.4745762711864407	1
Csa3_1_CAS-I-II-III-IV-V-VI	k63_921710_2	472	118	0.00065	17.8	179	1594	k63_921710	2	0.15889830508474576	0.5254237288135594	-1
Csa5gr11_6_CAS-I-A	k63_325445_4	293	116	0.0022	15.8	1821	2699	k63_325445	4	0.2832764505119454	0.7155172413793104	-1
Csb1_0_IU	k63_760558_2	407	178	5.3e-20	69.7	285	1505	k63_760558	2	0.4152334152334152	0.9213483146067416	1
Csb1gr7_0_CAS-I-U	k63_760558_2	407	169	5.8e-50	167.1	285	1505	k63_760558	2	0.4275184275184275	0.9881656804733728	1
Csb2_0_IU	k63_760558_3	577	492	1.2e-88	296.1	1502	3232	k63_760558	3	0.9740034662045061	1.0	1
Csb2gr5_0_CAS-I-U	k63_760558_3	577	498	1.7999999999999999e-93	311.9	1502	3232	k63_760558	3	0.8214904679376083	0.9698795180722891	1
Csb2gr5_1_CAS-I-U	k63_760558_3	577	534	6.9e-22	75.6	1502	3232	k63_760558	3	0.5424610051993067	0.6235955056179775	1
Csc1gr5_4_CAS-I-D	k63_1396735_1	411	255	0.0059	13.8	3	1235	k63_1396735	1	0.2116788321167883	0.3411764705882353	1
Csf1_2_IVA3	k63_383491_3	224	267	0.03	11.3	2523	3194	k63_383491	3	0.16071428571428573	0.1348314606741573	1
Csf4_0_IVA	k63_1008463_6	1676	666	2.5e-29	100.1	4331	9358	k63_1008463	6	0.22911694510739858	0.6396396396396397	-1
Csf4_0_IVA	k63_104435_3	407	666	0.00088	15.7	2542	3762	k63_104435	3	0.3832923832923833	0.2147147147147147	-1
Csf4_0_IVA	k63_266209_3	467	666	2.9e-05	20.5	1296	2696	k63_266209	3	0.16059957173447537	0.1111111111111111	-1
Csf4_0_IVA	k63_438871_4	374	666	1.3e-05	21.7	2046	3167	k63_438871	4	0.12032085561497326	0.07057057057057058	1
Csf4_0_IVA	k63_565432_8	627	666	1.1e-44	150.8	7113	8993	k63_565432	8	0.9170653907496013	0.9099099099099099	1
Csf4_1_IVA1	k63_1008463_6	1676	802	1.3e-18	64.3	4331	9358	k63_1008463	6	0.13902147971360382	0.2817955112219451	-1
Csf4_1_IVA1	k63_565432_8	627	802	5.8e-19	65.5	7113	8993	k63_565432	8	0.49282296650717705	0.42019950124688277	1
Csf4_1_IVA1	k63_978589_3	401	802	0.012	11.5	2162	3364	k63_978589	3	0.08728179551122195	0.04488778054862843	1
Csf4_2_IVA1	k63_565432_8	627	526	3.4e-19	66.6	7113	8993	k63_565432	8	0.41626794258373206	0.4866920152091255	1
Csf4_3_IVE	k63_1008463_6	1676	648	4.7e-06	23.3	4331	9358	k63_1008463	6	0.11276849642004773	0.2839506172839506	-1
Csf4_3_IVE	k63_565432_8	627	648	0.011	12.1	7113	8993	k63_565432	8	0.13556618819776714	0.12962962962962962	1
Csm2gr11_4_CAS-III-A	k63_122360_2	230	142	0.022	12.5	814	1503	k63_122360	2	0.3695652173913043	0.352112676056338	-1
Csm3gr7_11_CAS-III-A-III-D	k63_658939_3	212	216	0.0083	13.3	868	1503	k63_658939	3	0.2358490566037736	0.23148148148148148	1
Csm5gr7_1_CAS-III-A-III-D	k63_546880_20	87	369	0.035	11.5	17981	18241	k63_546880	20	0.6206896551724138	0.14634146341463414	-1
Csn2_7_CAS-II-A	k63_1180439_7	264	372	0.062	10.0	6146	6937	k63_1180439	7	0.2840909090909091	0.20161290322580644	1
Csn2_7_CAS-II-A	k63_234039_12	234	372	0.073	9.7	11699	12400	k63_234039	12	0.15384615384615385	0.0967741935483871	-1
Csn2_7_CAS-II-A	k63_303965_1	205	372	0.00061	16.6	2	616	k63_303965	1	0.36097560975609755	0.20698924731182797	1
Csx16_1_CAS-I-III	k63_1559028_6	538	76	0.046	11.7	6363	7976	k63_1559028	6	0.08178438661710037	0.5526315789473685	1
Csx18_0_CAS-I-III	k63_347865_23	170	96	0.0043	14.7	19431	19940	k63_347865	23	0.19411764705882353	0.34375	1
Csx1_3_CAS-III	k63_442294_5	1041	209	0.071	10.8	4355	7477	k63_442294	5	0.12007684918347743	0.44019138755980863	-1
Csx3_2_CAS-I-III	k63_1106272_1	854	277	0.018	11.9	2	2563	k63_1106272	1	0.0351288056206089	0.10830324909747292	-1
Csx3_2_CAS-I-III	k63_112359_4	746	277	0.0051	13.7	1463	3700	k63_112359	4	0.04155495978552279	0.11191335740072202	1
Csx3_2_CAS-I-III	k63_1358092_1	1453	277	0.0057	13.5	189	4547	k63_1358092	1	0.06331727460426703	0.1263537906137184	-1
Csx3_2_CAS-I-III	k63_1413816_6	359	277	0.0065	13.3	3496	4572	k63_1413816	6	0.21448467966573817	0.26714801444043323	-1
Csx3_2_CAS-I-III	k63_347865_18	418	277	0.01	12.7	14113	15366	k63_347865	18	0.11722488038277512	0.18050541516245489	1
Csx3_2_CAS-I-III	k63_443739_5	595	277	0.014	12.3	3474	5258	k63_443739	5	0.2218487394957983	0.34657039711191334	-1
Csx3_2_CAS-I-III	k63_451119_3	858	277	0.029	11.2	3155	5728	k63_451119	3	0.06293706293706294	0.18050541516245489	-1
Csx3_2_CAS-I-III	k63_464916_12	226	277	0.01	12.7	10793	11470	k63_464916	12	0.21238938053097345	0.18050541516245489	-1
Csx3_2_CAS-I-III	k63_85864_1	292	277	0.027	11.3	2	877	k63_85864	1	0.07876712328767123	0.08303249097472924	1
CysH_0_IVB	k63_1106272_2	216	249	1.9e-06	25.5	2780	3427	k63_1106272	2	0.6388888888888888	0.6024096385542169	1
CysH_0_IVB	k63_1206819_5	302	249	2.8e-16	57.7	3714	4619	k63_1206819	5	0.5596026490066225	0.6626506024096386	-1
CysH_0_IVB	k63_1479695_2	354	249	0.045	11.1	560	1621	k63_1479695	2	0.07062146892655367	0.10040160642570281	1
CysH_0_IVB	k63_325445_4	293	249	0.0026	15.2	1821	2699	k63_325445	4	0.15358361774744028	0.18473895582329317	-1
CysH_0_IVB	k63_33993_5	517	249	0.0057	14.1	2856	4406	k63_33993	5	0.14119922630560927	0.30120481927710846	-1
CysH_0_IVB	k63_434061_2	518	249	4.4e-10	37.4	1001	2554	k63_434061	2	0.39768339768339767	0.6746987951807228	-1
DEDDh_0_CAS-I-II-III-IV-V-VI	k63_1000714_2	179	160	3.6e-11	41.2	623	1159	k63_1000714	2	0.888268156424581	0.95625	-1
DEDDh_0_CAS-I-II-III-IV-V-VI	k63_1008463_6	1676	160	6.5e-31	105.4	4331	9358	k63_1008463	6	0.10143198090692124	0.99375	-1
DEDDh_0_CAS-I-II-III-IV-V-VI	k63_438871_4	374	160	5.1e-07	27.7	2046	3167	k63_438871	4	0.22994652406417113	0.55	1
DEDDh_0_CAS-I-II-III-IV-V-VI	k63_546880_16	592	160	1.4e-44	149.8	12967	14742	k63_546880	16	0.2652027027027027	0.99375	1
HEAT_CxxC_PDDEXK_0_CAS-I-C	k63_780377_13	995	288	0.19	8.6	9928	12912	k63_780377	13	0.11658291457286432	0.2569444444444444	-1
Mem_DnaJ_0_CAS-III-AM	k63_1129993_9	264	284	0.0063	13.6	8161	8952	k63_1129993	9	0.19696969696969696	0.20422535211267606	1
NYN_0_CAS-III-B	k63_1076690_2	235	320	2e-06	25.0	1671	2375	k63_1076690	2	0.4808510638297872	0.3375	1
PD_DExK_1_CAS-I-II-III-IV-V-VI	k63_647265_2	110	203	0.037	11.3	1753	2082	k63_647265	2	0.3181818181818182	0.1724137931034483	-1
RT_0_CAS-I-E	k63_1222383_2	256	414	0.00012	18.7	1029	1796	k63_1222383	2	0.17578125	0.10869565217391304	1
RT_0_CAS-I-II-III-IV-V-VI	k63_1075468_1	528	213	6.699999999999999e-43	144.5	2	1585	k63_1075468	1	0.4375	0.9953051643192489	1
RT_0_CAS-I-II-III-IV-V-VI	k63_1222383_1	185	213	2.9e-14	50.9	481	1035	k63_1222383	1	0.6216216216216216	0.431924882629108	1
RT_0_CAS-I-II-III-IV-V-VI	k63_1222383_2	256	213	2.3e-19	67.6	1029	1796	k63_1222383	2	0.56640625	0.5492957746478874	1
RT_0_CAS-I-II-III-IV-V-VI	k63_277197_2	535	213	8e-15	52.8	1240	2844	k63_277197	2	0.37009345794392523	0.9624413145539906	1
RT_0_CAS-III-AM-III-B	k63_1075468_1	528	298	1.1e-71	238.9	2	1585	k63_1075468	1	0.5757575757575758	0.8624161073825504	1
RT_0_CAS-III-AM-III-B	k63_1222383_1	185	298	5.9e-34	115.0	481	1035	k63_1222383	1	0.7783783783783784	0.47651006711409394	1
RT_0_CAS-III-AM-III-B	k63_1222383_2	256	298	1.2e-21	74.7	1029	1796	k63_1222383	2	0.46875	0.37583892617449666	1
RT_0_CAS-III-AM-III-B	k63_277197_2	535	298	3.9e-26	89.4	1240	2844	k63_277197	2	0.40373831775700936	0.7416107382550335	1
RecD_0_IVD	k63_1046610_10	205	763	0.013	11.4	7968	8582	k63_1046610	10	0.13658536585365855	0.03669724770642202	1
RecD_0_IVD	k63_1522293_1	162	763	0.047	9.5	17	502	k63_1522293	1	0.2222222222222222	0.047182175622542594	-1
RecD_0_IVD	k63_318850_8	752	763	0.00089	15.2	5688	7943	k63_318850	8	0.1702127659574468	0.145478374836173	1
RecD_0_IVD	k63_31942_4	1195	763	0.053	9.3	1251	4835	k63_31942	4	0.019246861924686193	0.03014416775884666	-1
RecD_0_IVD	k63_434061_1	333	763	0.031	10.1	3	1001	k63_434061	1	0.07507507507507508	0.0327653997378768	-1
RecD_0_IVD	k63_565432_12	324	763	0.00051	16.0	11275	12246	k63_565432	12	0.2006172839506173	0.08256880733944955	-1
RecD_0_IVD	k63_588292_3	1351	763	9.4e-06	21.7	809	4861	k63_588292	3	0.12953367875647667	0.21363040629095675	1
RecD_0_IVD	k63_844236_4	648	763	0.00013	17.9	3292	5235	k63_844236	4	0.22685185185185186	0.1913499344692005	-1
TPR_0_CAS-III-B	k63_1502696_1	512	488	0.0002	17.9	1	1536	k63_1502696	1	0.232421875	0.25	1
TPR_1_CAS-III-A	k63_865722_5	775	462	0.0001	18.9	4082	6406	k63_865722	5	0.3135483870967742	0.12987012987012986	-1
TnpB_0_Competitive	k63_267074_3	238	400	4.3e-15	53.3	1243	1956	k63_267074	3	0.7142857142857143	0.4025	1
TnpB_0_Competitive	k63_27032_14	463	400	6.2e-56	187.8	14233	15621	k63_27032	14	0.8336933045356372	0.9	1
TnpB_1_Competitive	k63_267074_3	238	409	2.1999999999999997e-25	87.0	1243	1956	k63_267074	3	0.8151260504201681	0.44987775061124696	1
TnpB_1_Competitive	k63_27032_14	463	409	6.9e-76	253.3	14233	15621	k63_27032	14	0.838012958963283	0.8801955990220048	1
Unk_03_0_CAS-III-B	k63_219729_1	327	186	0.005	14.6	2	982	k63_219729	1	0.1926605504587156	0.3333333333333333	1
WYL_0_CAS-I-II-III-IV-V-VI	k63_1223634_10	299	313	2e-38	130.4	9284	10180	k63_1223634	10	0.9832775919732442	0.9616613418530351	1
WYL_0_CAS-I-II-III-IV-V-VI	k63_1223634_11	323	313	4.6e-26	89.8	10177	11145	k63_1223634	11	0.7120743034055728	0.7539936102236422	1
WYL_0_CAS-I-II-III-IV-V-VI	k63_41913_10	248	313	8.5e-36	121.8	5522	6265	k63_41913	10	0.907258064516129	0.6900958466453674	1
WYL_3_CAS-I-II-III-IV-V-VI	k63_1223634_10	299	172	2.6e-31	106.8	9284	10180	k63_1223634	10	0.5719063545150501	0.9941860465116279	1
WYL_3_CAS-I-II-III-IV-V-VI	k63_1223634_11	323	172	1.2e-28	98.1	10177	11145	k63_1223634	11	0.46439628482972134	0.9069767441860465	1
WYL_3_CAS-I-II-III-IV-V-VI	k63_41913_10	248	172	6.2e-15	53.4	5522	6265	k63_41913	10	0.29435483870967744	0.4186046511627907	1
htpX_0_CAS-III-B	k63_1296799_5	243	343	0.0023	14.9	3514	4242	k63_1296799	5	0.24279835390946503	0.17201166180758018	-1
htpX_0_CAS-III-B	k63_971623_3	281	343	9.1e-12	42.5	1257	2099	k63_971623	3	0.6619217081850534	0.5422740524781341	-1
