Contig	Start	End	Strand	Pos
k63_749966	190	1023	1	1
k63_749966	895	1554	-1	2
k63_749966	1557	2369	-1	3
k63_750007	2	124	1	1
k63_750007	188	571	-1	2
k63_750007	658	963	-1	3
k63_750007	1077	1271	-1	4
k63_750007	1331	1585	1	5
k63_428577	1	225	-1	1
k63_428577	350	4654	-1	2
k63_1178584	2	1045	1	1
k63_1178584	1577	3652	1	2
k63_1392862	147	428	1	1
k63_1392862	477	1298	1	2
k63_1392862	1262	2464	-1	3
k63_1392862	2621	3049	1	4
k63_1392930	19	1290	-1	1
k63_1392930	1493	1897	-1	2
k63_964329	3	293	1	1
k63_964329	392	1642	-1	2
k63_964329	1639	3051	-1	3
k63_428667	3	842	1	1
k63_428667	976	1959	1	2
k63_428667	1956	2273	1	3
k63_428667	2344	3081	1	4
k63_428667	3078	3791	1	5
k63_428667	3785	4606	1	6
k63_428667	4695	5309	1	7
k63_428667	5438	6433	1	8
k63_428667	6441	7586	-1	9
k63_428667	7626	8309	-1	10
k63_428667	8499	9782	-1	11
k63_428667	9810	10565	-1	12
k63_428667	10727	10996	1	13
k63_428667	11009	11452	-1	14
k63_428667	11476	12654	-1	15
k63_428667	12724	13059	-1	16
k63_428667	13071	13310	-1	17
k63_428667	13310	14938	-1	18
k63_107353	3	1142	-1	1
k63_107353	1177	2121	-1	2
k63_321807	214	603	1	1
k63_321807	767	2605	1	2
k63_428885	734	1219	1	1
k63_428885	1216	2196	1	2
k63_428885	2193	2537	1	3
k63_428885	2537	4291	1	4
k63_428885	4260	5768	1	5
k63_428885	5765	6079	1	6
k63_1393312	2	175	1	1
k63_1393312	244	852	1	2
k63_1393312	856	1398	1	3
k63_1393312	1395	2198	1	4
k63_1393312	2212	3753	1	5
k63_1393312	3918	4502	1	6
k63_1393312	4499	4972	1	7
k63_1393312	5047	5502	1	8
k63_1393312	5499	5933	1	9
k63_964650	1	162	1	1
k63_964650	167	1357	1	2
k63_964650	1369	2145	1	3
k63_964650	2210	2611	1	4
k63_1286094	2	601	-1	1
k63_1286094	598	1308	-1	2
k63_1286094	1302	1970	-1	3
k63_1286094	1972	2217	-1	4
k63_1286094	2240	3004	-1	5
k63_1286094	3215	3970	-1	6
k63_1286094	4092	4412	1	7
k63_1286094	4420	5094	-1	8
k63_1286094	5153	5707	-1	9
k63_1286094	5927	6382	1	10
k63_429132	3	809	-1	1
k63_429132	806	1525	-1	2
k63_1072000	28	1323	1	1
k63_1072000	1437	1808	-1	2
k63_1072000	1819	2142	-1	3
k63_1072000	2135	2518	-1	4
k63_1072000	2551	2733	-1	5
k63_1179090	2	733	-1	1
k63_1179090	864	1343	1	2
k63_1179090	1340	2215	1	3
k63_1179090	2232	2960	1	4
k63_1179090	2965	3885	-1	5
k63_1179090	3882	4847	-1	6
k63_1179090	4844	5797	-1	7
k63_1179090	5794	6813	-1	8
k63_1179090	6834	8501	-1	9
k63_1179090	8560	9195	-1	10
k63_682	192	881	1	1
k63_682	990	1580	1	2
k63_1072163	2	1114	-1	1
k63_1072163	1118	2281	-1	2
k63_1072163	2344	2595	-1	3
k63_750735	1	219	1	1
k63_750735	381	908	-1	2
k63_750735	941	2026	-1	3
k63_750735	2033	3136	-1	4
k63_750735	3123	3848	-1	5
k63_750735	3849	4088	-1	6
k63_750735	4085	4276	-1	7
k63_322247	1	264	-1	1
k63_322247	499	939	-1	2
k63_322247	1344	2084	-1	3
k63_322247	2149	3303	-1	4
k63_322247	3342	4637	-1	5
k63_322249	161	976	-1	1
k63_322249	973	2271	-1	2
k63_322249	2258	3226	-1	3
k63_322249	3241	3468	-1	4
k63_827	1	726	1	1
k63_827	735	1526	-1	2
k63_827	1900	3147	-1	3
k63_827	3152	4561	-1	4
k63_322366	335	673	1	1
k63_322366	690	1133	-1	2
k63_322366	1130	2293	-1	3
k63_322366	2293	3369	-1	4
k63_322366	3386	3622	-1	5
k63_537106	75	1379	-1	1
k63_537106	1389	1925	-1	2
k63_215103	84	3728	-1	1
k63_215103	3856	4617	1	2
k63_215103	4820	5875	1	3
k63_215103	5917	6657	1	4
k63_215103	6654	8009	1	5
k63_215103	8250	8537	1	6
k63_1179802	2	199	-1	1
k63_1179802	196	720	-1	2
k63_1179802	717	1562	-1	3
k63_1179802	1576	2274	-1	4
k63_858297	1	216	1	1
k63_858297	220	1470	1	2
k63_858297	1463	1636	1	3
k63_215411	41	148	-1	1
k63_215411	232	1221	-1	2
k63_215411	1225	2460	-1	3
k63_322708	3	1202	-1	1
k63_322708	1227	1880	-1	2
k63_322708	1885	2031	-1	3
k63_1505	226	2436	1	1
k63_537686	168	914	1	1
k63_537686	937	1602	-1	2
k63_537686	1899	2306	-1	3
k63_537686	2309	2611	-1	4
k63_537686	2733	3710	-1	5
k63_537686	3707	4756	-1	6
k63_537686	4791	4976	-1	7
k63_537686	5054	5599	-1	8
k63_537686	5606	6157	-1	9
k63_537686	6311	6754	1	10
k63_537686	6788	8863	-1	11
k63_537686	9113	10117	1	12
k63_1287186	26	637	1	1
k63_1287186	630	1646	1	2
k63_1287186	1643	2695	1	3
k63_1287186	2692	3156	1	4
k63_1287186	3153	3863	1	5
k63_1287186	3860	4480	1	6
k63_1287186	4498	4719	1	7
k63_858665	2	769	-1	1
k63_858665	766	1419	-1	2
k63_858665	1443	3773	-1	3
k63_858665	3767	4897	-1	4
k63_858665	4894	5901	-1	5
k63_858665	5898	6359	-1	6
k63_858665	6305	6466	-1	7
k63_858665	6463	7584	-1	8
k63_858665	7677	8264	1	9
k63_858665	8285	8599	-1	10
k63_1287498	1	579	1	1
k63_1287498	589	1410	-1	2
k63_1287498	1427	1543	-1	3
k63_966023	1	2145	-1	1
k63_1502056	85	1185	-1	1
k63_1502056	1280	1876	-1	2
k63_430603	72	1946	-1	1
k63_430603	1959	2873	-1	2
k63_1287771	72	1190	-1	1
k63_1287771	1380	2339	-1	2
k63_1287771	2380	4227	-1	3
k63_1287771	4415	4795	1	4
k63_1502134	3	989	1	1
k63_1502134	1135	2439	1	2
k63_1502134	2463	2846	1	3
k63_1502134	2848	3669	-1	4
k63_1180912	1	1098	-1	1
k63_1180912	1088	1834	-1	2
k63_1180912	1818	3548	-1	3
k63_1395274	1	66	-1	1
k63_1395274	242	805	1	2
k63_1395274	868	1590	1	3
k63_1395274	1587	2072	-1	4
k63_324054	3	980	1	1
k63_324054	977	2221	-1	2
k63_324054	2462	2521	1	3
k63_539085	238	726	1	1
k63_539085	748	1488	1	2
k63_539085	1485	2117	-1	3
k63_539085	2270	2611	1	4
k63_1074144	2	1273	1	1
k63_1074144	1270	2805	1	2
k63_1074144	2921	5176	1	3
k63_431527	76	1710	-1	1
k63_431527	1713	2597	-1	2
k63_431527	2594	3535	-1	3
k63_431527	3554	4336	-1	4
k63_431567	36	833	-1	1
k63_431567	1032	1670	-1	2
k63_967218	2	103	-1	1
k63_967218	125	448	-1	2
k63_967218	761	1039	1	3
k63_967218	1154	1984	1	4
k63_967218	1990	2877	1	5
k63_860105	1	744	1	1
k63_860105	787	2346	1	2
k63_860105	2327	3127	1	3
k63_860105	3124	3516	1	4
k63_646658	2	199	-1	1
k63_646658	338	1213	1	2
k63_646658	1300	1656	-1	3
k63_109870	140	2137	1	1
k63_431758	136	570	1	1
k63_431758	695	1309	1	2
k63_431758	1321	2994	1	3
k63_431758	3006	3713	1	4
k63_431758	3862	4980	1	5
k63_1503405	115	249	1	1
k63_1503405	309	740	-1	2
k63_1503405	817	1440	1	3
k63_1503405	1442	2164	-1	4
k63_1503405	2386	3345	1	5
k63_967573	2	1285	-1	1
k63_967573	1327	1929	-1	2
k63_967573	1893	2603	-1	3
k63_217265	322	1506	1	1
k63_860527	1	1737	1	1
k63_431941	1	2256	1	1
k63_431941	2859	3803	-1	2
k63_431941	4044	4547	1	3
k63_217278	117	683	-1	1
k63_217278	680	1879	-1	2
k63_539866	2	181	1	1
k63_539866	272	1339	1	2
k63_539866	1324	1953	-1	3
k63_539866	1950	2366	-1	4
k63_967818	3	920	1	1
k63_967818	917	1552	1	2
k63_967818	1678	3645	1	3
k63_967818	3676	4590	1	4
k63_967818	4688	4969	1	5
k63_753633	19	1164	-1	1
k63_753633	1296	2072	1	2
k63_1075034	74	517	1	1
k63_1075034	496	1533	-1	2
k63_4215	185	1372	1	1
k63_4215	1444	2577	1	2
k63_4215	2598	3665	1	3
k63_4215	3668	4525	1	4
k63_4215	4822	5337	1	5
k63_4215	5505	8099	1	6
k63_4215	8183	9955	-1	7
k63_217687	3	1145	-1	1
k63_217687	1158	1262	-1	2
k63_217687	1446	1715	-1	3
k63_217687	1739	2680	-1	4
k63_217687	2694	3068	-1	5
k63_217687	3118	5697	-1	6
k63_217687	5694	6362	-1	7
k63_217687	6526	6768	-1	8
k63_325321	61	1311	1	1
k63_325321	1322	1765	-1	2
k63_325321	1862	2455	-1	3
k63_1075140	1	489	-1	1
k63_1075140	672	1598	1	2
k63_1075140	1625	4132	1	3
k63_110613	142	993	-1	1
k63_110613	1301	1543	1	2
k63_110613	1597	3042	1	3
k63_110613	3054	3581	1	4
k63_110613	3578	5326	1	5
k63_968628	2	157	1	1
k63_968628	173	958	1	2
k63_968628	960	2423	1	3
k63_968628	2451	3182	1	4
k63_968628	3354	4082	1	5
k63_968628	4097	5470	-1	6
k63_968628	5503	6843	-1	7
k63_968628	6840	7505	-1	8
k63_1182816	1	759	1	1
k63_1182816	1018	1272	1	2
k63_1182816	1269	1652	1	3
k63_1182816	1713	1961	1	4
k63_325598	2	1450	1	1
k63_325598	1471	2454	1	2
k63_325598	2451	3119	-1	3
k63_540717	3	341	1	1
k63_540717	359	1345	1	2
k63_540717	1342	2043	-1	3
k63_540717	2027	2749	-1	4
k63_540717	2872	3336	1	5
k63_1182908	3	941	-1	1
k63_1182908	938	2194	-1	2
k63_754388	2	1072	-1	1
k63_754388	1832	2368	-1	2
k63_754388	2402	3655	-1	3
k63_754388	3827	4330	-1	4
k63_754388	4327	5001	-1	5
k63_1397122	82	864	-1	1
k63_1397122	1004	2140	1	2
k63_1397122	2274	3137	1	3
k63_1397122	3155	3649	1	4
k63_1397122	3649	5316	1	5
k63_1183041	2	202	1	1
k63_1183041	223	1062	1	2
k63_1183041	1072	1350	1	3
k63_1183041	1353	1730	1	4
k63_1183041	1733	2284	1	5
k63_1075570	91	1305	1	1
k63_5173	343	2148	-1	1
k63_432864	110	496	-1	1
k63_432864	523	888	-1	2
k63_432864	1049	1594	1	3
k63_111459	3	380	-1	1
k63_111459	516	1118	-1	2
k63_111459	1197	2735	1	3
k63_111459	2725	3240	-1	4
k63_111459	3331	5598	-1	5
k63_218603	3	902	-1	1
k63_218603	963	1457	-1	2
k63_969602	1	1281	1	1
k63_969602	1312	2154	1	2
k63_326661	147	428	-1	1
k63_326661	462	806	-1	2
k63_326661	822	1736	-1	3
k63_326661	2108	3091	1	4
k63_326661	3088	3999	1	5
k63_326661	4005	4751	1	6
k63_5808	83	3508	1	1
k63_5808	3739	4614	-1	2
k63_5808	4967	5995	1	3
k63_5808	6130	6255	1	4
k63_5808	6382	7161	1	5
k63_542068	168	785	1	1
k63_542068	782	1348	1	2
k63_1184067	2	619	-1	1
k63_1184067	648	1115	-1	2
k63_1184067	1245	1469	-1	3
k63_1184067	1527	1937	-1	4
k63_1184067	2054	2905	1	5
k63_1184067	2902	4092	-1	6
k63_1184067	4089	4769	-1	7
k63_1290791	2	391	1	1
k63_1290791	384	1799	1	2
k63_5947	155	994	1	1
k63_5947	991	2013	1	2
k63_5947	2036	2782	1	3
k63_5947	2862	3479	1	4
k63_756058	2	2122	-1	1
k63_1184483	1	561	-1	1
k63_1184483	586	1242	-1	2
k63_1184483	1289	1627	-1	3
k63_1184483	1807	2967	1	4
k63_1184483	2971	3381	-1	5
k63_1184483	3478	3786	-1	6
k63_1184483	3878	4717	-1	7
k63_1184483	4868	5458	1	8
k63_863285	1	288	-1	1
k63_863285	285	1343	-1	2
k63_863285	1368	2495	-1	3
k63_1184583	51	1556	1	1
k63_1184583	1611	2609	1	2
k63_1184583	2616	3056	-1	3
k63_1184583	3053	3286	-1	4
k63_6295	1	1830	-1	1
k63_1184683	111	683	-1	1
k63_1184683	713	1777	-1	2
k63_1184683	1849	2508	1	3
k63_1184683	2512	2877	-1	4
k63_650265	2	538	-1	1
k63_650265	782	1549	1	2
k63_970718	105	455	-1	1
k63_970718	619	1341	-1	2
k63_970718	1358	2518	-1	3
k63_970718	2521	2877	-1	4
k63_6702	2	217	-1	1
k63_6702	234	1448	-1	2
k63_113387	65	616	-1	1
k63_113387	626	1036	-1	2
k63_113387	1084	2436	-1	3
k63_113387	2455	3294	-1	4
k63_113387	3282	3773	-1	5
k63_1399143	729	1184	1	1
k63_1399143	1283	1759	1	2
k63_1399143	1852	2502	1	3
k63_1185231	2	976	1	1
k63_1185231	973	1983	-1	2
k63_1185231	1992	2885	-1	3
k63_1185231	2882	3721	-1	4
k63_1185231	3718	4839	-1	5
k63_1185231	4841	4978	-1	6
k63_650510	2	283	-1	1
k63_650510	591	2468	-1	2
k63_650510	2465	3415	-1	3
k63_650510	3512	4210	-1	4
k63_650510	4207	4788	-1	5
k63_650510	4905	5582	1	6
k63_650510	5594	6100	-1	7
k63_756860	2	1579	1	1
k63_756860	1576	2919	1	2
k63_756860	2928	3560	-1	3
k63_756860	3560	3667	-1	4
k63_756860	3751	4053	-1	5
k63_1292099	3	83	-1	1
k63_1292099	233	1273	-1	2
k63_1292099	1651	3081	1	3
k63_327984	1	729	1	1
k63_327984	734	2089	-1	2
k63_327984	2139	2927	1	3
k63_327984	2924	3601	1	4
k63_327984	3616	4539	1	5
k63_327984	4525	5565	-1	6
k63_327984	5583	8462	-1	7
k63_327984	8653	8859	1	8
k63_1077046	3	1355	-1	1
k63_1077046	1355	2545	-1	2
k63_1077046	2660	2752	1	3
k63_113555	1	1677	-1	1
k63_220265	3	2558	1	1
k63_220265	2555	2848	-1	2
k63_220265	3005	4996	-1	3
k63_220265	5169	6452	1	4
k63_220265	6470	8161	1	5
k63_220265	8158	9054	1	6
k63_1292251	94	267	1	1
k63_1292251	362	748	1	2
k63_1292251	851	1525	1	3
k63_1292251	1532	2302	1	4
k63_1292251	2343	3329	1	5
k63_113707	1	510	-1	1
k63_113707	657	1682	-1	2
k63_220307	1	1491	-1	1
k63_220307	1552	2094	-1	2
k63_220307	2446	2649	-1	3
k63_220307	2734	3072	1	4
k63_220307	3162	4163	1	5
k63_113874	3	731	1	1
k63_113874	728	1708	-1	2
k63_113874	1715	2608	-1	3
k63_114178	125	1585	-1	1
k63_114178	1578	1772	-1	2
k63_1400202	2	247	-1	1
k63_1400202	329	910	1	2
k63_1400202	907	1536	-1	3
k63_1400202	1561	2202	-1	4
k63_1400202	2371	3267	-1	5
k63_1078050	362	1135	-1	1
k63_1078050	1190	3133	-1	2
k63_7778	3	248	1	1
k63_7778	713	1360	-1	2
k63_7778	1550	2563	1	3
k63_7778	2560	3630	1	4
k63_1293001	1	231	-1	1
k63_1293001	266	1882	-1	2
k63_1293001	1846	2175	-1	3
k63_1293001	2227	2880	-1	4
k63_1293001	2899	3312	-1	5
k63_1078307	106	1794	-1	1
k63_1078307	1829	2779	-1	2
k63_1078307	2927	4579	1	3
k63_1078307	4590	4784	1	4
k63_1078307	4793	5446	-1	5
k63_544262	3	494	1	1
k63_544262	589	1461	-1	2
k63_544262	1462	2007	-1	3
k63_544262	2109	2750	1	4
k63_329392	2	865	-1	1
k63_329392	865	1479	-1	2
k63_329392	1514	2074	-1	3
k63_329392	2065	2421	-1	4
k63_329392	2655	3029	-1	5
k63_329505	1	2181	-1	1
k63_652061	2	910	1	1
k63_652061	1047	1658	1	2
k63_652061	1691	3814	-1	3
k63_1293455	2	1159	-1	1
k63_1293455	1178	1708	-1	2
k63_1293455	1830	2573	-1	3
k63_1293455	3096	3917	-1	4
k63_1293455	3958	5292	-1	5
k63_1293455	5387	6133	-1	6
k63_1293521	45	245	-1	1
k63_1293521	267	1901	-1	2
k63_1293521	1908	2789	-1	3
k63_1293521	2786	3331	-1	4
k63_221923	1	141	1	1
k63_221923	495	1121	-1	2
k63_221923	1359	1847	-1	3
k63_221923	1847	3394	-1	4
k63_865902	1	297	-1	1
k63_865902	493	1686	1	2
k63_865902	1790	2914	-1	3
k63_865902	3299	3367	1	4
k63_1079395	3	1190	-1	1
k63_1079395	1268	1879	-1	2
k63_1079395	1913	2413	-1	3
k63_1079395	2527	3576	-1	4
k63_1079395	3665	5023	-1	5
k63_652634	217	1038	-1	1
k63_652634	1080	1790	-1	2
k63_652634	1960	2364	-1	3
k63_652634	2422	4437	-1	4
k63_1079476	321	1985	1	1
k63_652678	2	742	-1	1
k63_652678	1022	1684	1	2
k63_652678	1681	2046	-1	3
k63_8956	2	1504	1	1
k63_652694	401	787	1	1
k63_652694	790	1584	-1	2
k63_652694	1665	1991	-1	3
k63_652694	2004	2645	-1	4
k63_652763	173	1054	-1	1
k63_652763	1557	2138	-1	2
k63_866271	1	678	1	1
k63_866271	702	1586	1	2
k63_866271	1686	2195	1	3
k63_866271	2355	2771	1	4
k63_866271	2778	3995	-1	5
k63_866271	4039	4668	-1	6
k63_866271	4728	5024	-1	7
k63_1294272	1	1218	1	1
k63_1294272	1211	1714	-1	2
k63_1294272	1724	2365	-1	3
k63_1294272	2382	3077	-1	4
k63_1294272	3125	3427	-1	5
k63_1294272	3558	4433	1	6
k63_330904	1	543	1	1
k63_330904	577	951	-1	2
k63_330904	1185	2078	1	3
k63_9165	206	556	-1	1
k63_9165	1441	1743	1	2
k63_9165	1996	3237	1	3
k63_545689	2	541	1	1
k63_545689	635	1684	-1	2
k63_1079989	2	133	1	1
k63_1079989	190	1062	1	2
k63_1079989	1087	2097	1	3
k63_973623	1	933	1	1
k63_973623	964	1839	1	2
k63_9331	99	1277	1	1
k63_9331	1331	1654	1	2
k63_9331	1638	2093	1	3
k63_436635	137	478	1	1
k63_436635	475	1278	1	2
k63_436635	1284	1760	1	3
k63_436635	1762	2976	1	4
k63_436635	3069	3782	1	5
k63_436635	3757	4596	-1	6
k63_436735	86	874	1	1
k63_436735	924	2357	1	2
k63_436735	2360	2425	1	3
k63_116174	203	1180	1	1
k63_116174	1292	2248	1	2
k63_116174	2257	2907	1	3
k63_116174	2980	3957	1	4
k63_116174	4048	4785	1	5
k63_973887	2	466	-1	1
k63_973887	470	1462	-1	2
k63_973887	1514	3304	-1	3
k63_116409	2	1138	1	1
k63_116409	1172	2011	1	2
k63_116409	2008	3063	1	3
k63_116409	3053	3793	1	4
k63_116409	3794	4186	-1	5
k63_116409	4256	5071	1	6
k63_116409	5071	5526	1	7
k63_116409	5523	6356	1	8
k63_116409	6425	8047	1	9
k63_116409	8051	10360	1	10
k63_546278	3	1880	1	1
k63_867306	251	1873	-1	1
k63_867306	1888	2817	-1	2
k63_867306	2817	3347	-1	3
k63_867306	3344	4366	-1	4
k63_867306	4363	5826	-1	5
k63_1402380	378	1658	1	1
k63_1402380	1774	3390	1	2
k63_1402380	3394	4536	1	3
k63_1402380	4533	5297	1	4
k63_1402380	5301	5996	1	5
k63_1402380	5971	6852	1	6
k63_1402380	6868	7170	1	7
k63_1402380	7182	7493	1	8
k63_1402380	7534	9207	1	9
k63_1402380	9207	9659	1	10
k63_1402380	9631	10341	1	11
k63_1402380	10338	10958	1	12
k63_1402380	11031	11513	1	13
k63_1402380	11490	11663	-1	14
k63_1402380	11846	12208	1	15
k63_223109	3	1091	-1	1
k63_223109	1104	1646	-1	2
k63_223109	1609	1812	-1	3
k63_223109	1935	2270	1	4
k63_223109	2468	3181	1	5
k63_223109	3192	5420	-1	6
k63_223109	5449	6162	-1	7
k63_331959	3	809	1	1
k63_331959	975	1766	-1	2
k63_331959	1785	4133	-1	3
k63_331959	4137	4538	-1	4
k63_223683	167	1375	-1	1
k63_223683	1378	2184	-1	2
k63_223683	2181	3227	-1	3
k63_223683	3271	5001	-1	4
k63_1403025	53	796	-1	1
k63_1403025	810	1724	-1	2
k63_1403025	1845	2867	-1	3
k63_1403025	2899	3906	-1	4
k63_1403025	4052	6844	1	5
k63_1403025	6841	7578	1	6
k63_1403025	7595	8518	1	7
k63_437603	143	724	-1	1
k63_437603	721	1593	-1	2
k63_437603	1722	2753	1	3
k63_437603	2750	3715	1	4
k63_437603	3712	4482	1	5
k63_437603	4479	5528	1	6
k63_437603	5528	7297	1	7
k63_437603	7286	8194	-1	8
k63_437603	8194	8832	-1	9
k63_1189044	3	1145	1	1
k63_1189044	1142	2086	1	2
k63_224177	2	1039	1	1
k63_224177	1301	2155	1	2
k63_332631	197	1462	-1	1
k63_332631	1513	2184	-1	2
k63_1189485	2	1075	1	1
k63_1189485	1079	2098	1	2
k63_332825	2	1090	-1	1
k63_332825	1361	1927	1	2
k63_332825	1924	3156	-1	3
k63_332825	3343	4461	1	4
k63_332825	4415	4612	1	5
k63_655125	187	1125	1	1
k63_655125	1122	2093	-1	2
k63_655125	2083	2958	-1	3
k63_655125	2984	3409	-1	4
k63_438191	2	400	-1	1
k63_438191	400	1578	-1	2
k63_438191	1581	2126	-1	3
k63_438191	2253	3977	-1	4
k63_438191	4101	4883	-1	5
k63_438191	4880	5470	-1	6
k63_438191	5467	6333	-1	7
k63_438191	6455	7078	1	8
k63_761753	3	221	1	1
k63_761753	366	1502	-1	2
k63_1082099	2	748	1	1
k63_1082099	745	1452	1	2
k63_1082099	1454	3055	1	3
k63_1296744	213	959	1	1
k63_1296744	956	1534	-1	2
k63_333476	186	1334	1	1
k63_333476	1344	2201	1	2
k63_333476	2258	3565	1	3
k63_333476	3700	4839	-1	4
k63_333476	4898	5635	1	5
k63_333476	5660	6115	1	6
k63_333476	6127	6996	1	7
k63_333476	6997	7623	-1	8
k63_548016	81	317	1	1
k63_548016	364	843	-1	2
k63_548016	859	1344	-1	3
k63_548016	1380	1604	-1	4
k63_548016	1654	2400	-1	5
k63_548016	2407	2835	-1	6
k63_548016	2929	3774	-1	7
k63_1511325	1	861	-1	1
k63_1511325	1513	1896	1	2
k63_1511325	2055	2993	1	3
k63_1511325	2990	4084	1	4
k63_1511325	4092	5267	1	5
k63_1511325	5277	5606	1	6
k63_1511325	5610	6332	1	7
k63_1511325	6329	7963	1	8
k63_1511325	7960	9189	1	9
k63_1511325	9143	9613	1	10
k63_1511325	9753	10589	-1	11
k63_1511325	10671	10751	-1	12
k63_333703	3	533	-1	1
k63_333703	594	1754	-1	2
k63_333705	2	274	1	1
k63_333705	240	1022	1	2
k63_333705	1132	1863	1	3
k63_333705	1876	1989	1	4
k63_118703	164	1627	-1	1
k63_118703	1804	2394	1	2
k63_1190406	399	2759	-1	1
k63_1297245	1	1410	-1	1
k63_1297245	1533	2525	-1	2
k63_1297245	2539	3552	-1	3
k63_1297245	3561	4673	-1	4
k63_1297245	4720	5325	-1	5
k63_1297245	5335	6747	-1	6
k63_1297245	6759	7160	-1	7
k63_1297245	7184	7912	-1	8
k63_1297245	7909	8466	-1	9
k63_1297245	8475	9293	-1	10
k63_1297245	9336	10700	-1	11
k63_1297245	10893	11183	1	12
k63_1297245	11149	11421	1	13
k63_1297245	11499	11936	1	14
k63_1190880	347	1942	1	1
k63_1190880	1961	2686	-1	2
k63_1083131	1	408	-1	1
k63_1083131	381	980	-1	2
k63_1083131	1125	1532	1	3
k63_119419	1	726	-1	1
k63_119419	726	1613	-1	2
k63_119419	1610	1903	-1	3
k63_439287	110	571	-1	1
k63_439287	1023	1901	1	2
k63_439287	2133	2597	-1	3
k63_12596	188	1378	1	1
k63_12596	1356	2360	-1	2
k63_12596	2405	3247	1	3
k63_12596	3237	3662	-1	4
k63_12596	3659	4336	-1	5
k63_1191356	170	1018	-1	1
k63_1191356	1023	1844	-1	2
k63_1191356	1909	2340	-1	3
k63_439350	3	251	1	1
k63_439350	248	1153	1	2
k63_439350	1190	1822	-1	3
k63_439360	255	965	-1	1
k63_439360	976	1944	-1	2
k63_439393	3	818	-1	1
k63_439393	1668	2981	1	2
k63_12663	2	178	-1	1
k63_12663	178	2001	-1	2
k63_12663	2005	2250	-1	3
k63_1191458	3	188	-1	1
k63_1191458	268	1053	-1	2
k63_1191458	1133	4615	-1	3
k63_1512187	295	1098	1	1
k63_1512187	1155	2693	1	2
k63_1512187	2706	3017	-1	3
k63_549178	42	845	1	1
k63_549178	885	1115	-1	2
k63_549178	1256	1609	1	3
k63_549178	1606	1986	1	4
k63_335007	2	1501	1	1
k63_1084121	3	167	-1	1
k63_1084121	507	1304	1	2
k63_1084121	1313	2581	1	3
k63_120011	3	323	-1	1
k63_120011	342	1508	-1	2
k63_1405840	233	682	1	1
k63_1405840	693	1046	1	2
k63_1405840	1739	2176	-1	3
k63_1405840	2264	2641	1	4
k63_1405840	2638	3498	1	5
k63_120137	2	316	1	1
k63_120137	320	2032	1	2
k63_120137	2029	2658	1	3
k63_120137	2651	3532	1	4
k63_120137	3693	5501	-1	5
k63_120137	5498	5647	-1	6
k63_120140	103	1245	-1	1
k63_120140	1369	2502	1	2
k63_120140	2586	4604	1	3
k63_120140	4651	4767	1	4
k63_977695	173	448	1	1
k63_977695	470	610	1	2
k63_977695	600	1022	1	3
k63_977695	1019	1693	1	4
k63_977695	1695	2288	-1	5
k63_440236	181	1203	-1	1
k63_440236	1375	1581	1	2
k63_440236	1571	2311	1	3
k63_440236	2318	3157	1	4
k63_440236	3237	3515	1	5
k63_440236	3631	4521	1	6
k63_440236	4514	6628	1	7
k63_440236	6637	7824	1	8
k63_1298446	2	154	-1	1
k63_1298446	216	2384	1	2
k63_1298446	2501	2983	1	3
k63_1298446	2980	3432	-1	4
k63_1298446	3435	4469	-1	5
k63_1298446	4514	4753	1	6
k63_1298446	4762	5355	1	7
k63_1298446	5649	6788	1	8
k63_1298446	6821	7198	1	9
k63_1298446	7205	8581	1	10
k63_1298446	8578	10053	1	11
k63_120356	1	660	1	1
k63_120356	657	926	-1	2
k63_120356	978	1670	-1	3
k63_120356	1735	1815	-1	4
k63_1512837	3	953	1	1
k63_1512837	962	2110	1	2
k63_1512837	2107	2445	-1	3
k63_1406095	126	2951	1	1
k63_871017	3	374	-1	1
k63_871017	751	4179	1	2
k63_1085047	535	1317	1	1
k63_1085047	1400	2794	1	2
k63_1085047	2835	3203	1	3
k63_1085047	3434	3505	-1	4
k63_978274	122	700	1	1
k63_978274	1014	1676	-1	2
k63_764563	2	1645	1	1
k63_764563	1642	1857	-1	2
k63_764563	2025	3173	-1	3
k63_227700	3	422	1	1
k63_227700	556	903	1	2
k63_227700	1633	2265	1	3
k63_227700	2309	2638	1	4
k63_227700	3171	3740	1	5
k63_227700	4098	4511	1	6
k63_227700	4723	5526	1	7
k63_1193548	60	158	-1	1
k63_1193548	283	957	1	2
k63_1193548	957	1709	1	3
k63_1193548	1680	2591	-1	4
k63_1193548	2595	3308	-1	5
k63_1193548	3301	4080	-1	6
k63_14704	1	711	-1	1
k63_14704	708	1418	-1	2
k63_14704	1415	2317	-1	3
k63_14704	2450	3064	-1	4
k63_336572	2	1213	-1	1
k63_336572	1338	2237	1	2
k63_121324	2	142	-1	1
k63_121324	270	815	1	2
k63_121324	812	1738	1	3
k63_121324	1746	2486	1	4
k63_121324	2567	4345	1	5
k63_121324	4356	4772	1	6
k63_121324	4690	6180	-1	7
k63_121324	6177	6734	-1	8
k63_121324	6754	7950	-1	9
k63_121324	8046	8447	1	10
k63_1514041	118	1743	-1	1
k63_1514041	1833	2483	1	2
k63_658559	215	1414	1	1
k63_658559	1434	2633	1	2
k63_228483	1	462	1	1
k63_228483	493	1731	1	2
k63_228483	1736	2365	-1	3
k63_1299981	3	983	-1	1
k63_1299981	991	1227	-1	2
k63_1299981	1255	1992	-1	3
k63_1299981	2003	3556	-1	4
k63_765637	1	1200	-1	1
k63_765637	1446	2381	1	2
k63_442360	2	568	-1	1
k63_442360	565	912	-1	2
k63_442360	924	1634	-1	3
k63_442360	1631	2461	-1	4
k63_442360	2458	3756	-1	5
k63_442360	3761	4654	-1	6
k63_442386	113	1252	1	1
k63_442386	1274	2137	1	2
k63_442386	2106	2888	1	3
k63_442386	2878	4014	-1	4
k63_442386	4103	5416	1	5
k63_442386	5444	6340	1	6
k63_442386	6344	7288	1	7
k63_442386	7290	8051	1	8
k63_442386	8054	8716	1	9
k63_442386	8709	9683	1	10
k63_442386	9683	10882	1	11
k63_442386	10866	11324	1	12
k63_442428	1	249	1	1
k63_442428	223	1143	-1	2
k63_442428	1287	1505	1	3
k63_442428	1502	2725	1	4
k63_442428	2760	3224	1	5
k63_442428	3422	3853	-1	6
k63_229048	3	2303	-1	1
k63_229048	2367	2828	-1	2
k63_229048	2844	3761	-1	3
k63_229048	4025	5179	1	4
k63_229048	5176	5331	-1	5
k63_229048	5359	5697	-1	6
k63_229048	5701	6225	-1	7
k63_229048	6379	7293	1	8
k63_229048	7587	8138	1	9
k63_1086667	2	1993	-1	1
k63_122417	2	241	-1	1
k63_122417	382	1389	-1	2
k63_122417	1557	2813	1	3
k63_122417	2791	5520	-1	4
k63_122417	5517	7223	-1	5
k63_122417	7375	9693	1	6
k63_122417	9703	10089	1	7
k63_122417	10090	10812	-1	8
k63_1514973	1	144	-1	1
k63_1514973	226	939	-1	2
k63_1514973	1174	1878	-1	3
k63_1514973	2318	3619	-1	4
k63_1514973	3653	4063	-1	5
k63_1514973	4076	4153	-1	6
k63_1408205	93	533	-1	1
k63_1408205	533	964	-1	2
k63_1408205	1080	1769	-1	3
k63_1408205	1782	2057	-1	4
k63_659672	252	1217	1	1
k63_659672	1480	1674	-1	2
k63_659672	1938	2429	1	3
k63_659672	2562	2735	-1	4
k63_659672	2964	3893	-1	5
k63_659672	3917	4027	-1	6
k63_16114	76	1767	1	1
k63_16114	1738	2070	-1	2
k63_659916	1	312	1	1
k63_659916	309	560	1	2
k63_659916	561	926	1	3
k63_659916	926	2206	1	4
k63_659916	2218	4284	1	5
k63_659916	4301	5314	1	6
k63_659916	5334	5792	1	7
k63_338302	3	641	1	1
k63_338302	675	1616	1	2
k63_338302	1619	1942	1	3
k63_980662	3	206	-1	1
k63_980662	217	1059	-1	2
k63_980662	1088	1762	-1	3
k63_980662	1922	2083	1	4
k63_1195381	1	792	-1	1
k63_1195381	978	1511	1	2
k63_1195381	1508	1855	1	3
k63_980710	39	3356	-1	1
k63_980710	3424	4827	1	2
k63_980710	4824	5627	1	3
k63_980710	5624	6274	1	4
k63_980710	6368	7522	1	5
k63_980710	7576	9150	1	6
k63_980710	9203	10360	1	7
k63_980710	10371	11663	1	8
k63_443458	1	1566	1	1
k63_443458	1754	2227	1	2
k63_443458	2336	2536	1	3
k63_443458	2548	2910	1	4
k63_980752	2	733	-1	1
k63_980752	929	2281	-1	2
k63_980752	2278	2754	-1	3
k63_660249	2	2767	1	1
k63_660249	2820	3308	1	2
k63_338556	1	486	-1	1
k63_338556	867	1565	1	2
k63_338556	1644	1886	1	3
k63_1408864	44	442	1	1
k63_1408864	562	1263	1	2
k63_1408864	1275	2822	-1	3
k63_1408864	2938	4077	1	4
k63_230199	3	284	1	1
k63_230199	365	460	1	2
k63_230199	488	862	1	3
k63_230199	859	1422	1	4
k63_230202	341	1843	1	1
k63_230202	1901	2545	1	2
k63_230202	2721	3989	1	3
k63_230202	4141	4242	1	4
k63_338811	1	735	1	1
k63_338811	772	3198	1	2
k63_338811	3195	3884	1	3
k63_338811	3893	4684	1	4
k63_338811	4681	5274	1	5
k63_1409076	3	1994	1	1
k63_123473	3	953	-1	1
k63_123473	950	1312	-1	2
k63_660627	2	928	1	1
k63_660627	925	2484	-1	2
k63_339324	2	625	1	1
k63_339324	598	1776	-1	2
k63_339324	1773	2447	-1	3
k63_339324	2525	2989	-1	4
k63_1516630	174	1790	-1	1
k63_1516630	1952	2239	1	2
k63_1516630	2267	3094	-1	3
k63_1516630	3108	4739	-1	4
k63_1516630	4987	7293	1	5
k63_339418	104	1318	1	1
k63_339418	1315	1650	-1	2
k63_1088581	2	1066	-1	1
k63_1088581	1339	1791	1	2
k63_1088581	1784	2704	1	3
k63_874621	1	963	1	1
k63_874621	967	2697	-1	2
k63_874621	3137	4930	1	3
k63_554166	150	761	1	1
k63_554166	762	1634	1	2
k63_1302133	56	766	-1	1
k63_1302133	1285	2682	1	2
k63_1302133	2757	3203	1	3
k63_1302133	3309	3725	1	4
k63_1302133	4053	4889	1	5
k63_1196351	80	538	1	1
k63_1196351	557	1567	1	2
k63_124023	136	945	-1	1
k63_124023	1104	2375	1	2
k63_661340	2	544	1	1
k63_661340	541	1317	1	2
k63_661340	1408	1719	1	3
k63_17370	2	196	-1	1
k63_17370	199	1383	-1	2
k63_17370	1431	1874	1	3
k63_1410178	1	822	-1	1
k63_1410178	840	1157	-1	2
k63_1410178	1176	1916	-1	3
k63_1410178	1943	2305	-1	4
k63_875313	1	786	-1	1
k63_875313	955	2049	-1	2
k63_875313	2224	3336	1	3
k63_875313	3333	3503	1	4
k63_768653	2	133	1	1
k63_768653	424	1188	1	2
k63_768653	1190	2266	1	3
k63_768653	2310	3206	-1	4
k63_661866	265	2436	1	1
k63_661866	2519	3796	1	2
k63_340410	2	925	-1	1
k63_340410	1314	1580	-1	2
k63_17903	3	377	-1	1
k63_17903	393	1100	-1	2
k63_17903	1097	1516	-1	3
k63_17903	1471	2295	-1	4
k63_17903	2292	2717	-1	5
k63_340563	23	247	-1	1
k63_340563	328	1113	1	2
k63_340563	1110	1577	1	3
k63_340563	1574	1963	-1	4
k63_340563	1960	2751	-1	5
k63_340563	2871	3809	1	6
k63_340563	3806	4963	1	7
k63_340563	4988	5140	1	8
k63_340563	5137	5541	1	9
k63_340563	5646	6419	1	10
k63_340563	6420	7847	-1	11
k63_340563	7954	9849	-1	12
k63_340563	9869	10975	-1	13
k63_232359	1	114	-1	1
k63_232359	464	874	1	2
k63_232359	894	1208	-1	3
k63_232359	1341	1721	-1	4
k63_125446	1	510	-1	1
k63_125446	518	1678	-1	2
k63_1197455	3	1349	1	1
k63_1197455	1346	2446	1	2
k63_445625	139	1638	1	1
k63_233122	283	1161	-1	1
k63_233122	1169	2032	-1	2
k63_233122	2105	2647	1	3
k63_233122	2662	3537	-1	4
k63_233122	3622	4557	-1	5
k63_233122	4557	5306	-1	6
k63_233122	5431	5640	-1	7
k63_233122	5746	5949	-1	8
k63_126299	120	407	1	1
k63_126299	566	1597	1	2
k63_126299	1662	2645	-1	3
k63_126299	2642	3184	-1	4
k63_1304101	2	718	1	1
k63_1304101	1336	1512	1	2
k63_555861	109	1263	1	1
k63_555861	1268	2161	1	2
k63_555861	2258	2488	1	3
k63_1090724	2	97	-1	1
k63_1090724	142	975	1	2
k63_1090724	1047	1649	1	3
k63_1518420	76	831	-1	1
k63_1518420	924	1637	1	2
k63_1518420	1680	2504	1	3
k63_1518420	2511	3236	1	4
k63_1518420	3391	3942	-1	5
k63_1518420	3936	4334	-1	6
k63_1518420	4389	4862	-1	7
k63_1518420	4934	5476	1	8
k63_1518420	5587	6201	1	9
k63_876472	3	86	-1	1
k63_876472	83	1219	-1	2
k63_876472	1405	1518	1	3
k63_1411863	3	248	1	1
k63_1411863	245	1348	-1	2
k63_1411863	1375	2148	1	3
k63_1411863	2145	2900	1	4
k63_1411863	3245	3985	-1	5
k63_233550	2	352	1	1
k63_233550	352	654	1	2
k63_233550	725	1213	1	3
k63_233550	1224	1550	1	4
k63_233550	1543	3051	-1	5
k63_233550	3069	3881	-1	6
k63_233553	470	901	-1	1
k63_233553	1011	2729	-1	2
k63_233905	75	1115	1	1
k63_233905	1112	2524	1	2
k63_446539	1	354	1	1
k63_446539	472	759	1	2
k63_446539	769	2427	1	3
k63_446539	2434	2610	-1	4
k63_126906	3	422	1	1
k63_126906	510	998	1	2
k63_126906	1071	1757	-1	3
k63_663400	1	813	1	1
k63_663400	810	1451	1	2
k63_663400	1448	2242	-1	3
k63_1518893	1	489	1	1
k63_1518893	509	1690	1	2
k63_1518893	1739	3154	-1	3
k63_1518893	3158	4855	-1	4
k63_1518893	4907	5314	1	5
k63_1518893	5592	6725	1	6
k63_1091520	24	1043	-1	1
k63_1091520	1040	1858	-1	2
k63_1091520	2017	3039	-1	3
k63_1091520	3036	3953	-1	4
k63_1091520	3938	5080	-1	5
k63_1091520	5275	6720	1	6
k63_663462	2	67	-1	1
k63_663462	351	1292	1	2
k63_663462	1602	2339	1	3
k63_663462	2495	2737	1	4
k63_663462	2774	4033	1	5
k63_663462	4052	5041	1	6
k63_663462	5139	6005	1	7
k63_663462	6002	6646	1	8
k63_663462	6660	7523	-1	9
k63_663462	7540	8826	-1	10
k63_663462	8897	9400	-1	11
k63_663462	9490	9747	1	12
k63_1412510	40	1188	1	1
k63_1412510	1232	2695	1	2
k63_342831	2	259	1	1
k63_342831	261	1427	1	2
k63_342831	1424	2326	1	3
k63_1199154	2	280	1	1
k63_1199154	226	1062	-1	2
k63_1199154	1059	2087	-1	3
k63_1199154	2087	2680	-1	4
k63_985057	1	537	1	1
k63_985057	544	1224	1	2
k63_985057	1217	1912	1	3
k63_1519490	2	592	-1	1
k63_1519490	1430	2320	1	2
k63_1519490	2322	2594	-1	3
k63_1519490	2666	3610	1	4
k63_1519490	3607	4476	-1	5
k63_1519490	4582	5256	-1	6
k63_1519490	5277	5918	-1	7
k63_877493	2	391	1	1
k63_877493	620	1015	1	2
k63_877493	973	1278	-1	3
k63_877493	1321	1689	-1	4
k63_985331	2	355	1	1
k63_985331	561	1688	1	2
k63_985331	1698	1910	-1	3
k63_19593	85	303	1	1
k63_19593	300	626	-1	2
k63_19593	885	1871	-1	3
k63_1305218	1	1161	1	1
k63_1305218	1158	2465	1	2
k63_1305218	2484	3689	1	3
k63_1305218	3686	4168	1	4
k63_1305218	4120	4965	-1	5
k63_1305218	5029	5448	-1	6
k63_1305218	5457	6878	-1	7
k63_1305218	6915	7811	-1	8
k63_1305218	7828	8721	-1	9
k63_1305218	8758	9357	-1	10
k63_1305218	9357	9944	-1	11
k63_1305218	10083	11114	-1	12
k63_1305466	3	1661	1	1
k63_1305466	1555	2604	-1	2
k63_877771	3	158	-1	1
k63_877771	155	889	-1	2
k63_877771	907	1893	1	3
k63_877771	1890	2510	-1	4
k63_877771	2627	3433	1	5
k63_1413345	343	699	1	1
k63_1413345	993	2162	1	2
k63_1413345	2195	2938	1	3
k63_1413345	3028	3561	1	4
k63_1413345	3568	4830	1	5
k63_234789	1	210	-1	1
k63_234789	839	1504	-1	2
k63_234789	1491	1997	-1	3
k63_20131	2	1006	1	1
k63_20131	1003	1965	1	2
k63_20131	2002	3072	1	3
k63_20131	3087	4160	1	4
k63_20131	4176	5456	1	5
k63_20131	5496	6401	1	6
k63_20131	6406	7395	1	7
k63_20131	7388	8140	1	8
k63_20131	8137	8850	1	9
k63_20131	8863	9429	1	10
k63_1520104	1	558	1	1
k63_1520104	567	914	1	2
k63_1520104	951	1688	1	3
k63_1520104	1735	2415	-1	4
k63_343813	2	1009	-1	1
k63_343813	1067	1852	1	2
k63_343813	1836	2396	-1	3
k63_343813	2393	3403	-1	4
k63_1413489	28	699	-1	1
k63_1413489	696	1232	-1	2
k63_1413489	1360	3510	1	3
k63_1413489	3683	4417	1	4
k63_1413489	4521	5420	-1	5
k63_1093023	3	1526	-1	1
k63_1093023	2107	2247	1	2
k63_1093023	2228	4279	1	3
k63_1093023	4276	4899	1	4
k63_1200122	2	793	-1	1
k63_1200122	833	1792	-1	2
k63_1200122	1913	3172	-1	3
k63_1200122	3550	4164	1	4
k63_1200122	4281	4340	1	5
k63_878259	3	1019	-1	1
k63_878259	1033	1671	-1	2
k63_878259	1830	2300	1	3
k63_878259	2297	3292	1	4
k63_878259	3289	4236	-1	5
k63_878259	4371	4748	1	6
k63_557582	188	1660	1	1
k63_557582	1681	2154	1	2
k63_448109	468	1736	1	1
k63_448109	1807	2775	-1	2
k63_448109	2772	3605	-1	3
k63_344091	2	100	1	1
k63_344091	97	999	1	2
k63_344091	1012	2022	-1	3
k63_344091	2031	2372	-1	4
k63_771842	3	161	-1	1
k63_771842	348	1781	1	2
k63_771842	1778	2758	1	3
k63_1306259	1	1137	1	1
k63_1306259	1489	1860	-1	2
k63_448604	174	824	1	1
k63_448604	834	1601	1	2
k63_772329	2	268	1	1
k63_772329	403	1251	-1	2
k63_772329	1256	2116	-1	3
k63_772329	2147	2365	-1	4
k63_878744	3	149	1	1
k63_878744	201	1127	1	2
k63_878744	1066	1836	1	3
k63_878744	2049	4838	1	4
k63_344783	1	288	-1	1
k63_344783	285	1325	-1	2
k63_344783	1312	2043	-1	3
k63_344783	2098	2457	-1	4
k63_1414307	3	341	1	1
k63_1414307	527	1360	1	2
k63_1414307	1468	1704	1	3
k63_986902	2	1945	-1	1
k63_986902	1968	2618	-1	2
k63_878975	2	3847	1	1
k63_878975	3938	5236	1	2
k63_21315	1	600	1	1
k63_21315	603	1583	1	2
k63_21315	1607	2548	-1	3
k63_21315	2646	3089	1	4
k63_773008	37	2010	-1	1
k63_1307326	1	285	-1	1
k63_1307326	285	746	-1	2
k63_1307326	984	2159	1	3
k63_1307326	2293	5172	1	4
k63_129343	2	172	1	1
k63_129343	185	1498	1	2
k63_129343	1500	1574	-1	3
k63_1094218	294	731	1	1
k63_1094218	739	1503	-1	2
k63_1094218	1500	2339	-1	3
k63_1094218	2336	3106	-1	4
k63_1094218	3090	4181	-1	5
k63_1094218	4306	4968	1	6
k63_129378	3	587	-1	1
k63_129378	886	1122	1	2
k63_129378	1176	1529	1	3
k63_129378	1526	1789	1	4
k63_236524	1	546	-1	1
k63_236524	558	1784	-1	2
k63_236524	1781	2296	-1	3
k63_236653	1	420	1	1
k63_236653	491	1339	1	2
k63_236653	1336	1707	1	3
k63_236653	1704	2642	1	4
k63_236653	2639	2938	1	5
k63_236791	2	1261	-1	1
k63_236791	1579	1980	1	2
k63_559406	56	952	1	1
k63_559406	1036	2766	-1	2
k63_559406	2838	3533	-1	3
k63_559406	3638	3856	-1	4
k63_1094670	5	784	-1	1
k63_1094670	784	1878	-1	2
k63_1094670	1875	2687	-1	3
k63_1094670	2693	3697	-1	4
k63_1094670	3720	3857	-1	5
k63_559473	86	466	-1	1
k63_559473	471	761	-1	2
k63_559473	864	2114	-1	3
k63_559473	2119	2442	-1	4
k63_1202363	2	397	1	1
k63_1202363	394	1023	1	2
k63_1202363	1020	2015	1	3
k63_1202363	2129	3628	1	4
k63_1202363	3644	4315	1	5
k63_1308365	3	512	-1	1
k63_1308365	710	2254	1	2
k63_1202502	63	1853	-1	1
k63_1202534	1	300	1	1
k63_1202534	297	1799	1	2
k63_1202534	1796	2611	1	3
k63_1202534	2711	3388	1	4
k63_1202534	3385	4014	1	5
k63_1202534	4011	4745	1	6
k63_1522614	1	369	1	1
k63_1522614	1037	2536	-1	2
k63_880597	266	892	1	1
k63_880597	931	1143	1	2
k63_880597	1166	4039	1	3
k63_880597	4052	4630	1	4
k63_880597	4627	4806	1	5
k63_880597	4834	5862	1	6
k63_880597	5937	6557	1	7
k63_880597	6563	8155	1	8
k63_880597	8157	8417	1	9
k63_130454	21	1373	1	1
k63_130454	1454	1918	1	2
k63_1202956	1	429	-1	1
k63_1202956	426	1526	-1	2
k63_1202956	1523	2410	-1	3
k63_1202956	2428	3429	-1	4
k63_1202956	3585	4790	-1	5
k63_1202956	4871	5761	-1	6
k63_1202956	5758	6804	-1	7
k63_988787	3	617	1	1
k63_988787	1246	1722	-1	2
k63_22868	1	573	1	1
k63_22868	629	1054	1	2
k63_22868	1096	2463	1	3
k63_22868	2477	3127	-1	4
k63_22868	3228	3299	1	5
k63_1203223	3	848	-1	1
k63_1203223	864	2015	-1	2
k63_1203223	2614	2997	1	3
k63_1203223	3285	3368	1	4
k63_1308944	2	1570	1	1
k63_1308944	1579	1740	1	2
k63_775190	1	201	-1	1
k63_775190	288	1751	1	2
k63_775190	1921	2475	1	3
k63_23205	64	912	-1	1
k63_23205	984	1508	-1	2
k63_23205	1511	2296	-1	3
k63_1523516	3	1181	1	1
k63_1523516	1267	1842	1	2
k63_1309315	58	771	1	1
k63_1309315	758	3559	-1	2
k63_560751	1	1518	-1	1
k63_560751	1598	2212	-1	2
k63_1204183	2	943	1	1
k63_1204183	978	1544	1	2
k63_1204183	1810	1941	-1	3
k63_131756	2	1042	1	1
k63_131756	1039	2610	1	2
k63_990390	2	595	1	1
k63_990390	459	1889	-1	2
k63_990390	1892	2482	-1	3
k63_990390	2486	3184	-1	4
k63_990390	3254	3871	-1	5
k63_131890	1	696	1	1
k63_131890	721	2064	1	2
k63_131890	2061	2846	1	3
k63_131890	2843	4609	1	4
k63_990484	138	1526	1	1
k63_990484	1724	2521	1	2
k63_990484	2538	4130	1	3
k63_990484	4160	5170	-1	4
k63_990484	5395	5847	1	5
k63_990484	5844	6296	1	6
k63_990484	6308	7654	1	7
k63_990484	7723	8355	1	8
k63_990484	8283	8771	-1	9
k63_990484	8777	8986	-1	10
k63_990484	9162	9512	-1	11
k63_990484	9702	11021	1	12
k63_990484	11332	14985	1	13
k63_990484	15173	15547	1	14
k63_238942	2	640	1	1
k63_238942	677	1048	-1	2
k63_238942	1060	1812	-1	3
k63_238942	1938	2330	-1	4
k63_1524487	346	807	-1	1
k63_1524487	1150	1638	1	2
k63_348751	308	1111	1	1
k63_348751	1222	1968	1	2
k63_348751	1998	3149	-1	3
k63_348751	3701	4816	1	4
k63_776601	2	898	-1	1
k63_776601	987	1475	1	2
k63_776601	1495	2202	1	3
k63_776601	2231	3538	1	4
k63_776601	3550	3882	-1	5
k63_776601	3894	4505	-1	6
k63_776601	4579	5451	1	7
k63_882311	3	590	1	1
k63_882311	590	1942	1	2
k63_882311	2007	2096	1	3
k63_1418303	31	717	-1	1
k63_1418303	846	1733	1	2
k63_1418303	1876	2205	-1	3
k63_1418303	2209	3063	-1	4
k63_1310675	1	633	1	1
k63_1310675	633	1193	1	2
k63_1310675	1234	2058	1	3
k63_1310675	2055	2651	-1	4
k63_1310675	2651	4111	-1	5
k63_1310675	4133	4855	-1	6
k63_1310675	4988	5965	-1	7
k63_1310675	5983	6621	-1	8
k63_1097577	1	597	-1	1
k63_1097577	594	1124	-1	2
k63_1097577	1240	1521	-1	3
k63_1097577	1521	2000	-1	4
k63_1097577	2162	2254	1	5
k63_1097577	2279	3367	1	6
k63_25108	3	422	-1	1
k63_25108	484	2469	-1	2
k63_452275	2	433	1	1
k63_452275	430	1569	1	2
k63_452275	1566	2501	1	3
k63_1205787	417	2930	1	1
k63_1205787	2937	4082	-1	2
k63_1097861	2	325	-1	1
k63_1097861	351	1490	-1	2
k63_1097861	1572	2489	-1	3
k63_1097953	87	446	-1	1
k63_1097953	601	2016	-1	2
k63_562760	2	799	-1	1
k63_562760	786	2525	-1	2
k63_562760	2692	2973	1	3
k63_452457	1	549	-1	1
k63_452457	668	961	1	2
k63_452457	1093	1470	-1	3
k63_452457	1467	1745	-1	4
k63_1525327	3	266	-1	1
k63_1525327	263	1543	-1	2
k63_1525327	1618	2010	1	3
k63_1525388	33	452	-1	1
k63_1525388	666	1181	1	2
k63_1525388	1287	1991	-1	3
k63_1525388	2025	3014	-1	4
k63_1525388	3101	3520	-1	5
k63_1206117	2	352	1	1
k63_1206117	364	1014	1	2
k63_1206117	1019	2092	-1	3
k63_1206117	2227	4440	1	4
k63_1206117	4476	5660	1	5
k63_1206117	5660	6115	1	6
k63_1098117	58	1176	1	1
k63_1098117	1183	1509	-1	2
k63_1098138	114	878	-1	1
k63_1098138	1192	2142	1	2
k63_1419122	1	72	1	1
k63_1419122	79	1134	1	2
k63_1419122	1192	1980	1	3
k63_1419122	1981	2277	-1	4
k63_1311418	2	220	1	1
k63_1311418	332	1993	1	2
k63_1311418	1978	2082	1	3
k63_1206180	43	2070	-1	1
k63_1206180	2429	3031	1	2
k63_1206180	3119	4414	1	3
k63_1206180	4491	4982	1	4
k63_1206180	4987	5340	1	5
k63_991909	2	892	1	1
k63_991909	1154	2656	-1	2
k63_991909	2774	3235	1	3
k63_991909	3240	4721	-1	4
k63_991909	5123	6010	1	5
k63_240396	2	1741	1	1
k63_883570	99	764	1	1
k63_883570	761	1426	1	2
k63_883570	1541	2323	-1	3
k63_350219	3	1691	1	1
k63_350219	1724	2248	1	2
k63_883816	3	671	1	1
k63_883816	671	1366	1	2
k63_883816	1399	1851	1	3
k63_883816	1844	2524	1	4
k63_883816	2563	2691	1	5
k63_992426	3	719	-1	1
k63_992426	716	2011	-1	2
k63_992426	2081	2473	-1	3
k63_670953	1	330	-1	1
k63_670953	343	876	-1	2
k63_670953	866	2290	-1	3
k63_670953	2296	3465	-1	4
k63_670953	3585	4184	1	5
k63_134241	2	421	-1	1
k63_134241	421	3027	-1	2
k63_134241	3083	4189	-1	3
k63_992538	2	298	1	1
k63_992538	304	786	1	2
k63_992538	783	1373	1	3
k63_992538	1487	2854	1	4
k63_992538	2851	4224	1	5
k63_992538	4280	5518	1	6
k63_1312274	1	249	-1	1
k63_1312274	373	1338	1	2
k63_1312274	1335	1784	-1	3
k63_1312274	1798	2385	-1	4
k63_1312274	2553	2912	-1	5
k63_563864	3	344	-1	1
k63_563864	346	666	-1	2
k63_563864	698	2092	-1	3
k63_563864	2096	4312	-1	4
k63_563864	4363	5808	-1	5
k63_563864	5801	6952	-1	6
k63_563864	6930	7931	-1	7
k63_563864	8107	9279	1	8
k63_563864	9276	9341	1	9
k63_134735	1	1986	-1	1
k63_134735	1983	2636	-1	2
k63_134735	2650	3252	-1	3
k63_453714	40	1245	-1	1
k63_453714	1242	2081	-1	2
k63_453714	2083	2448	-1	3
k63_453714	2445	3023	-1	4
k63_241613	155	364	-1	1
k63_241613	724	1455	1	2
k63_1312753	6	509	-1	1
k63_1312753	499	1755	-1	2
k63_1312753	1855	2136	-1	3
k63_453942	3	494	-1	1
k63_453942	525	1466	-1	2
k63_453942	1468	2607	-1	3
k63_1099645	2	2383	1	1
k63_1099645	2549	2872	1	2
k63_1313112	106	612	1	1
k63_1313112	624	1694	-1	2
k63_1313112	1887	4361	1	3
k63_1313112	4416	5480	1	4
k63_884931	3	128	-1	1
k63_884931	145	777	-1	2
k63_884931	811	1662	-1	3
k63_884931	1705	2697	-1	4
k63_1313204	1	249	-1	1
k63_1313204	666	1907	-1	2
k63_454325	90	419	-1	1
k63_454325	395	1723	-1	2
k63_454325	1723	2436	-1	3
k63_242376	523	1218	-1	1
k63_242376	1218	1967	-1	2
k63_242376	1967	3226	-1	3
k63_242376	3223	4170	-1	4
k63_242376	4261	5532	-1	5
k63_242376	5733	6773	1	6
k63_242376	6878	7012	-1	7
k63_242641	137	1135	-1	1
k63_242641	1140	2297	-1	2
k63_242641	2377	3408	1	3
k63_242641	3376	4392	-1	4
k63_242641	4516	5667	1	5
k63_242641	5664	6023	1	6
k63_1100522	2	256	-1	1
k63_1100522	377	706	-1	2
k63_1100522	703	1314	-1	3
k63_1100522	1318	1818	-1	4
k63_1100522	1823	2338	-1	5
k63_1100522	2387	2698	1	6
k63_1100522	2702	4699	-1	7
k63_1100522	4771	5517	1	8
k63_1208449	142	1374	-1	1
k63_1208449	1371	1646	-1	2
k63_1208449	1643	2284	-1	3
k63_1208449	2548	3072	-1	4
k63_1208449	3138	4154	1	5
k63_1208449	4175	5080	1	6
k63_1208449	5088	5849	1	7
k63_454973	228	1091	1	1
k63_454973	1102	1596	1	2
k63_454973	1596	4019	1	3
k63_454973	4069	4953	1	4
k63_454973	4958	6154	1	5
k63_454973	6170	7003	1	6
k63_454973	7048	7641	1	7
k63_454973	7652	8308	-1	8
k63_454973	8623	8724	-1	9
k63_1421827	215	1087	-1	1
k63_1421827	1450	1863	-1	2
k63_1421827	1868	2899	-1	3
k63_28046	158	334	1	1
k63_28046	393	1382	1	2
k63_28046	1451	2362	1	3
k63_28046	2448	3206	1	4
k63_28046	3283	3447	1	5
k63_243169	3	2453	-1	1
k63_352815	239	1018	-1	1
k63_352815	1063	2853	-1	2
k63_352815	2860	3249	-1	3
k63_352815	3246	3413	-1	4
k63_780835	1	786	1	1
k63_780835	792	1259	1	2
k63_780835	1256	1759	-1	3
k63_780835	1752	2168	-1	4
k63_1100839	60	1316	-1	1
k63_1100839	1520	1960	1	2
k63_1422192	1	141	-1	1
k63_1422192	292	1464	1	2
k63_780838	793	1008	1	1
k63_780838	1081	2112	1	2
k63_780838	2115	2576	1	3
k63_28531	66	1979	-1	1
k63_28531	1987	3111	-1	2
k63_28531	3134	3469	-1	3
k63_781198	2	832	1	1
k63_781198	852	2762	-1	2
k63_781198	2989	3546	1	3
k63_781198	3584	4642	1	4
k63_781198	4687	5841	1	5
k63_781198	5841	6161	1	6
k63_994917	2	529	-1	1
k63_994917	820	2649	-1	2
k63_994917	2662	3690	-1	3
k63_1528716	1	393	1	1
k63_1528716	409	1308	-1	2
k63_1528716	1310	2707	1	3
k63_28674	2	493	1	1
k63_28674	505	1011	1	2
k63_674362	1	156	-1	1
k63_674362	191	718	1	2
k63_674362	969	1694	1	3
k63_674523	2	1381	-1	1
k63_674523	1378	1854	-1	2
k63_674523	1851	2390	-1	3
k63_674523	2392	4383	-1	4
k63_674523	4380	4826	-1	5
k63_674523	4823	5002	-1	6
k63_674523	4999	5124	-1	7
k63_353696	131	1402	-1	1
k63_353696	1362	1706	-1	2
k63_674652	1	1734	1	1
k63_781784	212	2563	-1	1
k63_781784	2845	3606	1	2
k63_781784	3666	3947	1	3
k63_137830	99	626	1	1
k63_137830	643	1557	1	2
k63_137830	1606	1911	-1	3
k63_567001	329	1351	-1	1
k63_567001	1469	2464	-1	2
k63_1529451	75	2273	-1	1
k63_1529451	2412	2609	1	2
k63_456589	54	1310	-1	1
k63_1210120	61	741	-1	1
k63_1210120	753	2189	-1	2
k63_1210120	2288	2734	1	3
k63_1210120	2731	3198	1	4
k63_674953	109	1128	1	1
k63_674953	1128	2258	1	2
k63_674953	2284	3762	1	3
k63_674953	3759	4043	-1	4
k63_1102268	1	387	-1	1
k63_1102268	443	1279	-1	2
k63_1102268	1301	2542	-1	3
k63_1102268	2539	3579	-1	4
k63_1102268	3576	4388	-1	5
k63_1102268	4591	5055	1	6
k63_1102268	5116	5403	-1	7
k63_354334	3	1058	1	1
k63_354334	1075	1338	1	2
k63_354334	1343	1813	1	3
k63_245201	147	350	-1	1
k63_245201	500	1300	1	2
k63_245201	1303	1812	-1	3
k63_782583	1	333	-1	1
k63_782583	337	1152	-1	2
k63_782583	1167	2042	-1	3
k63_782583	2039	3217	-1	4
k63_782583	3351	4490	1	5
k63_567507	3	2270	1	1
k63_567507	2276	2542	1	2
k63_567507	2523	2714	-1	3
k63_567521	1	843	1	1
k63_567521	853	1758	1	2
k63_138301	2	682	-1	1
k63_138301	970	1233	1	2
k63_138301	1487	2782	1	3
k63_138301	2930	3550	1	4
k63_138301	3547	5262	1	5
k63_138301	5279	5941	1	6
k63_996056	2	394	1	1
k63_996056	391	1635	1	2
k63_996056	1632	2576	1	3
k63_996056	2580	3098	1	4
k63_1316632	27	596	-1	1
k63_1316632	796	1134	1	2
k63_1316632	1213	1467	-1	3
k63_1316650	3	848	1	1
k63_1316650	855	1964	-1	2
k63_1316650	2028	2366	-1	3
k63_1424005	125	1075	1	1
k63_1424005	1072	1626	1	2
k63_30410	2	127	1	1
k63_30410	283	3672	1	2
k63_30410	3733	5145	-1	3
k63_30410	5435	6460	-1	4
k63_245798	3	266	-1	1
k63_245798	325	1374	-1	2
k63_245798	1467	1856	-1	3
k63_30594	2	1759	-1	1
k63_1530594	3	77	1	1
k63_1530594	401	1732	1	2
k63_1530594	1766	1864	1	3
k63_888746	3	500	-1	1
k63_888746	652	1962	-1	2
k63_888746	1959	2519	-1	3
k63_138932	41	778	1	1
k63_138932	796	1185	1	2
k63_138932	1182	2333	1	3
k63_138932	2797	3348	1	4
k63_138932	3394	3669	-1	5
k63_138932	3828	4436	1	6
k63_138932	4441	4830	-1	7
k63_138932	5119	6615	1	8
k63_1317500	1	750	1	1
k63_1317500	798	1415	1	2
k63_1317500	1572	2054	-1	3
k63_1317500	2401	2688	1	4
k63_997225	3	593	1	1
k63_997225	837	1748	-1	2
k63_997225	1783	2442	-1	3
k63_997225	2459	2602	-1	4
k63_139393	249	1013	1	1
k63_139393	1001	1903	1	2
k63_139393	1900	3279	-1	3
k63_889402	3	1196	1	1
k63_1425115	3	1658	1	1
k63_1425115	1646	2341	-1	2
k63_1425115	2328	2789	-1	3
k63_1425115	2786	3406	-1	4
k63_1425115	3496	3939	1	5
k63_1425115	3956	4777	1	6
k63_1425115	4900	5610	-1	7
k63_1425115	5701	6345	-1	8
k63_1425115	6347	6967	-1	9
k63_997500	1	633	-1	1
k63_997500	599	1690	-1	2
k63_997500	1733	2560	1	3
k63_997500	2557	3864	1	4
k63_997500	3844	4527	-1	5
k63_997500	4559	4738	-1	6
k63_784396	1	69	-1	1
k63_784396	222	614	1	2
k63_784396	927	1445	1	3
k63_784396	1493	1993	1	4
k63_784396	2137	2409	-1	5
k63_139873	1	675	1	1
k63_139873	731	1348	1	2
k63_139873	1328	1798	-1	3
k63_784573	3	305	-1	1
k63_784573	366	752	1	2
k63_784573	781	1764	-1	3
k63_784573	1950	2363	1	4
k63_784573	2422	2859	-1	5
k63_1531793	11	250	-1	1
k63_1531793	205	1065	-1	2
k63_1531793	1062	1988	-1	3
k63_247375	2	205	1	1
k63_247375	209	997	1	2
k63_247375	994	1875	-1	3
k63_247375	2028	3212	1	4
k63_247375	3222	4301	-1	5
k63_247375	4301	5068	-1	6
k63_247375	5061	5927	-1	7
k63_247375	5970	7019	-1	8
k63_247375	7192	7317	-1	9
k63_247375	7520	7906	1	10
k63_998137	3	587	1	1
k63_998137	576	1565	-1	2
k63_998137	1562	2977	-1	3
k63_247628	1	1377	1	1
k63_247628	1319	1933	1	2
k63_247628	1997	3694	1	3
k63_247628	3691	4638	1	4
k63_247628	4635	5417	-1	5
k63_357020	394	783	1	1
k63_357020	897	4064	1	2
k63_357020	4928	5224	-1	3
k63_357020	5363	5497	-1	4
k63_677833	1	1263	1	1
k63_677833	1513	3261	-1	2
k63_677833	3326	3607	-1	3
k63_677852	3	2174	-1	1
k63_677852	2379	2774	-1	2
k63_890591	229	1140	-1	1
k63_890591	1232	1672	1	2
k63_890591	1783	2295	1	3
k63_785501	3	98	-1	1
k63_785501	166	597	-1	2
k63_785501	769	1575	-1	3
k63_785501	1585	1812	-1	4
k63_785501	1823	3046	-1	5
k63_785501	3068	4018	-1	6
k63_785501	4039	5352	-1	7
k63_248175	1	1518	-1	1
k63_248175	1595	2635	-1	2
k63_248175	2749	3828	1	3
k63_248175	3836	4369	1	4
k63_248175	4366	4905	1	5
k63_357629	2	1969	1	1
k63_570869	1	558	-1	1
k63_570869	555	773	-1	2
k63_570869	939	3020	1	3
k63_570869	2998	3825	-1	4
k63_570869	3908	4783	-1	5
k63_571062	3	200	-1	1
k63_571062	323	1351	-1	2
k63_571062	1348	2097	-1	3
k63_1426554	2	274	-1	1
k63_1426554	305	973	-1	2
k63_1426554	1083	1835	-1	3
k63_1105635	2	994	-1	1
k63_1105635	987	1778	-1	2
k63_459964	68	676	-1	1
k63_459964	673	1872	-1	2
k63_459964	2194	2826	1	3
k63_459964	2834	3517	1	4
k63_459964	3525	4523	1	5
k63_891258	3	764	1	1
k63_891258	931	1512	1	2
k63_891258	1607	2122	1	3
k63_32891	3	596	1	1
k63_32891	531	1676	-1	2
k63_32891	1698	2630	-1	3
k63_32891	2804	3457	1	4
k63_32891	3552	3755	-1	5
k63_32891	3984	5528	-1	6
k63_32891	5663	6136	1	7
k63_32891	6204	7094	1	8
k63_32891	7220	8596	1	9
k63_32891	8600	9412	-1	10
k63_32891	9465	10307	-1	11
k63_571840	1	984	-1	1
k63_571840	981	1577	-1	2
k63_571840	1600	1818	-1	3
k63_571840	1923	2288	-1	4
k63_571840	2371	2865	-1	5
k63_571840	2872	4179	-1	6
k63_571840	4163	4834	-1	7
k63_571840	4831	5292	-1	8
k63_571840	5289	6554	-1	9
k63_571893	1	135	-1	1
k63_571893	141	1943	1	2
k63_571893	2018	2902	1	3
k63_891518	2	631	-1	1
k63_891518	703	1194	1	2
k63_891518	1280	1882	1	3
k63_249249	1	132	-1	1
k63_249249	136	1773	-1	2
k63_249249	1843	2181	-1	3
k63_249249	2232	2999	-1	4
k63_249249	3168	3887	1	5
k63_33182	96	545	-1	1
k63_33182	550	1344	-1	2
k63_33182	1360	2316	-1	3
k63_33182	2321	2767	-1	4
k63_1106394	68	1030	-1	1
k63_1106394	1607	1972	1	2
k63_1106394	1969	2478	1	3
k63_1106394	2528	3355	1	4
k63_572299	2	340	1	1
k63_572299	327	1778	-1	2
k63_1214415	3	1280	1	1
k63_1214415	1389	1898	1	2
k63_1214415	1895	2398	1	3
k63_1214415	2395	3591	1	4
k63_1214415	3588	4514	1	5
k63_1214415	4542	5990	1	6
k63_1214415	6013	6447	1	7
k63_1106504	2	2146	1	1
k63_1106504	2203	2445	1	2
k63_1106504	2493	2945	1	3
k63_1106504	2942	3487	1	4
k63_1106504	3484	4143	1	5
k63_891972	3	560	1	1
k63_891972	560	1336	1	2
k63_891972	1356	2195	-1	3
k63_891972	2447	3574	-1	4
k63_891972	3571	3861	-1	5
k63_891972	3865	4149	-1	6
k63_892315	39	308	1	1
k63_892315	318	1790	1	2
k63_892315	1796	2290	1	3
k63_572754	3	1112	1	1
k63_572754	1124	1528	1	2
k63_787561	177	1163	1	1
k63_787561	1160	1696	1	2
k63_787777	156	857	1	1
k63_787777	1057	1350	-1	2
k63_787777	1418	1906	1	3
k63_787777	2131	2799	1	4
k63_250278	61	1005	-1	1
k63_250278	1014	1652	-1	2
k63_250278	1661	2062	-1	3
k63_250278	2043	2921	-1	4
k63_250278	2951	4273	1	5
k63_250278	4270	5418	-1	6
k63_250278	5423	6034	-1	7
k63_250278	6018	6764	-1	8
k63_250278	6928	7983	1	9
k63_250278	8031	8654	1	10
k63_250278	8819	10756	1	11
k63_250278	10877	12010	1	12
k63_250278	12030	12413	1	13
k63_462030	2	1003	1	1
k63_462030	1022	1936	1	2
k63_462030	1961	2095	1	3
k63_462030	2118	2273	1	4
k63_788416	1	162	-1	1
k63_788416	159	281	-1	2
k63_788416	287	1165	-1	3
k63_788416	1233	2834	-1	4
k63_788416	2867	3727	-1	5
k63_788416	3982	4137	-1	6
k63_462362	1	399	-1	1
k63_462362	396	2207	-1	2
k63_462362	2204	2590	-1	3
k63_360049	2	586	-1	1
k63_360049	686	1681	1	2
k63_360049	1684	2160	1	3
k63_360049	2179	3264	1	4
k63_360049	3261	3998	-1	5
k63_360049	4070	4507	1	6
k63_360049	4679	4966	1	7
k63_462528	2	628	-1	1
k63_462528	582	2201	-1	2
k63_462818	39	467	-1	1
k63_462818	486	1523	-1	2
k63_462818	1525	2028	-1	3
k63_34510	126	1427	1	1
k63_1429236	439	1560	1	1
k63_1322077	2	616	-1	1
k63_1322077	609	1037	-1	2
k63_1322077	1140	1529	1	3
k63_681638	2	802	1	1
k63_681638	799	1467	1	2
k63_681638	1464	1664	1	3
k63_360555	1	84	-1	1
k63_360555	142	846	-1	2
k63_360555	871	1650	-1	3
k63_360555	1786	2802	1	4
k63_360555	2826	3263	1	5
k63_251224	74	238	-1	1
k63_251224	794	1174	-1	2
k63_251224	1267	1479	-1	3
k63_251224	1489	1914	-1	4
k63_251224	1938	2582	-1	5
k63_1322447	2	730	-1	1
k63_1322447	756	1757	-1	2
k63_1322447	1765	2334	-1	3
k63_1322447	2306	3034	-1	4
k63_1322447	3069	3512	1	5
k63_144823	226	660	1	1
k63_144823	663	1976	1	2
k63_144823	1973	2662	1	3
k63_682030	506	1753	1	1
k63_1429865	1	264	-1	1
k63_1429865	312	2324	-1	2
k63_1109085	27	1715	-1	1
k63_1109085	1999	2805	1	2
k63_1109085	3002	5710	1	3
k63_1109085	5788	5967	1	4
k63_1322794	3	92	-1	1
k63_1322794	89	598	-1	2
k63_1322794	591	1412	-1	3
k63_1322794	1564	2439	1	4
k63_1322794	2588	3052	-1	5
k63_1322794	3052	3525	-1	6
k63_1322794	3522	4007	-1	7
k63_1109248	2	2449	-1	1
k63_1109248	2649	5627	1	2
k63_1109248	5633	6103	1	3
k63_1109248	6100	6753	1	4
k63_1322940	2	1774	1	1
k63_1322940	1787	2833	1	2
k63_1322940	2839	3663	1	3
k63_1322940	3669	4109	-1	4
k63_790119	3	173	-1	1
k63_790119	721	1062	-1	2
k63_790119	1171	1632	-1	3
k63_790119	1690	2445	1	4
k63_790119	2313	2723	-1	5
k63_790119	2734	5253	-1	6
k63_790119	5302	6612	-1	7
k63_790119	6886	7701	1	8
k63_790119	7709	9052	-1	9
k63_790119	9085	9753	-1	10
k63_790119	9750	10070	-1	11
k63_790119	10249	10722	-1	12
k63_1216957	222	2330	1	1
k63_1216957	2327	4459	1	2
k63_1216957	4483	5661	1	3
k63_1216957	5658	7094	1	4
k63_1216957	7168	7590	1	5
k63_895575	3	656	1	1
k63_895575	677	1849	1	2
k63_895575	1863	2024	1	3
k63_895597	1	720	-1	1
k63_895597	794	1561	-1	2
k63_895597	1596	2585	-1	3
k63_895597	2845	4890	1	4
k63_895610	1	429	1	1
k63_895610	491	1087	-1	2
k63_895610	1053	1739	-1	3
k63_895706	2	388	-1	1
k63_895706	385	1977	-1	2
k63_895706	2043	3215	1	3
k63_895706	3178	3942	-1	4
k63_895706	3939	4334	-1	5
k63_1217238	3	149	1	1
k63_1217238	241	993	-1	2
k63_1217238	990	1352	-1	3
k63_1217238	1353	2237	-1	4
k63_1217238	2253	3008	-1	5
k63_1217238	3116	3943	1	6
k63_1217238	4317	5738	-1	7
k63_1217238	6050	6157	1	8
k63_790662	3	1091	1	1
k63_790662	1106	2194	1	2
k63_790662	2199	3590	1	3
k63_790662	3587	4711	1	4
k63_790662	4708	5238	1	5
k63_252861	3	1148	1	1
k63_252861	1162	1569	-1	2
k63_1324229	3	374	-1	1
k63_1324229	371	880	-1	2
k63_1324229	877	1461	-1	3
k63_1324229	1802	3703	-1	4
k63_1324229	4055	4465	-1	5
k63_1324229	4509	5279	-1	6
k63_1324229	5374	6618	-1	7
k63_1324229	6737	7081	1	8
k63_1324229	7124	9766	1	9
k63_1324229	9763	10092	1	10
k63_683800	2	388	-1	1
k63_683800	460	666	-1	2
k63_683800	666	1289	-1	3
k63_683800	1606	2004	1	4
k63_683800	2381	2977	1	5
k63_1431907	39	896	-1	1
k63_1431907	1230	1775	1	2
k63_1431907	1766	2758	-1	3
k63_576485	3	1055	-1	1
k63_576485	1068	1580	-1	2
k63_576485	1962	2390	1	3
k63_1110713	228	1334	-1	1
k63_1110713	1982	2821	1	2
k63_1110713	2830	3594	1	3
k63_362617	148	396	1	1
k63_362617	405	1613	-1	2
k63_362617	1610	2014	-1	3
k63_362617	2019	2420	-1	4
k63_362617	2448	3113	-1	5
k63_362617	3137	5623	-1	6
k63_362617	5843	7201	-1	7
k63_362617	7198	8658	-1	8
k63_362617	8735	10219	-1	9
k63_362617	10626	11627	1	10
k63_1110895	103	345	-1	1
k63_1110895	372	1379	-1	2
k63_1110895	1376	1756	-1	3
k63_1110895	1753	3078	-1	4
k63_1110895	3078	3200	-1	5
k63_896708	3	2339	1	1
k63_1004001	3	1166	-1	1
k63_1004001	1173	2537	-1	2
k63_1004001	2621	3316	1	3
k63_792271	1	753	-1	1
k63_792271	757	1491	-1	2
k63_792271	1488	2006	-1	3
k63_792271	2010	2651	-1	4
k63_792271	2648	3058	-1	5
k63_792271	3060	3662	-1	6
k63_897080	24	1277	-1	1
k63_897080	1352	2449	1	2
k63_897080	2452	2799	-1	3
k63_897080	2937	3611	1	4
k63_897080	3879	4145	-1	5
k63_1111255	2	1237	-1	1
k63_1111255	1244	2476	-1	2
k63_1111255	2476	3291	-1	3
k63_1537796	1	744	-1	1
k63_1537796	856	1656	-1	2
k63_1537796	1674	2240	-1	3
k63_1537796	2287	2967	-1	4
k63_1537796	2964	3884	-1	5
k63_1537796	3933	4352	-1	6
k63_1537796	4370	5566	-1	7
k63_1537796	5563	6567	-1	8
k63_1537796	6599	7195	-1	9
k63_1111662	113	373	-1	1
k63_1111662	506	1279	-1	2
k63_1111662	1302	1673	-1	3
k63_1111662	1687	2517	-1	4
k63_1111662	2589	3377	1	5
k63_1111662	3388	3744	1	6
k63_465490	249	1142	1	1
k63_465490	1161	1457	-1	2
k63_465490	1517	2017	1	3
k63_1432829	2	271	1	1
k63_1432829	307	930	1	2
k63_1432829	949	2091	1	3
k63_1538138	3	818	-1	1
k63_1538138	1066	1695	1	2
k63_1538138	1704	1793	1	3
k63_1538207	1	240	1	1
k63_1538207	227	754	1	2
k63_1538207	747	1367	1	3
k63_1538207	1380	1913	1	4
k63_1538207	1906	2427	1	5
k63_1219171	584	1846	1	1
k63_1219171	1843	2379	-1	2
k63_1219171	2376	3683	-1	3
k63_793068	83	2464	-1	1
k63_793068	2634	3116	1	2
k63_363585	1	201	-1	1
k63_363585	198	932	-1	2
k63_363585	932	2431	-1	3
k63_363585	2428	2529	-1	4
k63_685150	3	308	-1	1
k63_685150	392	733	-1	2
k63_685150	733	942	-1	3
k63_685150	994	1380	-1	4
k63_685150	1526	1933	1	5
k63_1433554	159	1337	1	1
k63_1433554	1434	1568	1	2
k63_898460	98	1147	-1	1
k63_898460	1297	1983	1	2
k63_898460	1967	2674	-1	3
k63_898460	2762	4321	-1	4
k63_685657	1	1854	1	1
k63_685657	1858	2082	1	2
k63_578022	3	1568	1	1
k63_578022	1562	1918	-1	2
k63_578022	1891	2331	-1	3
k63_578022	2338	3075	-1	4
k63_578022	3226	4935	1	5
k63_255771	236	1201	-1	1
k63_255771	1167	1760	-1	2
k63_255771	1757	2146	-1	3
k63_1005205	309	1094	-1	1
k63_1005205	1091	1894	-1	2
k63_1005205	1979	3025	-1	3
k63_1005205	3165	3743	-1	4
k63_1005205	3776	5944	-1	5
k63_1005205	6147	6455	1	6
k63_1005205	6457	7194	-1	7
k63_1005205	7303	9519	1	8
k63_793751	447	2021	1	1
k63_1005212	3	662	-1	1
k63_1005212	676	1434	-1	2
k63_1005212	1507	2724	-1	3
k63_1005212	3142	3882	1	4
k63_1005212	3886	4629	1	5
k63_1005212	4629	5546	1	6
k63_1005212	5546	6610	1	7
k63_1005212	6621	8189	-1	8
k63_1539146	95	1411	-1	1
k63_1539146	1418	2881	-1	2
k63_793930	59	898	1	1
k63_793930	911	2614	1	2
k63_793930	2611	4707	1	3
k63_578438	3	530	-1	1
k63_578438	809	1129	-1	2
k63_578438	1137	2870	-1	3
k63_578438	3085	4002	1	4
k63_578438	4132	4980	-1	5
k63_578438	4977	5738	-1	6
k63_578438	6051	6281	-1	7
k63_578438	6288	6686	1	8
k63_578438	6696	7712	-1	9
k63_578438	7749	7967	-1	10
k63_578438	8051	9400	-1	11
k63_578438	9390	10295	-1	12
k63_578438	10434	11393	-1	13
k63_578438	11517	12653	-1	14
k63_1434420	3	398	-1	1
k63_1434420	419	1474	-1	2
k63_1326952	3	431	1	1
k63_1326952	400	1077	-1	2
k63_1326952	1070	1642	-1	3
k63_1326952	1683	2018	1	4
k63_1326952	2122	2322	1	5
k63_1326952	2386	2895	-1	6
k63_1539803	1	801	-1	1
k63_1539803	883	1068	1	2
k63_1539803	1164	2114	1	3
k63_38858	2	751	1	1
k63_38858	760	2178	1	2
k63_38858	2267	2377	1	3
k63_256551	239	739	1	1
k63_256551	736	1578	-1	2
k63_256551	1584	1967	-1	3
k63_686470	77	256	-1	1
k63_686470	442	1428	-1	2
k63_686470	2116	2649	1	3
k63_686470	2696	3244	1	4
k63_256628	81	1433	1	1
k63_256628	1472	1714	1	2
k63_257021	68	2407	1	1
k63_467422	3	428	1	1
k63_467422	492	899	1	2
k63_467422	896	1180	1	3
k63_467422	1385	2152	1	4
k63_1220692	3	605	-1	1
k63_1220692	614	997	-1	2
k63_1220692	1061	1735	-1	3
k63_1220692	1994	2197	1	4
k63_1220692	2210	2683	1	5
k63_1220692	2929	3390	-1	6
k63_1220692	3608	4408	1	7
k63_1220692	4483	5142	1	8
k63_1220692	5272	6372	-1	9
k63_1220692	6382	6987	-1	10
k63_1220692	7025	7273	-1	11
k63_1114272	2	1420	1	1
k63_1114272	1437	2117	1	2
k63_39624	1	342	1	1
k63_39624	393	1235	1	2
k63_39624	1232	2230	-1	3
k63_39624	2227	3279	-1	4
k63_1006398	79	1056	1	1
k63_1006398	1135	1815	1	2
k63_1006398	1818	2027	1	3
k63_1006398	2024	3748	1	4
k63_1006398	3745	3822	1	5
k63_579715	1	1620	-1	1
k63_579715	1627	2028	-1	2
k63_257597	82	903	-1	1
k63_257597	893	1717	-1	2
k63_257597	1811	2275	-1	3
k63_257597	2276	3310	-1	4
k63_257597	3352	3459	1	5
k63_796084	117	572	1	1
k63_796084	569	1057	-1	2
k63_796084	1140	2138	1	3
k63_796084	2144	3613	1	4
k63_796084	3639	4487	1	5
k63_1221739	3	1904	-1	1
k63_1221739	1843	2151	-1	2
k63_40112	118	1113	-1	1
k63_40112	1230	2003	1	2
k63_900382	30	212	1	1
k63_900382	221	1483	1	2
k63_900382	1480	1605	1	3
k63_1541591	2	358	-1	1
k63_1541591	690	1967	1	2
k63_1541591	1976	2545	-1	3
k63_1007196	7	2406	1	1
k63_687847	44	928	1	1
k63_687847	1125	2354	1	2
k63_687847	2435	2935	1	3
k63_687847	3008	3178	1	4
k63_687847	3156	3878	1	5
k63_687847	3882	5387	1	6
k63_687847	5457	5735	1	7
k63_687847	5812	6600	1	8
k63_1435935	29	640	1	1
k63_1435935	872	1318	-1	2
k63_1435935	1368	1640	1	3
k63_900673	99	1622	-1	1
k63_900673	1719	1904	-1	2
k63_900673	1941	2051	-1	3
k63_580318	3	839	1	1
k63_580318	1093	1974	1	2
k63_688192	1	546	-1	1
k63_688192	543	1322	-1	2
k63_688192	1306	1659	-1	3
k63_580552	2	748	-1	1
k63_580552	932	1930	1	2
k63_1223002	1	1356	-1	1
k63_1223002	1560	1898	-1	2
k63_1223002	2299	2832	-1	3
k63_1329671	3	611	-1	1
k63_1329671	608	1618	-1	2
k63_41790	2	265	1	1
k63_41790	262	732	1	2
k63_41790	742	1626	1	3
k63_41790	1614	2486	-1	4
k63_41790	2496	2855	-1	5
k63_367418	2	955	1	1
k63_367418	960	1826	1	2
k63_367418	1826	2776	1	3
k63_367418	2773	3498	1	4
k63_367418	3488	3619	1	5
k63_259573	466	1581	-1	1
k63_259573	1574	1792	-1	2
k63_1223601	156	668	1	1
k63_1223601	702	1616	1	2
k63_1223601	1613	2263	1	3
k63_1223601	2275	2517	1	4
k63_1223601	2514	2885	1	5
k63_1437546	2	1558	1	1
k63_1437546	1662	4406	1	2
k63_1437546	4417	5292	1	3
k63_1543850	3	563	1	1
k63_1543850	637	1395	-1	2
k63_42396	432	1469	-1	1
k63_42396	1474	2409	-1	2
k63_42396	2423	3175	-1	3
k63_42396	3186	4349	-1	4
k63_1437968	3	1316	-1	1
k63_1437968	1355	1714	-1	2
k63_1437968	1868	2725	1	3
k63_1437968	2722	3258	-1	4
k63_903161	2	322	-1	1
k63_903161	319	1755	-1	2
k63_903161	1820	2770	-1	3
k63_903161	2967	3308	-1	4
k63_260354	78	326	-1	1
k63_260354	293	1150	-1	2
k63_260354	1169	2524	1	3
k63_260354	2549	3433	1	4
k63_1224518	3	98	-1	1
k63_1224518	602	907	1	2
k63_1224518	904	1809	1	3
k63_153832	213	1649	1	1
k63_153832	1821	4058	1	2
k63_153832	4136	4972	1	3
k63_470505	2	928	-1	1
k63_470505	1576	1899	1	2
k63_260756	2	646	1	1
k63_260756	1007	2458	-1	2
k63_260756	2523	3752	-1	3
k63_1545225	206	1375	1	1
k63_1545225	1375	2250	1	2
k63_1545225	2329	3117	1	3
k63_43605	1	174	1	1
k63_43605	213	887	1	2
k63_43605	974	3535	1	3
k63_43605	3522	4055	1	4
k63_43605	4066	5106	1	5
k63_43605	5164	6054	-1	6
k63_43605	6051	6869	-1	7
k63_43605	6871	7521	-1	8
k63_1225608	262	1572	1	1
k63_1225608	1569	2699	-1	2
k63_1225608	2745	3629	1	3
k63_471461	212	1069	1	1
k63_471461	1066	2235	1	2
k63_471461	2232	3206	1	3
k63_471461	3282	3791	1	4
k63_262312	3	311	1	1
k63_262312	337	1296	1	2
k63_262312	1283	2290	-1	3
k63_262312	2296	3612	-1	4
k63_262312	3620	3817	-1	5
k63_692438	1	597	-1	1
k63_692438	614	1696	-1	2
k63_692438	1908	3188	1	3
k63_1011950	495	1043	1	1
k63_1011950	1040	1519	1	2
k63_1011950	1594	1875	-1	3
k63_1011950	2191	2940	1	4
k63_1011973	13	696	-1	1
k63_1011973	699	1601	-1	2
k63_1011973	1828	2673	1	3
k63_1011973	2883	3080	-1	4
k63_1011973	3101	4453	-1	5
k63_1011973	4597	5325	-1	6
k63_1333551	268	1365	1	1
k63_1333551	1403	2299	1	2
k63_802248	1	246	-1	1
k63_802248	246	995	-1	2
k63_802248	1020	1739	-1	3
k63_802248	1726	2184	-1	4
k63_584690	2	94	1	1
k63_584690	158	1057	1	2
k63_584690	1254	1541	1	3
k63_584690	1541	1600	1	4
k63_1441014	3	617	1	1
k63_1441014	629	1099	1	2
k63_1441014	1106	1696	-1	3
k63_155727	2	1123	1	1
k63_155727	1177	2130	-1	2
k63_155727	2202	3938	1	3
k63_155727	3931	4644	1	4
k63_155727	4634	4969	1	5
k63_155727	4979	5269	1	6
k63_906070	3	887	1	1
k63_906070	1001	1906	-1	2
k63_906070	2016	3740	1	3
k63_906070	3753	4730	-1	4
k63_906070	4744	5436	-1	5
k63_906070	5436	6314	-1	6
k63_906070	6713	7663	1	7
k63_1334324	2	70	-1	1
k63_1334324	164	1480	-1	2
k63_1334324	1623	2414	1	3
k63_1334324	2414	3199	1	4
k63_1334324	3286	3495	1	5
k63_1547529	15	530	1	1
k63_1547529	553	1743	1	2
k63_906250	3	2672	1	1
k63_906250	2735	3307	1	2
k63_906250	3145	3669	-1	3
k63_803132	1	1065	1	1
k63_803132	1083	3257	-1	2
k63_803132	3306	4430	-1	3
k63_585614	3	794	1	1
k63_585614	807	1478	-1	2
k63_585614	1800	2030	1	3
k63_585846	3	812	1	1
k63_585846	809	1345	1	2
k63_585846	1342	3225	1	3
k63_585846	3226	4377	1	4
k63_585846	4411	4611	1	5
k63_585934	3	80	1	1
k63_585934	90	1454	1	2
k63_585934	1543	2139	1	3
k63_585934	2173	2808	1	4
k63_473486	2	1129	-1	1
k63_473486	1281	2483	-1	2
k63_473486	2648	3535	-1	3
k63_803810	1	1086	1	1
k63_803810	1083	1589	1	2
k63_803824	3	2771	1	1
k63_803824	2934	3941	-1	2
k63_803824	4149	4814	1	3
k63_157228	244	1182	1	1
k63_157228	1187	2893	1	2
k63_157228	2890	4239	1	3
k63_157228	4224	4631	-1	4
k63_1335326	1	801	-1	1
k63_1335326	805	1575	-1	2
k63_1335326	1665	2486	-1	3
k63_1121193	87	797	-1	1
k63_1121193	794	2293	-1	2
k63_1121193	2284	2418	-1	3
k63_586436	3	746	-1	1
k63_586436	743	1654	-1	2
k63_586436	1651	1968	-1	3
k63_1014455	3	1268	-1	1
k63_1014455	1401	1736	1	2
k63_1014694	2	235	1	1
k63_1014694	264	1523	1	2
k63_1014694	1560	2591	1	3
k63_1014694	2588	3148	-1	4
k63_1121718	1	942	-1	1
k63_1121718	946	1716	-1	2
k63_1121829	1	183	1	1
k63_1121829	575	1873	1	2
k63_1121829	1909	3204	-1	3
k63_1014983	15	1709	-1	1
k63_1014983	1993	4116	-1	2
k63_1014983	4138	4467	-1	3
k63_1014983	4501	5109	-1	4
k63_1014983	5229	5555	-1	5
k63_1122589	3	419	1	1
k63_1122589	427	819	-1	2
k63_1122589	860	1984	-1	3
k63_48381	1	75	-1	1
k63_48381	88	1785	-1	2
k63_48381	1776	3830	-1	3
k63_48381	3956	4159	-1	4
k63_1336606	2	799	1	1
k63_1336606	712	891	-1	2
k63_1336606	929	2200	-1	3
k63_1336606	2377	3129	-1	4
k63_805535	3	458	1	1
k63_805535	465	1550	-1	2
k63_1015693	2	772	1	1
k63_1015693	845	1504	-1	2
k63_1015693	1554	2222	-1	3
k63_1444633	3	536	1	1
k63_1444633	536	1249	1	2
k63_1444633	1256	2140	1	3
k63_1444633	2144	3205	1	4
k63_1444633	3222	3845	1	5
k63_1123673	186	752	1	1
k63_1123673	883	2718	1	2
k63_1016250	75	1331	-1	1
k63_1016250	1556	2005	-1	2
k63_1016250	2002	3009	-1	3
k63_159286	3	332	1	1
k63_159286	313	1116	1	2
k63_159286	1124	2095	1	3
k63_1337755	2	160	-1	1
k63_1337755	266	781	-1	2
k63_1337755	763	2826	-1	3
k63_1338129	433	987	-1	1
k63_1338129	1258	1401	1	2
k63_1338129	1406	1906	-1	3
k63_1338129	2052	3317	1	4
k63_1338129	3314	4291	1	5
k63_1338129	4297	5178	1	6
k63_1338129	5183	6001	-1	7
k63_1338129	5998	7476	-1	8
k63_1338129	7563	8165	1	9
k63_697661	3	1154	-1	1
k63_697661	1144	1428	-1	2
k63_697661	1438	2892	-1	3
k63_697661	2892	4367	-1	4
k63_697661	4364	4729	-1	5
k63_697661	4746	5012	-1	6
k63_807222	1	807	1	1
k63_807222	861	1871	1	2
k63_477444	1	585	-1	1
k63_477444	673	1248	-1	2
k63_477444	1428	2555	-1	3
k63_477444	2552	3586	-1	4
k63_477444	3607	4029	-1	5
k63_1339093	3	1862	1	1
k63_698218	2	190	1	1
k63_698218	209	628	1	2
k63_698218	633	842	1	3
k63_698218	848	1084	1	4
k63_698218	1077	1499	1	5
k63_698218	1499	1822	1	6
k63_698218	1834	2328	1	7
k63_160815	1	432	-1	1
k63_160815	476	958	-1	2
k63_160815	1130	1657	1	3
k63_160815	1664	2086	-1	4
k63_51371	351	1577	1	1
k63_51371	1574	2707	1	2
k63_51371	2827	3132	-1	3
k63_1017974	191	985	-1	1
k63_1017974	1021	2352	-1	2
k63_1017974	2336	3121	-1	3
k63_1017974	3166	3810	-1	4
k63_477956	1	1299	-1	1
k63_477956	1443	2027	1	2
k63_477956	2103	2216	1	3
k63_1126149	3	452	1	1
k63_1126149	449	1213	1	2
k63_1126149	1210	1986	1	3
k63_1126149	1983	3647	1	4
k63_161208	463	810	1	1
k63_161208	906	1667	1	2
k63_161208	1756	3141	1	3
k63_161208	3157	3681	1	4
k63_478064	1	1707	-1	1
k63_1447004	1	486	1	1
k63_1447004	659	880	1	2
k63_1447004	920	1903	-1	3
k63_1447004	1900	2985	-1	4
k63_1447004	3118	5091	1	5
k63_161490	8	433	-1	1
k63_161490	458	1522	-1	2
k63_1018448	140	1090	-1	1
k63_1018448	1094	1771	-1	2
k63_1126656	1	606	1	1
k63_1126656	1078	2103	1	2
k63_1126656	2182	2640	1	3
k63_269049	31	2988	-1	1
k63_269049	2985	3116	-1	2
k63_1447490	3	236	1	1
k63_1447490	243	1328	1	2
k63_1447490	1332	2297	-1	3
k63_378515	1	318	-1	1
k63_378515	401	1780	-1	2
k63_378515	1790	4129	-1	3
k63_378515	4209	6926	1	4
k63_378515	6941	9709	1	5
k63_378515	9716	10969	1	6
k63_591282	1	720	-1	1
k63_591282	727	1824	-1	2
k63_591282	1828	2946	-1	3
k63_591282	3127	4626	1	4
k63_591282	4637	5086	1	5
k63_699881	1	1095	1	1
k63_699881	1095	1640	1	2
k63_1127366	2	625	-1	1
k63_1127366	644	1408	1	2
k63_1127366	1452	1715	1	3
k63_1127366	1712	2563	1	4
k63_1127366	2568	3080	-1	5
k63_1127366	3159	3578	1	6
k63_1127366	3585	4328	-1	7
k63_1127366	4436	5263	1	8
k63_591775	2	709	-1	1
k63_591775	852	1136	1	2
k63_591775	1158	1682	1	3
k63_591775	1774	2739	-1	4
k63_591775	2805	3983	-1	5
k63_479210	3	305	-1	1
k63_479210	601	1581	-1	2
k63_479210	1606	2331	-1	3
k63_1448359	97	1716	1	1
k63_1448359	1728	2135	-1	2
k63_1448359	2215	2532	-1	3
k63_1019518	1	1302	1	1
k63_1019518	1371	1613	1	2
k63_1019518	1643	2590	1	3
k63_1128376	1	195	-1	1
k63_1128376	192	833	-1	2
k63_1128376	830	1828	-1	3
k63_1128376	1847	2827	1	4
k63_1128376	2829	4280	-1	5
k63_1128376	4295	4918	-1	6
k63_1128376	4915	8652	-1	7
k63_1128376	8654	9652	-1	8
k63_270766	1	324	1	1
k63_270766	397	1359	1	2
k63_270766	1369	2271	1	3
k63_270766	2386	2592	-1	4
k63_701423	3	2078	1	1
k63_701423	2235	2510	1	2
k63_54861	2	1198	-1	1
k63_54861	1581	2093	1	2
k63_480446	2	1684	-1	1
k63_480446	1893	2282	1	2
k63_480446	2346	2459	1	3
k63_1450784	3	431	-1	1
k63_1450784	438	1406	-1	2
k63_1450784	1419	1775	-1	3
k63_165634	3	653	1	1
k63_165634	689	1015	1	2
k63_165634	961	2007	-1	3
k63_703260	113	970	-1	1
k63_703260	967	1434	-1	2
k63_703260	1551	2105	1	3
k63_703260	2134	3393	1	4
k63_703260	3390	4160	1	5
k63_703260	4164	4766	-1	6
k63_703325	2	673	-1	1
k63_703325	691	1992	-1	2
k63_703325	2070	3407	-1	3
k63_703325	3637	3906	1	4
k63_703325	3916	4503	1	5
k63_703325	4508	6013	-1	6
k63_703325	6006	6638	-1	7
k63_703428	2	319	1	1
k63_703428	352	918	1	2
k63_703428	954	1457	1	3
k63_481351	69	1058	-1	1
k63_481351	1130	2740	1	2
k63_166130	395	1786	-1	1
k63_166130	2071	3954	1	2
k63_1343897	1	1938	-1	1
k63_812399	59	1750	1	1
k63_273126	1	1092	-1	1
k63_273126	1334	1804	-1	2
k63_273126	1985	2914	1	3
k63_273126	2970	3200	1	4
k63_595439	2	88	-1	1
k63_595439	112	1389	-1	2
k63_595439	1386	2510	-1	3
k63_595439	2507	3046	-1	4
k63_595439	3182	4492	1	5
k63_1344523	3	98	-1	1
k63_1344523	178	507	-1	2
k63_1344523	597	1217	-1	3
k63_1344523	1261	2502	1	4
k63_1344523	2517	2915	1	5
k63_1344523	3199	4662	1	6
k63_1344523	4675	5109	1	7
k63_482053	3	590	1	1
k63_482053	587	1648	-1	2
k63_482053	1727	2254	-1	3
k63_482053	2257	2736	-1	4
k63_482053	2948	3436	1	5
k63_482053	3537	3617	1	6
k63_1556543	3	659	-1	1
k63_1556543	679	993	-1	2
k63_1236417	3	1361	1	1
k63_1236417	1368	2150	-1	2
k63_1236417	2170	3552	-1	3
k63_596076	1	765	1	1
k63_596076	791	1546	-1	2
k63_596076	1687	1758	-1	3
k63_1453418	1	708	1	1
k63_1453418	705	2114	1	2
k63_1453418	2111	3049	1	3
k63_1453418	3046	3963	1	4
k63_1453418	3951	4895	1	5
k63_1453418	4924	6168	1	6
k63_59116	128	808	1	1
k63_59116	805	1941	1	2
k63_167847	3	140	1	1
k63_167847	162	494	1	2
k63_167847	502	1386	1	3
k63_814284	1	204	-1	1
k63_814284	358	1275	-1	2
k63_814284	1482	2519	1	3
k63_596707	1	1734	-1	1
k63_384364	2	640	-1	1
k63_384364	656	1558	-1	2
k63_384364	1643	2854	-1	3
k63_384364	3029	3097	1	4
k63_815167	1	246	-1	1
k63_815167	243	1586	-1	2
k63_815167	1623	2141	-1	3
k63_815167	2179	2382	-1	4
k63_815167	2387	3001	-1	5
k63_815167	3014	3382	-1	6
k63_815167	3385	3531	-1	7
k63_597864	86	931	1	1
k63_597864	983	1906	1	2
k63_597864	1893	2630	1	3
k63_597864	2627	3340	1	4
k63_597864	3736	3834	1	5
k63_918357	74	2248	1	1
k63_918357	2264	3349	1	2
k63_1346966	3	1145	1	1
k63_1346966	1142	2254	1	2
k63_275518	216	575	1	1
k63_275518	572	1360	-1	2
k63_275518	1443	2474	1	3
k63_1132983	1	120	1	1
k63_1132983	78	659	-1	2
k63_1132983	656	1303	-1	3
k63_1132983	1325	2098	-1	4
k63_1132983	2095	3369	-1	5
k63_485024	3	1190	1	1
k63_485024	1276	2070	-1	2
k63_706387	175	1053	1	1
k63_706387	1050	1853	-1	2
k63_60985	2	349	1	1
k63_60985	342	1343	1	2
k63_60985	1370	1996	1	3
k63_706649	2	709	1	1
k63_706649	709	2124	1	2
k63_706649	2106	2180	-1	3
k63_385490	2	445	-1	1
k63_385490	453	926	-1	2
k63_385490	923	1222	-1	3
k63_385490	1252	2241	1	4
k63_385490	2372	3283	1	5
k63_385490	3287	3775	-1	6
k63_385490	3772	5811	-1	7
k63_1239243	2	106	-1	1
k63_1239243	161	1153	-1	2
k63_1239243	1306	2280	-1	3
k63_1239243	2288	2497	-1	4
k63_276058	39	425	-1	1
k63_276058	510	1313	-1	2
k63_276058	1454	1879	-1	3
k63_276058	2110	3279	1	4
k63_276058	3286	3609	1	5
k63_276058	3606	4127	1	6
k63_485556	172	954	-1	1
k63_485556	1136	2059	1	2
k63_485556	2064	3104	-1	3
k63_485556	3116	4069	-1	4
k63_485556	4312	6750	-1	5
k63_485556	6903	8189	-1	6
k63_62146	1	513	-1	1
k63_62146	543	1676	-1	2
k63_62146	1738	1968	-1	3
k63_1240142	3	497	-1	1
k63_1240142	1068	2024	1	2
k63_62274	238	666	1	1
k63_62274	670	1503	1	2
k63_1560615	1	678	1	1
k63_1560615	763	1662	1	2
k63_1348770	3	1052	-1	1
k63_1348770	1088	1858	-1	2
k63_1348770	1858	3591	-1	3
k63_1348770	3588	4346	-1	4
k63_1348770	4505	4729	-1	5
k63_277395	2	1411	1	1
k63_277395	1653	2594	1	2
k63_277395	2658	3419	1	3
k63_277891	36	1070	-1	1
k63_277891	1552	2280	1	2
k63_277891	2277	2876	1	3
k63_277891	2873	3712	1	4
k63_277891	3721	4347	1	5
k63_277891	4340	5017	1	6
k63_277891	5024	5311	-1	7
k63_277891	5443	5982	-1	8
k63_277891	6016	6579	-1	9
k63_277891	6576	7061	-1	10
k63_1027886	217	798	-1	1
k63_1027886	798	1430	-1	2
k63_1027886	1417	2211	-1	3
k63_1027886	2304	3905	-1	4
k63_1027886	3902	4261	-1	5
k63_817969	3	974	1	1
k63_817969	977	1804	1	2
k63_278243	165	785	1	1
k63_278243	795	2720	1	2
k63_278243	2737	3072	-1	3
k63_1135397	1	798	1	1
k63_1135397	808	1281	1	2
k63_1135397	1294	2472	1	3
k63_1135397	2469	3017	-1	4
k63_487102	2	88	1	1
k63_487102	106	780	-1	2
k63_487102	1273	3156	1	3
k63_487102	3389	4153	1	4
k63_1561596	3	1688	1	1
k63_1561596	1669	3705	1	2
k63_1241273	80	1195	1	1
k63_1241273	1198	2310	1	2
k63_1241273	2314	2844	1	3
k63_818310	3	734	-1	1
k63_818310	816	2405	1	2
k63_818310	2406	2627	-1	3
k63_1561910	1	930	-1	1
k63_1561910	1092	1523	1	2
k63_278865	3	740	1	1
k63_278865	737	1456	1	2
k63_278865	1408	2535	-1	3
k63_278865	2572	2778	-1	4
k63_1562111	111	503	1	1
k63_1562111	525	1466	-1	2
k63_1562111	1559	2374	1	3
k63_279083	110	208	1	1
k63_279083	209	901	1	2
k63_279083	905	1453	-1	3
k63_279083	1450	2463	-1	4
k63_279083	2807	3271	1	5
k63_279083	3273	5729	1	6
k63_279083	5831	6760	1	7
k63_602353	3	1379	1	1
k63_1029366	1	318	-1	1
k63_1029366	387	1328	-1	2
k63_1029366	1346	2557	-1	3
k63_1029366	2603	3364	1	4
k63_1029366	3349	3987	-1	5
k63_1029366	3998	4879	-1	6
k63_1029366	5029	5772	1	7
k63_1029366	5769	6878	-1	8
k63_1029366	6892	7587	-1	9
k63_1029366	7757	8563	1	10
k63_1029366	8697	9482	-1	11
k63_1351008	3	2492	1	1
k63_173396	2	244	-1	1
k63_173396	277	2727	-1	2
k63_173396	2731	3921	-1	3
k63_173396	3918	5036	-1	4
k63_173396	5347	6327	-1	5
k63_1243221	3	395	1	1
k63_1243221	392	1192	1	2
k63_1243221	1189	1863	1	3
k63_819531	3	644	1	1
k63_819531	648	1205	1	2
k63_819531	1213	1704	1	3
k63_489155	144	806	-1	1
k63_489155	1145	1342	-1	2
k63_489155	1472	2245	1	3
k63_1563306	2	1525	1	1
k63_924012	456	1274	-1	1
k63_924012	1345	2172	1	2
k63_924012	2169	2945	-1	3
k63_173898	35	736	1	1
k63_173898	812	2524	1	2
k63_173898	2524	4194	1	3
k63_173898	4249	5172	1	4
k63_173898	5305	5754	1	5
k63_489416	60	1982	-1	1
k63_489416	2069	2491	1	2
k63_489416	2527	3192	-1	3
k63_489416	3186	4325	-1	4
k63_489416	4348	5658	1	5
k63_489416	5692	6768	1	6
k63_489416	6765	7436	1	7
k63_489416	7451	8230	1	8
k63_711104	1	1263	1	1
k63_711104	1457	3154	-1	2
k63_711104	3389	3676	-1	3
k63_711104	3880	4620	1	4
k63_1460511	1	369	-1	1
k63_1460511	518	1558	1	2
k63_1138007	3	326	1	1
k63_1138007	341	673	1	2
k63_1138007	880	1440	1	3
k63_1138007	1457	2272	1	4
k63_1138007	2483	3238	1	5
k63_1138007	3281	3787	1	6
k63_1138007	3784	4407	1	7
k63_1138007	4404	5468	1	8
k63_1138007	5458	5913	1	9
k63_1138007	5923	6645	1	10
k63_1138007	6645	7106	1	11
k63_1138007	7110	8069	1	12
k63_1138007	8069	9091	1	13
k63_390701	3	1919	-1	1
k63_65942	3	830	-1	1
k63_65942	904	1254	1	2
k63_925297	2	907	-1	1
k63_925297	1227	2819	1	2
k63_925297	2816	3772	1	3
k63_281300	3	1658	-1	1
k63_925739	114	782	1	1
k63_925739	817	1926	1	2
k63_925739	1933	2061	-1	3
k63_606010	129	1244	1	1
k63_606010	1262	2083	-1	2
k63_926228	83	1408	-1	1
k63_926228	1547	2350	-1	2
k63_392232	1	444	1	1
k63_392232	451	1047	1	2
k63_392232	1044	1586	-1	3
k63_392232	1597	3495	-1	4
k63_392232	3701	4510	-1	5
k63_392232	4517	4708	-1	6
k63_392232	5111	6772	1	7
k63_392232	6797	7657	1	8
k63_281744	2	1465	-1	1
k63_1032185	3	425	-1	1
k63_1032185	520	2208	1	2
k63_1032185	2205	3368	1	3
k63_1032185	3365	5977	1	4
k63_1032185	5974	6993	1	5
k63_1032185	7000	7764	1	6
k63_1032185	7761	8399	1	7
k63_1032185	8452	8610	1	8
k63_176679	70	726	-1	1
k63_176679	730	1905	-1	2
k63_176679	2049	2921	1	3
k63_176679	2932	3831	1	4
k63_176679	3828	4910	-1	5
k63_176679	4968	5621	1	6
k63_176679	5638	7905	-1	7
k63_491689	1	117	-1	1
k63_491689	226	1680	1	2
k63_713259	2	559	1	1
k63_713259	556	1407	1	2
k63_713259	1400	1891	1	3
k63_713259	1888	2304	1	4
k63_713259	2311	3480	1	5
k63_492156	2	520	1	1
k63_492156	584	1588	1	2
k63_492156	1585	2064	-1	3
k63_69230	2	841	-1	1
k63_69230	954	2666	1	2
k63_69230	2685	4835	1	3
k63_713786	3	710	1	1
k63_713786	707	1609	1	2
k63_393525	2	376	-1	1
k63_393525	546	2048	1	2
k63_69499	86	2233	1	1
k63_69499	2237	3766	1	2
k63_69499	3763	4923	-1	3
k63_1141226	25	498	-1	1
k63_1141226	504	938	-1	2
k63_1141226	952	2562	-1	3
k63_822628	135	356	1	1
k63_822628	721	1977	1	2
k63_178422	54	1892	-1	1
k63_178474	1	744	1	1
k63_178474	899	1909	1	2
k63_178474	1934	2155	1	3
k63_178474	2156	2401	1	4
k63_178474	2443	3171	1	5
k63_178474	3183	4856	1	6
k63_178474	5153	7183	-1	7
k63_927940	317	1621	1	1
k63_927940	1618	2388	1	2
k63_927940	2407	2859	1	3
k63_1247633	63	395	-1	1
k63_1247633	392	1855	-1	2
k63_1247633	1923	2780	-1	3
k63_1567697	26	502	1	1
k63_1567697	499	1872	1	2
k63_1567697	1897	2169	1	3
k63_1567697	2294	3247	1	4
k63_1142248	2	64	-1	1
k63_1142248	73	2751	-1	2
k63_1248345	1	1272	-1	1
k63_1248345	1279	1980	-1	2
k63_1248345	1977	2369	-1	3
k63_179848	229	1251	1	1
k63_179848	1280	2455	1	2
k63_179848	2459	3070	1	3
k63_179848	3129	3329	1	4
k63_394846	3	206	-1	1
k63_394846	272	664	-1	2
k63_394846	746	1117	-1	3
k63_394846	1208	1627	-1	4
k63_715330	3	1271	-1	1
k63_715330	1329	2666	-1	2
k63_715330	2716	3687	-1	3
k63_715330	3840	4358	-1	4
k63_715330	4589	4966	-1	5
k63_180700	16	1695	-1	1
k63_180700	1840	2385	-1	2
k63_609328	2	157	-1	1
k63_609328	176	1783	-1	2
k63_609328	1839	2672	-1	3
k63_609328	2855	3463	1	4
k63_609328	3460	4602	-1	5
k63_609328	4589	5071	-1	6
k63_609328	5348	6166	-1	7
k63_609328	6265	6540	1	8
k63_609509	1	351	1	1
k63_609509	379	1185	1	2
k63_609509	1196	1945	1	3
k63_609509	1942	2202	1	4
k63_825314	2	1192	1	1
k63_825314	1189	2478	1	2
k63_825314	2510	3496	1	3
k63_825314	3498	5291	1	4
k63_825314	5319	6215	1	5
k63_825314	6212	7552	1	6
k63_825314	7506	8930	1	7
k63_825314	8941	9672	1	8
k63_825314	9669	10964	-1	9
k63_825314	11371	11514	1	10
k63_825314	11462	11830	1	11
k63_825314	12170	12541	1	12
k63_1249769	1	114	1	1
k63_1249769	151	951	1	2
k63_1249769	953	1945	1	3
k63_72406	3	614	-1	1
k63_72406	723	1889	-1	2
k63_72406	1992	2531	1	3
k63_72406	2637	3119	1	4
k63_1143764	1	342	1	1
k63_1143764	339	1073	1	2
k63_1143764	1111	2673	1	3
k63_396925	3	296	1	1
k63_396925	293	1582	1	2
k63_396925	1597	2508	1	3
k63_396925	2574	2846	1	4
k63_1144522	3	1916	-1	1
k63_1144522	1913	2284	-1	2
k63_1144522	2617	2988	-1	3
k63_1144522	3024	3434	-1	4
k63_1144522	3519	4757	-1	5
k63_1144522	4773	5696	-1	6
k63_1144522	5938	6450	-1	7
k63_1144522	6553	7308	-1	8
k63_1144522	7534	8190	1	9
k63_1144522	8483	9259	1	10
k63_399062	3	491	-1	1
k63_399062	457	1401	-1	2
k63_399062	1407	1712	-1	3
k63_399062	1723	2322	-1	4
k63_1357384	1	714	1	1
k63_1357384	766	1254	1	2
k63_1357384	1270	2763	1	3
k63_1145726	1	666	-1	1
k63_1145726	691	1101	-1	2
k63_1145726	1120	1893	-1	3
k63_1145726	1903	2370	-1	4
k63_1469522	1	354	1	1
k63_1469522	360	1115	1	2
k63_1469522	1135	1545	-1	3
k63_1469522	1685	2134	1	4
k63_1469522	2149	3141	1	5
k63_1469522	3543	4385	1	6
k63_612648	3	1235	-1	1
k63_612648	1261	1581	-1	2
k63_1469695	2	514	1	1
k63_1469695	511	1602	1	2
k63_1469695	1614	2813	-1	3
k63_1469695	2813	3547	-1	4
k63_1469910	2	652	-1	1
k63_1469910	665	1960	-1	2
k63_1469910	1965	2078	-1	3
k63_1469910	2075	3124	-1	4
k63_719209	3	608	1	1
k63_719209	1157	1993	1	2
k63_719209	1987	2865	1	3
k63_719209	2862	4124	1	4
k63_1146833	2	1981	1	1
k63_1146833	2066	2131	-1	2
k63_400643	11	277	-1	1
k63_400643	352	1203	1	2
k63_400643	1193	1852	-1	3
k63_613654	3	512	1	1
k63_613654	747	2324	1	2
k63_613654	2381	2743	-1	3
k63_1471186	79	1485	-1	1
k63_1471186	1584	2090	1	2
k63_1471186	2205	2339	1	3
k63_1573151	40	363	1	1
k63_1573151	400	3030	1	2
k63_1573151	3036	3758	1	3
k63_1472049	3	695	-1	1
k63_1472049	712	1389	-1	2
k63_1472049	1386	1976	-1	3
k63_1472049	2142	2351	1	4
k63_1472049	2372	2713	1	5
k63_1472292	3	986	-1	1
k63_1472292	983	1789	-1	2
k63_1472292	1786	1881	-1	3
k63_185998	1	837	-1	1
k63_185998	852	1688	-1	2
k63_185998	1764	2639	1	3
k63_185998	2611	3906	-1	4
k63_185998	3970	4509	-1	5
k63_185998	4605	6113	1	6
k63_185998	6065	6889	1	7
k63_500375	1	1374	1	1
k63_500375	1385	1726	-1	2
k63_500375	1726	2076	-1	3
k63_500375	2113	3750	-1	4
k63_500375	3751	4428	-1	5
k63_500375	4539	4769	1	6
k63_1360735	1	387	1	1
k63_1360735	393	1019	-1	2
k63_1360735	1016	1846	-1	3
k63_1360735	2113	2175	1	4
k63_186215	111	1913	-1	1
k63_830009	2	121	-1	1
k63_830009	132	1106	-1	2
k63_830009	1139	1990	-1	3
k63_830009	2041	2766	-1	4
k63_830009	3037	3297	1	5
k63_186401	1	795	-1	1
k63_186401	795	1946	-1	2
k63_186401	2131	2781	-1	3
k63_186401	2858	4291	1	4
k63_186401	4410	5006	-1	5
k63_186401	5072	6073	-1	6
k63_186401	6111	6941	-1	7
k63_186401	6941	7780	-1	8
k63_186401	7785	8117	-1	9
k63_186401	8184	8630	-1	10
k63_186401	8627	9787	-1	11
k63_1574095	2	871	1	1
k63_1574095	886	1371	1	2
k63_1574095	1400	1780	-1	3
k63_291521	2	529	-1	1
k63_291521	784	1971	1	2
k63_291521	1991	5278	-1	3
k63_291521	5386	5715	-1	4
k63_1255457	2	292	-1	1
k63_1255457	289	2346	-1	2
k63_501324	3	1703	-1	1
k63_501324	1815	2363	-1	2
k63_292669	3	1250	-1	1
k63_292669	1260	2252	-1	2
k63_292732	2	244	-1	1
k63_292732	247	558	-1	2
k63_292732	542	1015	-1	3
k63_292732	1036	1371	-1	4
k63_937714	83	802	1	1
k63_937714	807	1808	-1	2
k63_293143	2	2128	1	1
k63_293143	2141	2221	1	2
k63_1151793	1	942	-1	1
k63_1151793	999	1352	-1	2
k63_293485	1	687	-1	1
k63_293485	832	1395	1	2
k63_293485	1584	1928	1	3
k63_293485	1925	2419	1	4
k63_293485	2545	3615	1	5
k63_293485	3602	4579	-1	6
k63_293485	4639	5538	-1	7
k63_293485	5805	6149	1	8
k63_293485	6146	6841	-1	9
k63_293485	6955	9135	-1	10
k63_293485	9200	10369	-1	11
k63_1151987	56	1189	-1	1
k63_1151987	1305	2060	1	2
k63_1151987	2057	2521	1	3
k63_502635	3	1508	-1	1
k63_502635	1483	3009	-1	2
k63_938906	81	710	-1	1
k63_938906	988	2109	1	2
k63_938906	2186	2602	1	3
k63_938906	2669	2911	1	4
k63_938906	3008	3439	1	5
k63_938906	3464	3565	1	6
k63_190044	2	121	1	1
k63_190044	124	267	1	2
k63_190044	331	1665	-1	3
k63_1364123	2	157	1	1
k63_1364123	185	2302	1	2
k63_1364123	2306	2893	1	3
k63_1364123	2865	3464	1	4
k63_1364196	3	206	1	1
k63_1364196	213	1535	1	2
k63_725449	1	1686	-1	1
k63_1258797	319	522	1	1
k63_1258797	624	1505	1	2
k63_619661	92	517	1	1
k63_619661	615	1055	1	2
k63_619661	1028	1498	1	3
k63_619661	1489	2439	-1	4
k63_1045122	1	1299	1	1
k63_1045122	1293	2489	-1	2
k63_1045122	2490	3785	-1	3
k63_1045122	3859	4467	1	4
k63_1045122	4517	4975	1	5
k63_1045122	4972	6867	1	6
k63_1045122	6893	7630	1	7
k63_1045122	7690	8835	1	8
k63_1045122	8832	9941	1	9
k63_1045122	9967	11058	1	10
k63_1045122	11425	11721	-1	11
k63_1577704	2	1771	1	1
k63_1577704	1775	2458	1	2
k63_1577704	2451	2876	1	3
k63_1577704	2876	4309	1	4
k63_1577704	4302	5261	1	5
k63_1577704	5261	6964	1	6
k63_1577704	7005	7679	1	7
k63_1577704	7729	7929	-1	8
k63_503783	175	741	1	1
k63_503783	738	1541	-1	2
k63_1577876	3	638	-1	1
k63_1577876	635	1144	-1	2
k63_1577876	1131	1607	-1	3
k63_940617	3	566	1	1
k63_940617	631	1458	1	2
k63_940617	1477	2016	1	3
k63_940617	2140	4830	1	4
k63_940617	4936	5673	1	5
k63_940617	5683	6945	-1	6
k63_1045771	2	202	-1	1
k63_1045771	204	623	-1	2
k63_1045771	719	1663	-1	3
k63_1045771	1721	2713	-1	4
k63_1045771	2870	3643	1	5
k63_1045771	3640	4575	1	6
k63_620793	3	320	-1	1
k63_620793	317	898	-1	2
k63_620793	999	1517	-1	3
k63_620793	1550	1783	-1	4
k63_296279	1	1314	1	1
k63_296279	1752	2018	1	2
k63_296279	2123	4189	1	3
k63_727759	3	719	1	1
k63_727759	737	1672	1	2
k63_297054	3	938	-1	1
k63_297054	935	1834	-1	2
k63_297054	1827	2942	-1	3
k63_297054	2966	3364	-1	4
k63_194234	3	1463	-1	1
k63_194234	1471	2010	-1	2
k63_1047897	2	1207	-1	1
k63_1047897	1367	1717	1	2
k63_1262019	46	252	-1	1
k63_1262019	426	1256	1	2
k63_1262019	1269	2357	1	3
k63_1262019	2354	3424	-1	4
k63_1262019	3584	4675	1	5
k63_1262019	4688	4852	1	6
k63_194948	264	1424	1	1
k63_194948	1471	1941	1	2
k63_506148	1	1263	1	1
k63_506148	1273	1710	-1	2
k63_1048652	77	355	1	1
k63_1048652	370	1182	1	2
k63_1048652	1179	1934	-1	3
k63_1368625	3	665	1	1
k63_1368625	666	1550	-1	2
k63_1368625	1607	2647	1	3
k63_196449	62	265	1	1
k63_196449	267	1106	-1	2
k63_196449	1108	3378	-1	3
k63_196449	3403	4506	-1	4
k63_1049953	2	961	1	1
k63_1049953	1027	1704	1	2
k63_1049953	1757	2419	1	3
k63_410249	77	1966	1	1
k63_839105	1	150	1	1
k63_839105	144	2006	1	2
k63_196952	3	452	-1	1
k63_196952	589	1587	1	2
k63_196952	1616	1819	-1	3
k63_839373	181	465	-1	1
k63_839373	645	1667	-1	2
k63_839373	1686	1829	-1	3
k63_507759	2	1273	-1	1
k63_507759	1659	2855	1	2
k63_507759	3021	3929	1	3
k63_507759	3926	4705	1	4
k63_507759	4702	5823	1	5
k63_507759	6061	7185	-1	6
k63_507759	7188	7697	-1	7
k63_507759	7739	8278	-1	8
k63_507759	8355	8957	1	9
k63_1264173	2	766	1	1
k63_1264173	843	1121	1	2
k63_1264173	1237	2262	1	3
k63_1264173	2266	3246	1	4
k63_1264173	3412	4692	1	5
k63_1264173	4692	6095	1	6
k63_1264173	6100	6246	1	7
k63_626347	167	1330	-1	1
k63_626347	1452	1655	-1	2
k63_509450	2	433	-1	1
k63_509450	571	1608	1	2
k63_509450	1619	1939	1	3
k63_509450	1948	2337	1	4
k63_627003	2	1288	1	1
k63_627003	1495	1860	1	2
k63_91073	3	302	-1	1
k63_91073	526	1875	1	2
k63_91073	1872	2234	1	3
k63_1052470	60	1295	1	1
k63_1052470	1409	2593	1	2
k63_413775	1	666	-1	1
k63_413775	683	1138	-1	2
k63_413775	1635	2054	-1	3
k63_511277	3	1718	-1	1
k63_1162716	1	234	1	1
k63_1162716	245	871	-1	2
k63_1162716	895	2334	-1	3
k63_511471	2	196	-1	1
k63_511471	306	1109	-1	2
k63_511471	1423	1632	1	3
k63_628936	177	1067	1	1
k63_628936	1134	1352	1	2
k63_628936	1367	2311	-1	3
k63_628959	1	1110	-1	1
k63_628959	1130	3172	-1	2
k63_734416	2	142	-1	1
k63_734416	295	1311	1	2
k63_734416	1455	2021	1	3
k63_734416	2133	3116	1	4
k63_201349	171	1961	1	1
k63_201349	1958	2341	-1	2
k63_304841	74	1903	1	1
k63_304841	1900	2454	1	2
k63_305136	1	2946	1	1
k63_305136	2982	3272	1	2
k63_305136	3314	3505	-1	3
k63_845068	3	1418	1	1
k63_845068	1446	1925	-1	2
k63_845068	1958	2083	-1	3
k63_415803	1	198	1	1
k63_415803	205	996	-1	2
k63_415803	1021	1668	-1	3
k63_415803	1668	1841	-1	4
k63_415803	1850	2392	-1	5
k63_415803	2442	2570	-1	6
k63_415803	2691	3359	-1	7
k63_415803	3456	4100	-1	8
k63_415803	4097	5077	-1	9
k63_415803	5077	6228	-1	10
k63_415803	6350	6853	1	11
k63_952069	2	448	1	1
k63_952069	513	680	-1	2
k63_952069	751	1902	-1	3
k63_1055590	367	801	-1	1
k63_1055590	836	1315	-1	2
k63_1055590	1358	2353	-1	3
k63_1055590	2447	4504	-1	4
k63_1055590	4517	5209	-1	5
k63_1268530	1	609	-1	1
k63_1268530	638	1375	-1	2
k63_1268530	1406	1633	-1	3
k63_1165321	27	299	-1	1
k63_1165321	481	1476	1	2
k63_1165321	1514	2143	1	3
k63_1165321	2213	3346	1	4
k63_1165321	3343	3807	-1	5
k63_1376597	3	131	1	1
k63_1376597	252	1058	1	2
k63_1376597	1138	2109	1	3
k63_1376597	2176	2901	1	4
k63_1376597	2883	3038	1	5
k63_418184	2	865	1	1
k63_418184	882	1511	1	2
k63_418184	1575	1712	1	3
k63_1488478	2	1099	-1	1
k63_1488478	1154	1915	-1	2
k63_1488478	1912	2727	-1	3
k63_1488478	2724	3611	-1	4
k63_1488478	3605	3733	-1	5
k63_307175	3	1205	1	1
k63_307175	1247	2662	1	2
k63_96273	2	130	-1	1
k63_96273	238	1668	-1	2
k63_847366	2	1105	-1	1
k63_847366	1226	2497	-1	2
k63_847366	2620	3345	1	3
k63_847366	3342	3650	-1	4
k63_847366	3690	4271	-1	5
k63_847366	4413	6134	-1	6
k63_847366	6373	7092	1	7
k63_847366	7194	8279	1	8
k63_847366	8292	8516	1	9
k63_632306	110	1285	-1	1
k63_632306	1384	2241	-1	2
k63_632306	2234	3058	-1	3
k63_632306	3356	4528	1	4
k63_632306	4525	5313	1	5
k63_632306	5313	5915	1	6
k63_96832	3	449	1	1
k63_96832	485	1471	1	2
k63_96832	1548	2705	1	3
k63_96832	3008	3343	1	4
k63_96832	3336	3740	1	5
k63_1166733	32	370	-1	1
k63_1166733	379	1077	-1	2
k63_1166733	1128	1658	-1	3
k63_97098	1	873	1	1
k63_97098	914	1102	1	2
k63_97098	1311	1862	1	3
k63_419287	1	2757	-1	1
k63_419287	2887	6060	-1	2
k63_419287	6057	6833	-1	3
k63_1378064	3	500	-1	1
k63_1378064	497	1426	-1	2
k63_1378064	1739	2680	1	3
k63_1378064	2727	4259	1	4
k63_1378064	4256	5977	-1	5
k63_1378064	6073	6972	-1	6
k63_1378064	7050	7586	-1	7
k63_738322	2	2233	-1	1
k63_1270919	2	964	1	1
k63_1270919	945	1052	-1	2
k63_1270919	1049	1276	-1	3
k63_1270919	1277	1558	-1	4
k63_419890	317	1060	-1	1
k63_419890	1094	1687	-1	2
k63_738659	245	1201	1	1
k63_738659	1198	1650	1	2
k63_738659	1467	2897	-1	3
k63_1378810	151	1107	-1	1
k63_1378810	1160	1531	1	2
k63_1378810	1559	1972	1	3
k63_1378810	2113	2889	1	4
k63_1271247	3	1850	1	1
k63_1271247	1898	2110	-1	2
k63_420396	1	621	-1	1
k63_420396	886	1962	-1	2
k63_420396	1993	2340	-1	3
k63_1271664	76	1812	-1	1
k63_1271664	1781	2038	-1	2
k63_516268	3	1409	1	1
k63_516268	1406	2035	1	2
k63_516268	1948	2385	-1	3
k63_516268	2396	2770	-1	4
k63_516442	1	1473	1	1
k63_516442	1480	2019	-1	2
k63_1168761	1	1200	-1	1
k63_1168761	1248	2702	-1	2
k63_1168761	2739	2936	-1	3
k63_309339	3	533	1	1
k63_309339	537	1364	1	2
k63_309339	1495	1776	-1	3
k63_309418	1	753	1	1
k63_309418	754	2046	-1	2
k63_309418	2043	2522	-1	3
k63_309418	2519	3139	-1	4
k63_517169	72	1157	1	1
k63_517169	1350	1721	-1	2
k63_957688	2	346	-1	1
k63_957688	360	1814	-1	2
k63_957688	1921	2514	1	3
k63_1273851	183	1133	1	1
k63_1273851	1144	1827	1	2
k63_1273851	1864	2988	1	3
k63_1273851	3012	3362	1	4
k63_100975	284	847	1	1
k63_100975	1245	2111	1	2
k63_100975	2111	2587	1	3
k63_1382582	50	976	-1	1
k63_1382582	969	1676	-1	2
k63_1382582	1673	2467	-1	3
k63_1382582	2547	2960	-1	4
k63_1382582	2957	3718	-1	5
k63_1382582	3748	4338	-1	6
k63_1382582	4636	6822	-1	7
k63_1382582	6899	7300	-1	8
k63_1382582	7412	7921	-1	9
k63_1382582	8067	8696	1	10
k63_1382582	8752	9366	1	11
k63_1383082	59	673	1	1
k63_1383082	683	1444	-1	2
k63_1383082	1579	1854	1	3
k63_1383082	1929	2279	-1	4
k63_1383082	2370	2813	-1	5
k63_1383082	2964	3599	1	6
k63_1383082	3735	4265	1	7
k63_1494626	3	374	-1	1
k63_1494626	402	2171	-1	2
k63_1494626	2184	2576	-1	3
k63_1172700	3	278	-1	1
k63_1172700	337	1437	-1	2
k63_520294	1	1860	1	1
k63_313014	1	144	-1	1
k63_313014	160	1563	-1	2
k63_210037	3	389	1	1
k63_210037	396	2357	-1	2
k63_210037	2558	2701	-1	3
k63_210114	1	1539	-1	1
k63_210114	1582	2052	-1	2
k63_210114	2066	2194	-1	3
k63_103428	2	148	1	1
k63_103428	202	1602	1	2
k63_103428	1526	2062	-1	3
k63_103653	113	973	-1	1
k63_103653	1057	1638	1	2
k63_1062657	231	902	1	1
k63_1062657	1007	1750	1	2
k63_962072	2	289	-1	1
k63_962072	398	1471	-1	2
k63_962072	1468	2367	-1	3
k63_1277263	3	704	-1	1
k63_1277263	984	1511	1	2
k63_1063008	2	1075	1	1
k63_1063008	1093	1947	-1	2
k63_1063008	2207	4267	1	3
k63_1063008	4337	4567	1	4
k63_1063008	4569	5144	1	5
k63_1063008	5153	5326	-1	6
k63_1063008	5345	5755	-1	7
k63_1063008	5883	6845	1	8
k63_854134	3	128	-1	1
k63_854134	269	1465	-1	2
k63_854134	1496	2335	-1	3
k63_962934	387	1676	1	1
k63_962934	1792	2469	1	2
k63_1497020	318	1730	-1	1
k63_963282	2	70	1	1
k63_963282	67	1341	1	2
k63_963282	1461	2282	1	3
k63_963282	2350	2427	-1	4
k63_855568	45	1079	1	1
k63_855568	1203	1445	1	2
k63_855568	1446	2915	1	3
k63_855568	2939	4081	1	4
k63_855568	4188	5072	1	5
k63_855568	5074	6114	-1	6
k63_855568	6196	6807	-1	7
k63_855568	6975	7616	1	8
k63_855568	7613	7717	1	9
k63_212159	77	715	1	1
k63_212159	808	2160	1	2
k63_212159	2170	3105	1	3
k63_212159	3105	3995	1	4
k63_212159	4000	5100	1	5
k63_212159	5095	6639	-1	6
k63_746600	1	147	1	1
k63_746600	151	405	-1	2
k63_746600	627	1496	1	3
k63_1596968	1	957	-1	1
k63_1596968	983	2410	-1	2
k63_1596968	2407	3357	-1	3
k63_1596968	3624	4088	1	4
k63_1596968	4106	4321	1	5
k63_1279094	72	734	1	1
k63_1279094	748	1248	-1	2
k63_1279094	1325	1915	-1	3
k63_1279094	1912	2088	-1	4
k63_1279094	2294	3061	-1	5
k63_1279094	3163	3300	1	6
k63_641954	101	685	1	1
k63_641954	765	1565	1	2
k63_428315	3	722	1	1
k63_428315	1016	1588	1	2
k63_428315	1628	2833	1	3
k63_428315	2973	3050	1	4
k63_1597785	2	847	1	1
k63_1597785	869	1357	-1	2
k63_1597785	1496	1609	-1	3
k63_1177691	3	1874	-1	1
k63_1177691	1945	2229	-1	2
k63_1177691	2476	3273	1	3
k63_1177691	3343	6318	1	4
k63_1177691	6315	7142	1	5
k63_106164	1	1320	-1	1
k63_106164	1422	2309	1	2
k63_1177766	2	448	1	1
k63_1177766	457	2235	1	2
k63_1177766	2242	3330	-1	3
k63_1177766	3550	4017	1	4
k63_1177766	4029	4886	1	5
k63_856448	2	1357	1	1
k63_856448	1634	2965	1	2
k63_856448	3077	4291	1	3
k63_856448	4307	5398	1	4
k63_213207	2	64	-1	1
k63_213207	171	1229	1	2
k63_213207	1222	2427	1	3
k63_213309	1	183	1	1
k63_213309	278	1717	-1	2
k63_213309	2059	3384	-1	3
k63_1388509	3	437	-1	1
k63_1388509	438	1616	-1	2
k63_1388509	1720	2166	1	3
k63_1388509	2166	2354	1	4
k63_213447	1	981	1	1
k63_213447	1035	2132	1	2
k63_213447	2201	3463	1	3
k63_213447	3463	4317	1	4
k63_106859	3	1157	1	1
k63_106859	1236	2459	1	2
k63_749374	37	1344	1	1
k63_749374	1378	2628	1	2
k63_749374	2695	2931	1	3
k63_749374	2928	3587	1	4
k63_318508	2	1534	1	1
k63_318508	1547	1660	1	2
k63_1390523	59	757	-1	1
k63_1390523	959	2110	1	2
k63_1390523	2220	2603	1	3
k63_1283626	2	535	-1	1
k63_1283626	700	1698	1	2
k63_529046	244	1080	-1	1
k63_529046	1340	2632	1	2
k63_1391733	276	1046	1	1
k63_1391733	1160	2188	1	2
k63_1391733	2185	2286	-1	3
k63_320424	3	440	-1	1
k63_320424	676	1611	1	2
k63_320473	3	119	-1	1
k63_320473	121	885	1	2
k63_320473	908	1342	1	3
k63_320473	1481	2092	1	4
k63_529941	2	442	1	1
k63_529941	439	1230	1	2
k63_529941	1238	3196	1	3
k63_529941	3304	5031	-1	4
k63_529941	5179	6084	1	5
k63_529941	6093	8162	-1	6
k63_529941	8159	9127	-1	7
k63_529941	9124	9231	-1	8
k63_1284986	3	230	1	1
k63_1284986	311	745	1	2
k63_1284986	749	1450	1	3
k63_1284986	1778	2221	1	4
k63_320765	1	777	1	1
k63_320765	1011	1502	1	2
k63_320765	1723	3141	1	3
k63_320765	3126	4730	1	4
k63_1285366	1	1638	1	1
k63_1285366	1635	2438	1	2
k63_1285366	2463	3023	1	3
k63_1071268	3	71	-1	1
k63_1071268	216	680	1	2
k63_1071268	823	1098	1	3
k63_1071268	1102	1395	1	4
k63_1071268	1430	2353	1	5
k63_1071268	2396	3361	1	6
k63_1071268	3358	3891	1	7
