Contig	Start	End	Strand	Pos
k141_2958	1	117	1	1
k141_2958	193	2676	1	2
k141_3264	1	327	1	1
k141_3264	440	1189	1	2
k141_3264	1186	1599	1	3
k141_3264	1596	2123	1	4
k141_3264	2120	2608	1	5
k141_3264	2702	3406	1	6
k141_3264	3478	3957	1	7
k141_3585	3	1637	1	1
k141_4117	456	1112	-1	1
k141_4117	1137	1673	-1	2
k141_4117	1673	2638	-1	3
k141_4117	2643	3902	-1	4
k141_4117	4049	4285	-1	5
k141_4117	4421	5428	-1	6
k141_4117	5664	6098	1	7
k141_4117	6276	8069	-1	8
k141_4117	8263	9465	1	9
k141_4117	9476	10372	1	10
k141_4117	10590	11198	-1	11
k141_4117	11357	12778	1	12
k141_4117	12786	12977	-1	13
k141_4117	13218	14891	1	14
k141_4117	14895	15305	-1	15
k141_4117	15479	17146	1	16
k141_4117	17239	18027	1	17
k141_4117	18009	19214	1	18
k141_4117	19211	20125	1	19
k141_4117	20125	20778	1	20
k141_4117	20845	21453	1	21
k141_4117	21528	22637	1	22
k141_4117	22644	24566	-1	23
k141_4117	24686	25339	-1	24
k141_4117	25339	25776	-1	25
k141_4117	25773	26300	-1	26
k141_4117	26297	28366	-1	27
k141_4117	28379	28840	-1	28
k141_4117	28837	28977	-1	29
k141_4117	28977	29732	-1	30
k141_4117	29829	30896	-1	31
k141_4117	31272	31907	1	32
k141_4117	31895	32449	1	33
k141_4117	32525	32749	-1	34
k141_4117	32843	33322	-1	35
k141_4117	33356	34042	-1	36
k141_4117	34042	36780	-1	37
k141_4117	37012	38136	-1	38
k141_4117	38129	39292	-1	39
k141_4117	39308	40081	-1	40
k141_4117	40068	40745	-1	41
k141_4117	40764	41321	-1	42
k141_4117	41325	42044	-1	43
k141_4117	42412	43290	1	44
k141_4117	43381	44064	1	45
k141_4117	44012	44479	1	46
k141_4117	44574	45500	-1	47
k141_4117	45606	46358	-1	48
k141_4117	46655	46915	1	49
k141_4117	46896	47777	-1	50
k141_4117	47812	48564	-1	51
k141_4117	48714	49790	1	52
k141_4117	49751	50917	-1	53
k141_4117	51429	51635	-1	54
k141_4117	52195	52668	-1	55
k141_4117	52746	53345	1	56
k141_5374	2	172	1	1
k141_5374	193	927	1	2
k141_5374	941	1447	-1	3
k141_5374	1475	1762	-1	4
k141_5374	2133	2378	1	5
k141_5374	2602	3264	1	6
k141_5374	3983	4384	1	7
k141_5374	4922	8527	-1	8
k141_5374	8773	9297	-1	9
k141_5374	11455	11751	1	10
k141_5374	11828	12775	1	11
k141_5374	13258	13605	1	12
k141_5374	13803	15134	1	13
k141_5374	15131	15523	1	14
k141_5374	15719	16948	-1	15
k141_5374	16926	17954	-1	16
k141_5374	17954	18652	-1	17
k141_5374	18842	20302	1	18
k141_5374	20451	22298	1	19
k141_5374	22310	23734	1	20
k141_5374	23818	25557	1	21
k141_5374	25586	29125	1	22
k141_5374	29118	29828	1	23
k141_5374	29825	30778	1	24
k141_5374	30769	31773	1	25
k141_5374	31757	33124	-1	26
k141_5374	33394	34374	1	27
k141_5374	34407	34892	1	28
k141_5374	34991	36073	1	29
k141_5374	36097	41334	1	30
k141_5374	41334	43604	1	31
k141_5374	43609	44142	-1	32
k141_5374	44182	45015	1	33
k141_5374	45080	46060	1	34
k141_5374	46065	46544	-1	35
k141_5374	46567	47019	-1	36
k141_5374	47103	48083	-1	37
k141_5374	48313	49524	1	38
k141_5374	49537	50958	-1	39
k141_5374	51055	52245	1	40
k141_5374	52245	52880	1	41
k141_5374	52899	53972	-1	42
k141_5374	54046	54606	1	43
k141_5374	54805	56010	1	44
k141_5374	56011	56388	-1	45
k141_5374	56622	57842	1	46
k141_5374	57839	58531	-1	47
k141_5374	58613	59470	-1	48
k141_5374	59551	60780	-1	49
k141_5374	60777	62162	-1	50
k141_5374	62181	63533	-1	51
k141_5374	63569	64897	-1	52
k141_5374	64884	66260	-1	53
k141_5374	66442	67110	1	54
k141_5374	67127	68275	1	55
k141_5374	68287	68976	1	56
k141_5374	68973	69683	1	57
k141_5374	69680	70348	1	58
k141_5374	70422	72971	1	59
k141_5374	73070	73384	1	60
k141_5374	73450	73980	1	61
k141_5374	74111	74410	1	62
k141_5374	74415	75323	-1	63
k141_5374	75320	76009	-1	64
k141_5374	76023	76853	-1	65
k141_5374	76902	78470	1	66
k141_5374	78764	79183	1	67
k141_5374	79216	79626	1	68
k141_5374	79821	81254	1	69
k141_5374	81336	82364	1	70
k141_5374	82429	83784	1	71
k141_5374	83837	84865	1	72
k141_5374	84862	85584	1	73
k141_5374	85753	86379	1	74
k141_5374	86379	86606	1	75
k141_5374	86677	88209	1	76
k141_5374	88502	88942	1	77
k141_5374	88989	91238	1	78
k141_5374	91235	91486	1	79
k141_5374	91546	92271	1	80
k141_5374	92387	92824	1	81
k141_5374	92904	94964	1	82
k141_5374	95184	95465	1	83
k141_5374	95559	95957	1	84
k141_5374	95964	96512	-1	85
k141_5374	96513	97283	-1	86
k141_5374	97287	98405	-1	87
k141_5374	98396	98962	-1	88
k141_5374	99001	99204	1	89
k141_5374	99201	101081	1	90
k141_5374	101087	101974	1	91
k141_5374	101984	102940	1	92
k141_5374	103033	104523	1	93
k141_5374	104647	104808	-1	94
k141_5374	104931	105113	-1	95
k141_5374	105226	105627	1	96
k141_5374	105819	106268	-1	97
k141_5374	106326	106817	1	98
k141_5374	106979	107593	1	99
k141_5374	107790	108269	-1	100
k141_5374	108423	109841	1	101
k141_5374	109959	112295	1	102
k141_5374	112292	112759	1	103
k141_5374	112756	113778	1	104
k141_5374	113775	114491	1	105
k141_5374	114484	117519	1	106
k141_5374	117516	121019	1	107
k141_5374	121071	121391	1	108
k141_5374	121414	122247	-1	109
k141_5374	122228	122662	-1	110
k141_5374	122680	123906	-1	111
k141_5374	124448	127204	1	112
k141_5374	127227	127841	-1	113
k141_5374	127906	128655	1	114
k141_5374	128663	129085	-1	115
k141_5374	129175	129330	-1	116
k141_5374	129870	130709	-1	117
k141_5374	130908	131786	1	118
k141_5374	131793	132704	-1	119
k141_5374	132760	136269	-1	120
k141_5374	136308	136502	-1	121
k141_5374	136754	138829	1	122
k141_5374	138832	139515	1	123
k141_5374	139512	139937	-1	124
k141_5374	140073	141887	1	125
k141_5374	141891	143255	-1	126
k141_5374	143338	143520	-1	127
k141_5374	143659	144432	-1	128
k141_5374	144510	144983	1	129
k141_5374	144987	146123	-1	130
k141_5374	146318	147829	-1	131
k141_5374	148046	151351	1	132
k141_5374	151467	152477	1	133
k141_5374	152452	153546	1	134
k141_5374	153548	154744	1	135
k141_5374	154871	157288	1	136
k141_5374	157396	158991	1	137
k141_5374	159239	160174	1	138
k141_5374	160262	161575	1	139
k141_5374	161572	162630	1	140
k141_5374	162637	163932	1	141
k141_5374	163968	164540	1	142
k141_5374	164602	164724	-1	143
k141_5374	164721	166193	-1	144
k141_5374	166313	166639	1	145
k141_5374	166636	167163	1	146
k141_5374	167160	167393	-1	147
k141_5374	167398	167976	-1	148
k141_5374	168248	168826	-1	149
k141_5374	168826	169053	-1	150
k141_5374	169312	171303	1	151
k141_5374	171330	172337	1	152
k141_5374	172351	173550	1	153
k141_5374	173502	173981	1	154
k141_5374	174009	174659	1	155
k141_5374	174659	175120	1	156
k141_5374	175211	176101	1	157
k141_5374	176108	176524	-1	158
k141_5374	176655	177296	1	159
k141_5374	177309	177407	1	160
k141_5374	177427	177831	-1	161
k141_5374	178023	178586	1	162
k141_5374	178593	179411	1	163
k141_5374	179563	180639	-1	164
k141_5374	180778	181338	1	165
k141_5374	181388	182212	1	166
k141_5374	182216	183298	-1	167
k141_5374	183383	185182	1	168
k141_5374	185389	186750	1	169
k141_5374	186823	186996	-1	170
k141_5374	187009	188607	-1	171
k141_5374	188762	190093	1	172
k141_5374	190239	191624	1	173
k141_5374	191624	193750	1	174
k141_5374	193747	195117	1	175
k141_5374	195110	196576	1	176
k141_5374	196615	197586	1	177
k141_5374	197571	198443	-1	178
k141_5374	198580	200010	1	179
k141_5374	200127	200996	1	180
k141_5374	201109	202506	1	181
k141_5374	202579	203157	-1	182
k141_5374	203370	204632	1	183
k141_5374	204632	206092	1	184
k141_5374	206094	209678	1	185
k141_5374	209681	210421	1	186
k141_5374	210426	211115	-1	187
k141_5374	211154	211822	-1	188
k141_5374	211822	212613	-1	189
k141_5374	212610	213875	-1	190
k141_5374	213868	215250	-1	191
k141_5374	215389	216654	-1	192
k141_5374	216943	218649	-1	193
k141_5374	218813	219295	1	194
k141_5374	219805	220227	1	195
k141_5374	220399	220773	1	196
k141_5374	220778	221782	-1	197
k141_5374	221834	222877	-1	198
k141_5374	223174	225174	1	199
k141_5374	225171	226841	-1	200
k141_5374	227034	227513	-1	201
k141_5374	227582	228730	-1	202
k141_5374	229022	229618	-1	203
k141_5374	229647	229997	-1	204
k141_5374	230038	231057	-1	205
k141_5374	231103	231618	-1	206
k141_5374	231615	231821	-1	207
k141_5374	231821	233545	-1	208
k141_5374	233836	234795	-1	209
k141_5374	234857	235681	1	210
k141_5374	235678	237567	1	211
k141_5374	237695	238522	1	212
k141_5374	238527	239213	-1	213
k141_5374	239361	240176	1	214
k141_5374	240184	240585	-1	215
k141_5374	240587	240925	-1	216
k141_5374	240910	243162	-1	217
k141_5374	243185	243853	-1	218
k141_5374	243884	244288	-1	219
k141_5374	244353	244622	1	220
k141_5374	244609	245538	1	221
k141_5374	245535	245900	1	222
k141_5374	245897	246409	1	223
k141_5374	246502	247230	1	224
k141_5374	247271	248308	1	225
k141_5374	248320	249267	1	226
k141_5374	249267	250034	1	227
k141_5374	250031	251152	1	228
k141_5374	251188	253206	1	229
k141_5374	253247	253549	1	230
k141_5374	253546	254181	-1	231
k141_5374	254290	254904	-1	232
k141_5374	255082	255369	-1	233
k141_5374	255450	256196	-1	234
k141_5374	256196	256669	-1	235
k141_5374	256685	257995	-1	236
k141_5374	257992	258507	-1	237
k141_5374	258639	259316	1	238
k141_5374	259330	260235	-1	239
k141_5374	260257	262278	-1	240
k141_5374	262386	264227	-1	241
k141_5374	264318	264770	-1	242
k141_5374	264915	266099	1	243
k141_5374	266099	266629	1	244
k141_5374	266629	269952	1	245
k141_5374	270087	270554	1	246
k141_5374	270556	271056	-1	247
k141_5374	271079	271309	-1	248
k141_5374	271397	271963	-1	249
k141_5374	271956	272309	-1	250
k141_5374	272306	272758	-1	251
k141_5374	272786	273373	-1	252
k141_5374	273558	274847	1	253
k141_5374	274962	275528	-1	254
k141_5374	275764	275988	-1	255
k141_5374	276131	276550	-1	256
k141_5374	276556	277806	-1	257
k141_5374	278044	278394	-1	258
k141_5374	278614	279324	1	259
k141_5374	279321	280442	-1	260
k141_5374	280439	282559	-1	261
k141_5374	282556	283116	-1	262
k141_5374	283113	284018	-1	263
k141_5374	284079	285122	-1	264
k141_5374	285304	287157	1	265
k141_5374	287166	288095	1	266
k141_5374	288127	288921	-1	267
k141_5374	288991	290091	-1	268
k141_5374	290164	291156	-1	269
k141_5374	291194	291838	-1	270
k141_5374	291835	292401	-1	271
k141_5374	292492	292905	1	272
k141_5374	292987	293676	-1	273
k141_5374	293948	294868	-1	274
k141_5374	294937	295560	-1	275
k141_5374	295547	295741	-1	276
k141_5374	295738	296223	-1	277
k141_5374	296220	296702	-1	278
k141_5374	296699	297088	-1	279
k141_5374	297136	297534	-1	280
k141_5374	297557	297688	-1	281
k141_5374	297792	298148	-1	282
k141_5374	298385	299338	1	283
k141_5374	299338	301542	1	284
k141_5374	301597	304260	1	285
k141_5374	304257	305012	-1	286
k141_5374	305069	305902	1	287
k141_5374	306197	306652	1	288
k141_5374	306685	307134	1	289
k141_5374	307213	309018	1	290
k141_5374	309126	309902	-1	291
k141_5374	310046	311386	-1	292
k141_5374	311434	312132	-1	293
k141_5374	312129	313046	-1	294
k141_5374	313048	314358	-1	295
k141_5374	314441	314779	-1	296
k141_5374	314898	316124	-1	297
k141_5374	316205	316723	1	298
k141_5374	316723	317931	1	299
k141_5374	317920	318369	-1	300
k141_5374	318366	318965	-1	301
k141_5374	319211	319696	-1	302
k141_5374	319776	320429	-1	303
k141_5374	320436	321620	-1	304
k141_5374	321875	323275	1	305
k141_5374	323300	324409	-1	306
k141_5374	324479	325345	-1	307
k141_5374	325439	326749	-1	308
k141_5374	326798	327373	-1	309
k141_5374	327370	327903	-1	310
k141_5374	327964	328344	-1	311
k141_5374	328337	330313	-1	312
k141_5374	330399	331577	-1	313
k141_5374	331604	332476	1	314
k141_5374	332473	332829	1	315
k141_5374	332838	333791	1	316
k141_5374	333784	334239	1	317
k141_5374	334236	335147	-1	318
k141_5374	335144	336295	-1	319
k141_5374	336338	336883	1	320
k141_5374	336880	337509	-1	321
k141_5374	337506	338219	-1	322
k141_5374	338314	339363	1	323
k141_5374	339382	339993	1	324
k141_5374	340129	340608	1	325
k141_5374	340704	341501	1	326
k141_5374	341514	342182	-1	327
k141_5374	342286	342858	-1	328
k141_5374	342855	343382	-1	329
k141_5374	343405	343896	-1	330
k141_5374	344076	346010	1	331
k141_5374	346085	347239	1	332
k141_5374	347298	348212	1	333
k141_5374	348232	350571	-1	334
k141_5374	350643	352010	1	335
k141_5374	352024	352551	1	336
k141_5374	352548	352982	1	337
k141_5374	353037	354671	1	338
k141_5374	354649	355695	1	339
k141_5374	355797	356390	1	340
k141_5374	356404	357948	1	341
k141_5374	357984	358592	1	342
k141_5374	358634	360043	1	343
k141_5374	360095	362422	1	344
k141_5374	362472	362987	1	345
k141_5374	363004	363456	-1	346
k141_5374	363613	365022	1	347
k141_5374	365019	365453	1	348
k141_5374	365456	365851	1	349
k141_5374	365844	366215	1	350
k141_5374	366392	367804	1	351
k141_5374	367804	368019	1	352
k141_5374	368012	368170	1	353
k141_5374	368182	369096	1	354
k141_5374	369093	369821	1	355
k141_5374	369891	370943	1	356
k141_5374	370963	372150	1	357
k141_5374	372147	372791	1	358
k141_5374	372788	373762	1	359
k141_5374	373749	375320	1	360
k141_5374	375320	376096	1	361
k141_5374	376105	376875	1	362
k141_5374	376872	377060	1	363
k141_5374	377119	377901	1	364
k141_5374	377910	379208	-1	365
k141_5374	379226	379825	-1	366
k141_5374	380001	381389	-1	367
k141_5374	381442	383706	-1	368
k141_5374	383777	385198	-1	369
k141_5374	385209	386300	-1	370
k141_5374	386315	387355	-1	371
k141_5374	387392	388597	1	372
k141_5374	388628	389164	1	373
k141_5374	389161	389673	1	374
k141_5374	389634	390095	-1	375
k141_5374	390095	391051	-1	376
k141_5374	391111	392097	1	377
k141_5374	392094	392405	1	378
k141_5374	392434	393084	1	379
k141_5374	393146	393874	1	380
k141_5374	393950	395332	-1	381
k141_5374	395678	398482	1	382
k141_5374	398479	399312	1	383
k141_5374	399328	399996	-1	384
k141_5374	400114	400950	1	385
k141_5374	401001	402371	1	386
k141_5374	402368	402832	-1	387
k141_5374	402883	403455	-1	388
k141_5374	403488	404873	-1	389
k141_5374	404877	405968	-1	390
k141_5374	406142	406441	-1	391
k141_5374	406585	407769	-1	392
k141_5374	407865	408728	1	393
k141_5374	408792	409703	1	394
k141_5374	409766	410908	1	395
k141_5374	411052	411522	-1	396
k141_5374	411532	412347	-1	397
k141_5374	412357	412620	-1	398
k141_5374	412798	413283	1	399
k141_5374	413753	415390	-1	400
k141_5374	415496	415870	-1	401
k141_5374	415956	416720	-1	402
k141_5374	416944	418878	1	403
k141_5374	418905	420443	1	404
k141_5374	420440	421282	1	405
k141_5374	421279	422250	1	406
k141_5374	422255	422857	1	407
k141_5374	422854	423846	1	408
k141_5374	423843	424631	1	409
k141_5374	424799	425275	1	410
k141_5374	425272	426459	1	411
k141_5374	426674	427363	1	412
k141_5374	427383	429644	-1	413
k141_5374	429710	431113	1	414
k141_5374	431169	432452	1	415
k141_5374	432484	433881	-1	416
k141_5374	433892	434860	-1	417
k141_5374	434902	436113	-1	418
k141_5374	436227	436550	-1	419
k141_5374	436622	439192	1	420
k141_5374	439200	439487	-1	421
k141_5374	439487	441154	-1	422
k141_5374	441164	441967	-1	423
k141_5374	441995	442720	-1	424
k141_5374	442717	444195	-1	425
k141_5374	444195	445733	-1	426
k141_5374	445749	447758	-1	427
k141_5374	447765	448070	-1	428
k141_5374	448067	448690	-1	429
k141_5374	448718	449206	-1	430
k141_5374	449221	450285	-1	431
k141_5374	450282	452324	-1	432
k141_5374	452293	452964	-1	433
k141_5374	452961	454253	-1	434
k141_5374	454243	454428	-1	435
k141_5374	454425	454604	-1	436
k141_5374	454604	455272	-1	437
k141_5374	455755	456966	-1	438
k141_5374	456963	457727	-1	439
k141_5374	457740	458345	-1	440
k141_5374	458342	458716	-1	441
k141_5374	458847	460091	-1	442
k141_5374	460088	461518	-1	443
k141_5374	461660	462856	1	444
k141_5374	462861	463361	-1	445
k141_5374	463443	464477	1	446
k141_5374	464469	465182	-1	447
k141_5374	465179	465634	-1	448
k141_5374	465637	466425	-1	449
k141_5374	466437	467666	-1	450
k141_5374	467676	468185	-1	451
k141_5374	468305	469021	-1	452
k141_5374	469021	470148	-1	453
k141_5374	470221	472728	-1	454
k141_5374	472803	473687	-1	455
k141_5374	474117	476861	1	456
k141_5374	476925	477560	-1	457
k141_5374	477715	478731	1	458
k141_5374	478816	479100	1	459
k141_5374	479104	479838	-1	460
k141_5374	480097	480879	1	461
k141_5374	480891	481352	1	462
k141_5374	481358	482464	1	463
k141_5374	482461	483384	-1	464
k141_5374	483612	485510	-1	465
k141_5374	485527	486567	-1	466
k141_5374	486557	487777	-1	467
k141_5374	487790	488851	-1	468
k141_5374	488851	489762	-1	469
k141_5374	489766	490941	-1	470
k141_5374	490965	492602	-1	471
k141_5374	492605	493567	-1	472
k141_5374	493578	495098	-1	473
k141_5374	495117	495758	-1	474
k141_5374	495944	497176	-1	475
k141_5374	497173	498720	-1	476
k141_5374	498751	499770	1	477
k141_5374	499839	500189	1	478
k141_5374	500214	500897	1	479
k141_5374	500894	501673	1	480
k141_5374	501670	502878	-1	481
k141_5374	502875	504263	-1	482
k141_5374	504256	504633	-1	483
k141_5374	504614	506329	-1	484
k141_5374	506372	507094	-1	485
k141_5374	507091	507900	-1	486
k141_5374	507897	508322	-1	487
k141_5374	508369	510015	-1	488
k141_5374	510109	510897	1	489
k141_5374	510876	512669	1	490
k141_5374	512682	513212	1	491
k141_5374	513380	514480	1	492
k141_5374	514492	515007	-1	493
k141_5374	515116	515550	-1	494
k141_5374	515554	517164	-1	495
k141_5374	517252	520752	-1	496
k141_5374	520832	521311	-1	497
k141_5374	521314	521847	-1	498
k141_5374	521941	522219	-1	499
k141_5374	522270	522944	-1	500
k141_5374	522937	524175	-1	501
k141_5374	524405	525907	1	502
k141_5374	525922	526647	1	503
k141_5374	526821	527168	1	504
k141_5374	527184	528371	-1	505
k141_5374	528401	529648	-1	506
k141_5374	529682	531070	-1	507
k141_5374	531085	532062	-1	508
k141_5374	532067	532453	-1	509
k141_5374	532554	533501	1	510
k141_5374	533498	533983	1	511
k141_5374	533980	534660	-1	512
k141_5374	534675	535169	-1	513
k141_5374	535225	536403	-1	514
k141_5374	536640	538094	-1	515
k141_5374	538194	539687	-1	516
k141_5374	539698	540465	-1	517
k141_5374	540589	541443	1	518
k141_5374	541455	542003	1	519
k141_5374	542097	543803	-1	520
k141_5374	543800	544255	-1	521
k141_5374	544321	545115	1	522
k141_5374	545112	546671	1	523
k141_5374	546675	547646	-1	524
k141_5374	547837	547995	1	525
k141_5374	548000	548743	-1	526
k141_5374	548744	550600	-1	527
k141_5374	550600	550986	-1	528
k141_5374	550986	551336	-1	529
k141_5374	551501	552211	1	530
k141_5374	552201	553214	1	531
k141_5374	553225	554127	1	532
k141_5374	554114	554812	1	533
k141_5374	554900	555571	1	534
k141_5374	555568	556065	-1	535
k141_5374	556065	558122	-1	536
k141_5374	558135	558608	-1	537
k141_5374	558608	560275	-1	538
k141_5374	560428	563397	1	539
k141_5374	563394	564050	-1	540
k141_5374	564059	564928	-1	541
k141_5374	565395	567041	-1	542
k141_5374	567223	567948	1	543
k141_5374	567988	569805	-1	544
k141_5374	569904	572075	-1	545
k141_5374	572243	574432	-1	546
k141_5374	574646	576343	1	547
k141_5374	576466	577320	1	548
k141_5374	577317	578219	-1	549
k141_5374	578304	580070	1	550
k141_5374	580067	580897	1	551
k141_5374	580894	581988	-1	552
k141_5374	582026	582676	-1	553
k141_5374	582684	583106	-1	554
k141_5374	583106	584233	-1	555
k141_5374	584409	585158	-1	556
k141_5374	585170	585640	-1	557
k141_5374	585585	587540	-1	558
k141_5374	587613	588548	-1	559
k141_5374	588576	589439	-1	560
k141_5374	589463	590887	1	561
k141_5374	590884	591168	1	562
k141_5374	591178	592743	1	563
k141_5374	592740	593381	-1	564
k141_5374	593381	594337	-1	565
k141_5374	594533	594898	1	566
k141_5374	594898	595122	1	567
k141_5374	595136	595822	1	568
k141_5374	595952	597406	1	569
k141_5374	597573	597719	1	570
k141_5374	597719	599224	1	571
k141_5374	599235	599777	-1	572
k141_5374	599858	600583	-1	573
k141_5374	600583	601488	-1	574
k141_5374	601485	601949	-1	575
k141_5374	601975	602997	-1	576
k141_5374	603095	604981	-1	577
k141_5374	605085	605852	-1	578
k141_5374	605840	606283	-1	579
k141_5374	606280	606930	-1	580
k141_5374	606950	607501	-1	581
k141_5374	607501	608526	-1	582
k141_5374	608605	609462	1	583
k141_5374	609464	611620	-1	584
k141_5374	611911	612279	-1	585
k141_5374	612276	613016	-1	586
k141_5374	613070	613360	-1	587
k141_5374	613350	614306	-1	588
k141_5374	614303	614593	-1	589
k141_5374	614666	615484	-1	590
k141_5374	615484	616056	-1	591
k141_5374	616065	616607	-1	592
k141_5374	616626	617210	-1	593
k141_5374	617260	618756	-1	594
k141_5374	619051	619395	-1	595
k141_5374	619549	620868	1	596
k141_5374	620900	621337	1	597
k141_5374	621342	621617	1	598
k141_5374	621614	622252	1	599
k141_5374	622259	622822	-1	600
k141_5374	623346	625055	1	601
k141_5374	625136	625906	1	602
k141_5374	625913	626893	1	603
k141_5374	626971	627486	-1	604
k141_5374	627479	627973	-1	605
k141_5374	628064	628291	-1	606
k141_5374	628342	629130	-1	607
k141_5374	629187	629519	-1	608
k141_5374	629540	630157	1	609
k141_5374	629967	630359	-1	610
k141_5374	630398	630658	-1	611
k141_5374	630655	633990	-1	612
k141_5374	634025	634768	1	613
k141_5374	634765	636972	-1	614
k141_5374	637044	638426	1	615
k141_5374	638524	638931	1	616
k141_5374	638928	639602	1	617
k141_5374	639612	640079	-1	618
k141_5374	640185	640811	1	619
k141_5374	640881	641330	-1	620
k141_5374	641560	642771	1	621
k141_5374	643343	644134	1	622
k141_5374	644131	644994	1	623
k141_5374	645014	646330	1	624
k141_5374	646327	648153	-1	625
k141_5374	648225	649388	1	626
k141_5374	649423	650202	1	627
k141_5374	650199	650753	1	628
k141_5374	650757	651152	-1	629
k141_5374	651442	651735	-1	630
k141_5374	651911	654214	1	631
k141_5374	654446	654973	1	632
k141_5374	654992	656437	-1	633
k141_5374	656581	657183	-1	634
k141_5374	657332	658780	1	635
k141_5374	658906	659703	1	636
k141_5374	659999	661153	-1	637
k141_5374	661241	661642	1	638
k141_5374	662225	664318	1	639
k141_5374	664290	665039	1	640
k141_5374	666106	666801	1	641
k141_5374	666932	668152	1	642
k141_5374	668253	669896	1	643
k141_5374	669960	671693	1	644
k141_5374	671757	671942	1	645
k141_5374	671946	674540	-1	646
k141_5374	674587	675732	1	647
k141_5374	675742	676236	1	648
k141_5374	676422	677486	-1	649
k141_5374	677646	679265	-1	650
k141_5374	679282	680814	-1	651
k141_5374	680925	683369	-1	652
k141_5374	683481	684086	-1	653
k141_5374	684252	684734	-1	654
k141_5374	684822	685880	1	655
k141_5374	685877	686758	-1	656
k141_5374	686865	688829	1	657
k141_5374	688839	689321	1	658
k141_5374	689314	689790	1	659
k141_5374	689790	690179	1	660
k141_5374	690240	691481	1	661
k141_5374	691556	692530	1	662
k141_5374	692595	693179	1	663
k141_5374	693193	693891	1	664
k141_5374	693896	694501	1	665
k141_5374	694666	695337	1	666
k141_5374	695451	695984	1	667
k141_5374	696098	696874	1	668
k141_5374	696871	697563	1	669
k141_5374	697556	698305	1	670
k141_5374	698316	698756	-1	671
k141_5374	698845	700176	1	672
k141_5374	700180	701529	-1	673
k141_5374	701678	702901	1	674
k141_5374	703914	704522	1	675
k141_5374	704611	705465	1	676
k141_5374	705462	705914	-1	677
k141_5374	705908	706909	-1	678
k141_5374	707117	708262	1	679
k141_5374	708252	708776	1	680
k141_5374	708805	708975	-1	681
k141_5374	709149	710273	1	682
k141_5374	710266	710685	1	683
k141_5374	710724	713645	-1	684
k141_5374	713748	716393	-1	685
k141_5374	716655	717008	1	686
k141_5374	717408	718250	1	687
k141_5374	718654	719400	-1	688
k141_5374	719400	720359	-1	689
k141_5374	720356	721159	-1	690
k141_5374	721350	722573	1	691
k141_5374	722798	723133	1	692
k141_5374	723234	725219	1	693
k141_5374	725517	726479	1	694
k141_5374	726565	726948	1	695
k141_5374	726979	727869	1	696
k141_5374	727913	730759	1	697
k141_5374	730811	732049	1	698
k141_5374	732089	732628	1	699
k141_5374	732621	734039	1	700
k141_5374	734108	735466	1	701
k141_5374	735471	736163	1	702
k141_5374	736160	736813	1	703
k141_5374	736823	737629	-1	704
k141_5374	737802	738353	-1	705
k141_5374	738504	739916	-1	706
k141_5374	740038	740466	-1	707
k141_5374	740547	741602	-1	708
k141_5374	741729	742118	-1	709
k141_5374	742180	742548	-1	710
k141_5374	742921	743265	1	711
k141_5374	743262	743702	1	712
k141_5374	743716	744468	-1	713
k141_5374	744535	745182	-1	714
k141_5374	745257	746621	-1	715
k141_5374	746774	747259	-1	716
k141_5374	747332	747508	-1	717
k141_5374	747515	748318	-1	718
k141_5374	748321	748665	-1	719
k141_5374	748667	749200	-1	720
k141_5374	749200	749595	-1	721
k141_5374	749607	749912	-1	722
k141_5374	749956	750534	-1	723
k141_5374	750527	750847	-1	724
k141_5374	750850	751218	-1	725
k141_5374	751276	751578	-1	726
k141_5374	751589	751795	-1	727
k141_5374	751795	752229	-1	728
k141_5374	752241	752936	-1	729
k141_5374	752940	753317	-1	730
k141_5374	753317	753592	-1	731
k141_5374	753599	754435	-1	732
k141_5374	754435	754746	-1	733
k141_5374	754739	755362	-1	734
k141_5374	755366	756193	-1	735
k141_5374	756451	756762	-1	736
k141_5374	757077	758252	-1	737
k141_5374	758344	760476	-1	738
k141_5374	760590	761060	-1	739
k141_5374	761203	761574	-1	740
k141_5374	762078	762677	1	741
k141_5374	762840	764273	-1	742
k141_5374	764482	764637	-1	743
k141_5374	764854	765084	1	744
k141_5374	765509	766198	1	745
k141_5374	766178	766693	-1	746
k141_5374	766686	767489	-1	747
k141_5374	767570	767983	-1	748
k141_5374	768082	768705	-1	749
k141_5374	768702	769220	-1	750
k141_5374	769243	770169	1	751
k141_5374	770244	771464	1	752
k141_5374	771531	772616	-1	753
k141_5374	772613	773671	-1	754
k141_5374	773679	774299	-1	755
k141_5374	774374	776206	-1	756
k141_5374	776271	777794	-1	757
k141_5374	778528	779745	-1	758
k141_5374	779757	780329	-1	759
k141_5374	780407	780814	1	760
k141_5374	780857	782182	1	761
k141_5374	782179	783270	-1	762
k141_5374	783307	784371	-1	763
k141_5374	784385	784984	-1	764
k141_5374	784995	786989	-1	765
k141_5374	787089	787337	-1	766
k141_5374	787371	787919	-1	767
k141_5374	788165	788791	1	768
k141_5374	788739	789491	-1	769
k141_5374	789526	790095	1	770
k141_5374	790721	791797	1	771
k141_5374	791797	792159	1	772
k141_5374	792204	793139	1	773
k141_5374	793132	793794	1	774
k141_5374	793834	794265	1	775
k141_5374	794376	795089	1	776
k141_5374	794936	796087	-1	777
k141_5374	796127	798196	-1	778
k141_5374	798257	799267	-1	779
k141_5374	799363	800223	1	780
k141_5374	800259	801641	1	781
k141_5374	801895	802659	-1	782
k141_5374	802737	803693	-1	783
k141_5374	803736	804722	-1	784
k141_5374	804722	805978	-1	785
k141_5374	806069	807130	-1	786
k141_5374	807254	808630	-1	787
k141_5374	808745	811786	-1	788
k141_5374	811811	812449	1	789
k141_5374	812477	813085	1	790
k141_5374	813141	813755	1	791
k141_5374	813752	814234	1	792
k141_5374	814386	814826	1	793
k141_5374	814978	815400	1	794
k141_5374	815414	816346	1	795
k141_5374	816350	817234	-1	796
k141_5374	817332	818300	-1	797
k141_5374	818305	818808	-1	798
k141_5374	819129	819707	1	799
k141_5374	819727	820770	-1	800
k141_5374	820887	822221	-1	801
k141_5374	822261	823184	-1	802
k141_5374	823560	824021	-1	803
k141_5374	824123	825571	1	804
k141_5374	825597	826361	1	805
k141_5374	826404	826793	1	806
k141_5374	826859	827104	1	807
k141_5374	827160	828050	-1	808
k141_5374	828062	828871	-1	809
k141_5374	828868	829557	-1	810
k141_5374	829554	830444	-1	811
k141_5374	830441	831778	-1	812
k141_5374	831942	832163	1	813
k141_5374	832160	833191	-1	814
k141_5374	833206	833781	1	815
k141_5374	833778	834548	1	816
k141_5374	834689	835438	1	817
k141_5374	835462	838884	1	818
k141_5374	838913	839347	-1	819
k141_5374	839384	839683	-1	820
k141_5374	839818	840795	-1	821
k141_5374	840792	841898	-1	822
k141_5374	841927	842109	-1	823
k141_5374	842345	842743	1	824
k141_5374	842765	843433	-1	825
k141_5374	843760	844407	-1	826
k141_5374	844576	844821	1	827
k141_5374	844811	845251	1	828
k141_5374	845379	846755	-1	829
k141_5374	846806	848464	-1	830
k141_5374	848670	849608	-1	831
k141_5374	849605	850228	-1	832
k141_5374	850225	851655	-1	833
k141_5374	851826	852362	1	834
k141_5374	852369	853031	-1	835
k141_5374	853174	854346	1	836
k141_5374	854476	854826	-1	837
k141_5374	854826	856670	-1	838
k141_5374	856739	857392	-1	839
k141_5374	857492	858187	-1	840
k141_5374	858246	860411	1	841
k141_5374	860446	862011	1	842
k141_5374	862014	862904	-1	843
k141_5374	863053	863685	1	844
k141_5374	863710	864948	-1	845
k141_5374	865308	866357	-1	846
k141_5374	866440	868029	1	847
k141_5374	868032	868139	1	848
k141_5374	868464	868598	1	849
k141_5374	868595	869422	-1	850
k141_5374	869694	870248	1	851
k141_5374	870261	871790	1	852
k141_5374	871823	872695	1	853
k141_5374	872708	873046	1	854
k141_5374	873083	874540	1	855
k141_5374	874561	874818	1	856
k141_5374	874948	877107	1	857
k141_5374	877341	877586	1	858
k141_5374	877704	878351	-1	859
k141_5374	878434	878715	-1	860
k141_5374	878703	879068	-1	861
k141_5374	879070	880422	-1	862
k141_5374	880482	881165	1	863
k141_5374	881298	882227	1	864
k141_5374	882282	882626	1	865
k141_5374	882699	883883	1	866
k141_5374	883891	884256	-1	867
k141_5374	884256	884978	-1	868
k141_5374	885022	885663	-1	869
k141_5374	885699	887006	-1	870
k141_5374	887077	888198	1	871
k141_5374	888191	889156	1	872
k141_5374	889170	890363	1	873
k141_5374	890360	891112	-1	874
k141_5374	891263	891685	-1	875
k141_5374	891813	892307	-1	876
k141_5374	892319	892801	-1	877
k141_5374	892860	893294	-1	878
k141_5374	893291	893710	-1	879
k141_5374	893707	893862	-1	880
k141_5374	893870	895327	-1	881
k141_5374	895471	897960	1	882
k141_5374	898154	899506	1	883
k141_5374	899515	900516	1	884
k141_5374	900509	901336	1	885
k141_5374	901503	901889	1	886
k141_5374	901886	902599	-1	887
k141_5374	902603	904699	-1	888
k141_5374	904826	906019	1	889
k141_5374	906016	907032	1	890
k141_5374	907029	908279	1	891
k141_5374	908410	908673	1	892
k141_5374	908670	909401	-1	893
k141_5374	909820	910314	-1	894
k141_5374	910394	910822	-1	895
k141_5374	911007	911621	1	896
k141_5374	911631	912551	1	897
k141_5374	912555	913229	1	898
k141_5374	913296	913865	1	899
k141_5374	913889	914677	1	900
k141_5374	914738	914950	-1	901
k141_5374	914947	915093	-1	902
k141_5374	915315	915425	-1	903
k141_5374	915669	916757	1	904
k141_5374	916754	917473	-1	905
k141_5374	917532	918269	1	906
k141_5374	918266	920803	1	907
k141_5374	920840	921712	-1	908
k141_5374	921810	922190	-1	909
k141_5374	922383	925013	-1	910
k141_5374	925333	925893	-1	911
k141_5374	926075	927919	1	912
k141_5374	927925	929550	-1	913
k141_5374	929931	930674	1	914
k141_5374	930671	930814	1	915
k141_5374	930910	932388	1	916
k141_5374	932455	932838	1	917
k141_5374	932996	933706	1	918
k141_5374	933849	934391	-1	919
k141_5374	934638	935387	-1	920
k141_5374	935415	936239	-1	921
k141_5374	936236	937180	-1	922
k141_5374	937180	938619	-1	923
k141_5374	938800	939360	-1	924
k141_5374	939449	941644	1	925
k141_5374	941641	942252	1	926
k141_5374	942235	944352	-1	927
k141_5374	944420	945643	1	928
k141_5374	945645	946547	-1	929
k141_5374	946682	947359	-1	930
k141_5374	947356	948294	-1	931
k141_5374	948339	949394	1	932
k141_5374	949391	950413	1	933
k141_5374	950458	951996	1	934
k141_5374	952324	953898	1	935
k141_5374	954013	954564	1	936
k141_5374	954645	954998	1	937
k141_5374	955092	956309	1	938
k141_5374	956589	957248	1	939
k141_5374	957245	958255	1	940
k141_5374	958259	959155	-1	941
k141_5374	959241	960323	-1	942
k141_5374	960473	961924	1	943
k141_5374	962307	963470	-1	944
k141_5374	963633	964400	-1	945
k141_5374	964372	966474	-1	946
k141_5374	966579	969641	-1	947
k141_5374	969644	975892	-1	948
k141_5374	975894	977552	-1	949
k141_5374	978084	978545	1	950
k141_5374	978567	979532	1	951
k141_5374	979507	981612	1	952
k141_5374	981632	982297	-1	953
k141_5374	982294	982740	-1	954
k141_5374	982778	983191	1	955
k141_5374	983278	985248	1	956
k141_5374	985299	985550	1	957
k141_5374	985607	987865	-1	958
k141_5374	987979	990033	1	959
k141_5374	990049	990801	-1	960
k141_5374	990806	991714	-1	961
k141_5374	991747	992880	-1	962
k141_5374	992883	993893	-1	963
k141_5374	993907	995157	-1	964
k141_5374	995154	995789	-1	965
k141_5374	995782	996702	-1	966
k141_5374	996699	997559	-1	967
k141_5374	997762	998244	1	968
k141_5374	998244	999278	1	969
k141_5374	999291	1001033	-1	970
k141_5374	1001062	1001334	-1	971
k141_5374	1001336	1002157	-1	972
k141_5374	1002154	1003029	-1	973
k141_5374	1003029	1004102	-1	974
k141_5374	1004105	1005190	-1	975
k141_5374	1005324	1007105	-1	976
k141_5374	1007125	1010199	-1	977
k141_5374	1010246	1016779	-1	978
k141_5374	1016984	1018177	-1	979
k141_5374	1018191	1019501	-1	980
k141_5374	1019518	1020408	-1	981
k141_5374	1020450	1021160	-1	982
k141_5374	1021157	1021960	-1	983
k141_5374	1021972	1023066	-1	984
k141_5374	1023063	1024259	-1	985
k141_5374	1024252	1025004	-1	986
k141_5374	1025037	1026137	-1	987
k141_5374	1026489	1027544	1	988
k141_5374	1027517	1028407	-1	989
k141_5374	1028468	1029550	1	990
k141_5374	1029914	1030231	1	991
k141_5374	1030275	1033076	1	992
k141_5374	1033248	1034558	1	993
k141_5374	1034585	1036702	1	994
k141_5374	1036699	1037853	1	995
k141_5374	1037891	1039975	-1	996
k141_5374	1040150	1041832	1	997
k141_5374	1041829	1043205	-1	998
k141_5374	1043202	1044752	-1	999
k141_5374	1045113	1046954	1	1000
k141_5374	1046951	1048606	1	1001
k141_5374	1048613	1049641	1	1002
k141_5374	1049643	1051163	1	1003
k141_5374	1051241	1054009	-1	1004
k141_5374	1054396	1055091	1	1005
k141_5374	1055110	1056612	1	1006
k141_5374	1056765	1057100	-1	1007
k141_5374	1057119	1057508	-1	1008
k141_5374	1057879	1058523	-1	1009
k141_5374	1058581	1059351	-1	1010
k141_5374	1059854	1060075	-1	1011
k141_5374	1060059	1060265	-1	1012
k141_5374	1060373	1060603	-1	1013
k141_5374	1060933	1062108	-1	1014
k141_5374	1062570	1062950	1	1015
k141_5374	1062984	1063556	1	1016
k141_5374	1063553	1064407	-1	1017
k141_5374	1064487	1065179	1	1018
k141_5374	1065246	1065773	1	1019
k141_5374	1065785	1066705	1	1020
k141_5374	1066722	1067003	1	1021
k141_5374	1067000	1067683	-1	1022
k141_5374	1067760	1070057	-1	1023
k141_5374	1070232	1070501	-1	1024
k141_5374	1070513	1071436	-1	1025
k141_5374	1071433	1072932	-1	1026
k141_5374	1073014	1075170	1	1027
k141_5374	1075167	1076657	1	1028
k141_5374	1076654	1077733	1	1029
k141_5374	1077730	1078770	1	1030
k141_5374	1078767	1079579	-1	1031
k141_5374	1079527	1080108	-1	1032
k141_5374	1080233	1081903	1	1033
k141_5374	1081935	1082525	1	1034
k141_5374	1082527	1083027	-1	1035
k141_5374	1083011	1083436	-1	1036
k141_5374	1083463	1084008	-1	1037
k141_5374	1084005	1084445	-1	1038
k141_5374	1084448	1084636	-1	1039
k141_5374	1084660	1087185	-1	1040
k141_5374	1087266	1088000	-1	1041
k141_5374	1087981	1089630	-1	1042
k141_5374	1089630	1090196	-1	1043
k141_5374	1090383	1090766	-1	1044
k141_5374	1090798	1091058	-1	1045
k141_5374	1091198	1092229	-1	1046
k141_5374	1092394	1092564	1	1047
k141_5374	1092569	1093573	1	1048
k141_5374	1093577	1093876	1	1049
k141_5374	1093873	1094253	1	1050
k141_5374	1094285	1094548	1	1051
k141_5374	1094579	1094893	1	1052
k141_5374	1094893	1095258	1	1053
k141_5374	1095255	1095620	1	1054
k141_5374	1095620	1095946	1	1055
k141_5374	1095946	1096218	1	1056
k141_5374	1096215	1096535	1	1057
k141_5374	1096532	1096789	1	1058
k141_5374	1096839	1097252	1	1059
k141_5374	1097257	1097604	1	1060
k141_5374	1097611	1098015	-1	1061
k141_5374	1098035	1098535	-1	1062
k141_5374	1098532	1099320	-1	1063
k141_5374	1099371	1099772	-1	1064
k141_5374	1099895	1101325	1	1065
k141_5374	1101306	1101524	1	1066
k141_5374	1101524	1102132	1	1067
k141_5374	1102139	1103137	1	1068
k141_5374	1103209	1103532	1	1069
k141_5374	1103539	1103772	1	1070
k141_5374	1103809	1104141	1	1071
k141_5374	1104437	1105273	1	1072
k141_5374	1105274	1108033	-1	1073
k141_5374	1108005	1108613	-1	1074
k141_5374	1108690	1110054	-1	1075
k141_5374	1110018	1110806	-1	1076
k141_5374	1110880	1111755	-1	1077
k141_5374	1112031	1112918	1	1078
k141_5374	1112915	1114450	-1	1079
k141_5374	1114447	1116675	-1	1080
k141_5374	1116737	1117789	-1	1081
k141_5374	1117806	1118930	-1	1082
k141_5374	1118968	1119813	-1	1083
k141_5374	1119813	1120991	-1	1084
k141_5374	1120988	1123438	-1	1085
k141_5374	1123475	1123783	-1	1086
k141_5374	1123791	1124093	-1	1087
k141_5374	1124111	1124764	-1	1088
k141_5374	1124942	1125349	-1	1089
k141_5374	1125670	1127232	1	1090
k141_5374	1127354	1130086	1	1091
k141_5374	1130112	1131134	-1	1092
k141_5374	1131338	1132078	-1	1093
k141_5374	1132089	1133231	-1	1094
k141_5374	1133321	1134139	-1	1095
k141_5374	1134245	1135282	-1	1096
k141_5374	1135342	1136361	-1	1097
k141_5374	1136394	1138082	1	1098
k141_5374	1138096	1139523	-1	1099
k141_5374	1139535	1140530	-1	1100
k141_5374	1140720	1141277	-1	1101
k141_5374	1141324	1141758	-1	1102
k141_5374	1141895	1142698	1	1103
k141_5374	1142702	1143304	-1	1104
k141_5374	1143304	1144593	-1	1105
k141_5374	1144627	1146765	-1	1106
k141_5374	1146811	1147872	-1	1107
k141_5374	1147886	1149811	-1	1108
k141_5374	1149811	1150428	-1	1109
k141_5374	1150433	1151377	-1	1110
k141_5374	1151395	1151844	-1	1111
k141_5374	1151880	1154144	-1	1112
k141_5374	1154141	1154626	-1	1113
k141_5374	1154703	1155041	1	1114
k141_5374	1155038	1156999	-1	1115
k141_5374	1157072	1159726	-1	1116
k141_5374	1159938	1160447	-1	1117
k141_5374	1160398	1161678	-1	1118
k141_5374	1161917	1163272	1	1119
k141_5374	1163348	1164352	-1	1120
k141_5374	1164462	1166987	1	1121
k141_5374	1166987	1167853	1	1122
k141_5374	1167864	1169702	1	1123
k141_5374	1169704	1170588	1	1124
k141_5374	1170731	1175176	-1	1125
k141_5374	1175176	1177119	-1	1126
k141_5374	1177123	1179072	-1	1127
k141_5374	1179074	1180471	-1	1128
k141_5374	1180869	1182599	1	1129
k141_5374	1182616	1185654	-1	1130
k141_5374	1185651	1192502	-1	1131
k141_5374	1192521	1194260	-1	1132
k141_5374	1194600	1195019	1	1133
k141_5374	1195016	1197322	1	1134
k141_5374	1197402	1198532	-1	1135
k141_5374	1198564	1199760	-1	1136
k141_5374	1199935	1201656	1	1137
k141_5374	1201678	1202952	-1	1138
k141_5374	1203003	1208042	-1	1139
k141_5374	1208961	1210043	-1	1140
k141_5374	1210211	1212217	-1	1141
k141_5374	1212538	1214127	-1	1142
k141_5374	1214382	1215608	1	1143
k141_5374	1215648	1216667	1	1144
k141_5374	1216864	1217745	-1	1145
k141_5374	1217762	1220119	-1	1146
k141_5374	1220241	1220888	1	1147
k141_5374	1221136	1223640	-1	1148
k141_5374	1224047	1224799	1	1149
k141_5374	1224799	1226598	1	1150
k141_5374	1226606	1227985	1	1151
k141_5374	1228194	1228802	-1	1152
k141_5374	1228875	1229750	1	1153
k141_5374	1229777	1230181	1	1154
k141_5374	1230310	1230534	1	1155
k141_5374	1231059	1231730	1	1156
k141_5374	1232335	1233366	1	1157
k141_5374	1233363	1233680	1	1158
k141_5374	1233689	1235509	-1	1159
k141_5374	1235655	1237745	-1	1160
k141_5374	1237801	1239708	1	1161
k141_5374	1239722	1240576	-1	1162
k141_5374	1240612	1241343	1	1163
k141_5374	1241442	1241960	1	1164
k141_5374	1242365	1243483	1	1165
k141_5374	1243658	1244797	1	1166
k141_5374	1244829	1246016	1	1167
k141_5374	1246120	1247553	1	1168
k141_5374	1247567	1248304	-1	1169
k141_5374	1248570	1249901	1	1170
k141_5374	1250032	1250871	1	1171
k141_5374	1250875	1251405	-1	1172
k141_5374	1251709	1252242	-1	1173
k141_5374	1252399	1252542	1	1174
k141_5374	1252601	1253125	-1	1175
k141_5374	1253189	1254598	-1	1176
k141_5374	1254601	1255398	-1	1177
k141_5374	1255412	1255861	-1	1178
k141_5374	1255861	1256574	-1	1179
k141_5374	1256575	1257030	-1	1180
k141_5374	1257133	1257513	-1	1181
k141_5374	1257513	1257833	-1	1182
k141_5374	1258044	1258826	-1	1183
k141_5374	1258823	1259080	-1	1184
k141_5374	1259077	1259805	-1	1185
k141_5374	1259802	1260428	-1	1186
k141_5374	1260421	1261026	-1	1187
k141_5374	1261116	1261682	1	1188
k141_5374	1261729	1262163	1	1189
k141_5374	1262213	1262878	1	1190
k141_5374	1263055	1264302	1	1191
k141_5374	1264542	1265363	-1	1192
k141_5374	1265375	1266514	-1	1193
k141_5374	1266518	1267711	-1	1194
k141_5374	1267927	1269381	1	1195
k141_5374	1269462	1270799	1	1196
k141_5374	1270823	1271911	1	1197
k141_5374	1271911	1273008	1	1198
k141_5374	1273118	1273954	1	1199
k141_5374	1274025	1274282	1	1200
k141_5374	1274349	1274576	1	1201
k141_5374	1274583	1274771	1	1202
k141_5374	1274791	1276125	-1	1203
k141_5374	1276172	1276630	1	1204
k141_5374	1276627	1277034	1	1205
k141_5374	1277142	1277384	-1	1206
k141_5374	1277413	1278003	-1	1207
k141_5374	1278259	1279695	1	1208
k141_5374	1279699	1280094	-1	1209
k141_5374	1280091	1281137	-1	1210
k141_5374	1281318	1281734	-1	1211
k141_5374	1281753	1282118	-1	1212
k141_5374	1282115	1282561	-1	1213
k141_5374	1282679	1283251	-1	1214
k141_5374	1283455	1283880	-1	1215
k141_5374	1283877	1284221	-1	1216
k141_5374	1284309	1284944	-1	1217
k141_5374	1285264	1285557	-1	1218
k141_5374	1285616	1285828	-1	1219
k141_5374	1285913	1286128	-1	1220
k141_5374	1286410	1286862	1	1221
k141_5374	1286874	1287356	-1	1222
k141_5374	1287383	1287610	-1	1223
k141_5374	1287612	1289477	-1	1224
k141_5374	1289525	1289920	-1	1225
k141_5374	1290131	1290727	-1	1226
k141_5374	1290871	1291470	-1	1227
k141_5374	1291623	1293023	1	1228
k141_5374	1293144	1294376	1	1229
k141_5374	1294402	1295520	1	1230
k141_5374	1295521	1296153	1	1231
k141_5374	1296267	1297883	1	1232
k141_5374	1297906	1298559	-1	1233
k141_5374	1298556	1298855	-1	1234
k141_5374	1298840	1299124	-1	1235
k141_5374	1299197	1300126	-1	1236
k141_5374	1300147	1301442	-1	1237
k141_5374	1301601	1303673	1	1238
k141_5374	1303815	1304552	1	1239
k141_5374	1304619	1305851	1	1240
k141_5374	1305848	1307437	1	1241
k141_5374	1307434	1307859	1	1242
k141_5374	1307859	1308452	1	1243
k141_5374	1308449	1309459	1	1244
k141_5374	1309493	1310005	1	1245
k141_5374	1309995	1311869	1	1246
k141_5374	1311866	1313413	1	1247
k141_5374	1313410	1314645	-1	1248
k141_5374	1314762	1315886	1	1249
k141_5374	1315883	1316371	-1	1250
k141_5374	1316359	1316979	-1	1251
k141_5374	1317051	1317512	-1	1252
k141_5374	1317611	1318174	-1	1253
k141_5374	1318304	1319098	1	1254
k141_5374	1319095	1319925	1	1255
k141_5374	1319922	1320332	1	1256
k141_5374	1320332	1321264	1	1257
k141_5374	1321261	1321710	1	1258
k141_5374	1321707	1322117	1	1259
k141_5374	1322364	1323149	1	1260
k141_5374	1323146	1323787	-1	1261
k141_5374	1323940	1325433	1	1262
k141_5374	1325439	1325924	1	1263
k141_5374	1325921	1326223	1	1264
k141_5374	1326223	1326612	1	1265
k141_5374	1326596	1327567	-1	1266
k141_5374	1327578	1327964	-1	1267
k141_5374	1328052	1329197	1	1268
k141_5374	1329212	1330270	1	1269
k141_5374	1330255	1331061	1	1270
k141_5374	1331061	1331321	1	1271
k141_5374	1331318	1332184	1	1272
k141_5374	1332171	1332908	-1	1273
k141_5374	1333001	1333825	1	1274
k141_5374	1333834	1335141	1	1275
k141_5374	1335153	1336730	-1	1276
k141_5374	1336727	1338103	-1	1277
k141_5374	1338191	1338562	-1	1278
k141_5374	1338566	1339696	-1	1279
k141_5374	1340064	1340423	-1	1280
k141_5374	1340435	1341217	-1	1281
k141_5374	1341214	1341801	-1	1282
k141_5374	1341868	1343541	-1	1283
k141_5374	1343665	1345299	-1	1284
k141_5374	1345416	1347356	-1	1285
k141_5374	1347468	1348505	-1	1286
k141_5374	1348642	1349622	-1	1287
k141_5374	1349622	1350044	-1	1288
k141_5374	1350298	1352913	-1	1289
k141_5374	1352916	1353962	-1	1290
k141_5374	1353959	1354888	-1	1291
k141_5374	1354885	1355880	-1	1292
k141_5374	1355989	1357896	1	1293
k141_5374	1357937	1359016	1	1294
k141_5374	1359019	1359975	1	1295
k141_5374	1359968	1360891	1	1296
k141_5374	1360888	1362624	-1	1297
k141_5374	1362765	1365032	1	1298
k141_5374	1365313	1365435	-1	1299
k141_5374	1365475	1365597	-1	1300
k141_5374	1365637	1365759	-1	1301
k141_5374	1366077	1367639	1	1302
k141_5374	1367662	1368894	-1	1303
k141_5374	1368891	1370456	-1	1304
k141_5374	1370438	1372054	-1	1305
k141_5374	1372333	1373589	1	1306
k141_5374	1373682	1374920	1	1307
k141_5374	1375027	1375224	1	1308
k141_5374	1375228	1375512	1	1309
k141_5374	1375509	1375700	1	1310
k141_5374	1375693	1376034	1	1311
k141_5374	1376135	1377157	1	1312
k141_5374	1377260	1378048	1	1313
k141_5374	1378383	1378805	1	1314
k141_5374	1379174	1379860	1	1315
k141_5374	1380457	1380558	-1	1316
k141_5374	1380626	1381510	1	1317
k141_5374	1381523	1382356	-1	1318
k141_5374	1382440	1382826	-1	1319
k141_5374	1382823	1383257	-1	1320
k141_5374	1383254	1383826	-1	1321
k141_5374	1383837	1384184	-1	1322
k141_5374	1384220	1384819	-1	1323
k141_5374	1384932	1386116	-1	1324
k141_5374	1386324	1388279	1	1325
k141_5374	1388427	1389257	1	1326
k141_5374	1389459	1389851	1	1327
k141_5374	1389863	1390501	1	1328
k141_5374	1390453	1391706	1	1329
k141_5374	1391722	1392819	1	1330
k141_5374	1392816	1393334	1	1331
k141_5374	1393405	1393644	1	1332
k141_5374	1393723	1394802	-1	1333
k141_5374	1394967	1396136	1	1334
k141_5374	1396197	1396625	1	1335
k141_5374	1397023	1397817	1	1336
k141_5374	1397855	1399630	-1	1337
k141_5374	1399642	1400001	1	1338
k141_5374	1400004	1400630	1	1339
k141_5374	1400692	1401906	1	1340
k141_5374	1401903	1403192	-1	1341
k141_5374	1403276	1404613	1	1342
k141_5374	1404627	1404851	1	1343
k141_5374	1404848	1405657	1	1344
k141_5374	1405654	1406526	-1	1345
k141_5374	1406685	1408010	1	1346
k141_5374	1408309	1409547	1	1347
k141_5374	1409551	1410216	1	1348
k141_5374	1410235	1410933	-1	1349
k141_5374	1411066	1411971	1	1350
k141_5374	1412046	1412831	1	1351
k141_5374	1412828	1414108	1	1352
k141_5374	1414105	1415154	1	1353
k141_5374	1415159	1416502	1	1354
k141_5374	1416499	1417605	1	1355
k141_5374	1417602	1418546	1	1356
k141_5374	1418632	1418814	1	1357
k141_5374	1418811	1419704	1	1358
k141_5374	1419701	1420795	-1	1359
k141_5374	1420862	1421812	1	1360
k141_5374	1421813	1422748	-1	1361
k141_5374	1422798	1423592	-1	1362
k141_5374	1423589	1424449	-1	1363
k141_5374	1424669	1424950	1	1364
k141_5374	1425021	1425497	1	1365
k141_5374	1425506	1426036	1	1366
k141_5374	1426038	1426718	1	1367
k141_5374	1426732	1427736	-1	1368
k141_5374	1427934	1429082	1	1369
k141_5374	1429079	1429591	1	1370
k141_5374	1429625	1430536	1	1371
k141_5374	1430533	1431981	1	1372
k141_5374	1432029	1432742	1	1373
k141_5374	1432849	1433250	1	1374
k141_5374	1433247	1434569	-1	1375
k141_5374	1434815	1435726	1	1376
k141_5374	1435848	1438520	1	1377
k141_5374	1438533	1438949	1	1378
k141_5374	1438972	1439694	1	1379
k141_5374	1439755	1440264	1	1380
k141_5374	1440439	1441728	1	1381
k141_5374	1442319	1443383	-1	1382
k141_5374	1443380	1443916	-1	1383
k141_5374	1443913	1444707	-1	1384
k141_5374	1444796	1445881	1	1385
k141_5374	1446137	1446703	1	1386
k141_5374	1446909	1448498	1	1387
k141_5374	1448618	1450819	1	1388
k141_5374	1450927	1451670	-1	1389
k141_5374	1451667	1452431	-1	1390
k141_5374	1452638	1453192	1	1391
k141_5374	1453226	1453807	-1	1392
k141_5374	1453807	1455081	-1	1393
k141_5374	1455090	1455752	-1	1394
k141_5374	1456076	1456630	1	1395
k141_5374	1456658	1458271	1	1396
k141_5374	1458448	1459467	1	1397
k141_5374	1459717	1460400	1	1398
k141_5374	1460510	1460968	-1	1399
k141_5374	1460965	1462656	-1	1400
k141_5374	1462833	1463213	1	1401
k141_5374	1463210	1464769	-1	1402
k141_5374	1464774	1465529	-1	1403
k141_5374	1465586	1466401	1	1404
k141_5374	1466536	1466796	1	1405
k141_5374	1467353	1468756	1	1406
k141_5374	1468891	1469655	1	1407
k141_5374	1469658	1470062	1	1408
k141_5374	1470063	1470764	-1	1409
k141_5374	1470802	1471530	1	1410
k141_5374	1471562	1472734	1	1411
k141_5374	1472731	1473381	1	1412
k141_5374	1473381	1473683	1	1413
k141_5374	1473712	1474149	-1	1414
k141_5374	1474151	1475407	-1	1415
k141_5374	1475432	1476589	-1	1416
k141_5374	1476586	1477458	-1	1417
k141_5374	1477455	1478114	-1	1418
k141_5374	1478361	1478780	1	1419
k141_5374	1478792	1478998	-1	1420
k141_5374	1479071	1482259	-1	1421
k141_5374	1482347	1483021	-1	1422
k141_5374	1483018	1484814	-1	1423
k141_5374	1485089	1485574	-1	1424
k141_5374	1485710	1485844	-1	1425
k141_5374	1485966	1486862	-1	1426
k141_5374	1487022	1488515	1	1427
k141_5374	1488515	1489225	1	1428
k141_5374	1489294	1489962	1	1429
k141_5374	1489959	1491737	-1	1430
k141_5374	1491770	1491985	-1	1431
k141_5374	1492104	1492655	-1	1432
k141_5374	1492878	1493225	1	1433
k141_5374	1493350	1493958	-1	1434
k141_5374	1494068	1494193	-1	1435
k141_5374	1494285	1495310	-1	1436
k141_5374	1495441	1496070	1	1437
k141_5374	1496091	1497230	1	1438
k141_5374	1497314	1498003	1	1439
k141_5374	1498000	1498440	-1	1440
k141_5374	1498419	1499132	-1	1441
k141_5374	1499140	1499640	-1	1442
k141_5374	1499779	1501293	1	1443
k141_5374	1501295	1502479	-1	1444
k141_5374	1502606	1502950	1	1445
k141_5374	1503085	1504215	1	1446
k141_5374	1504289	1506274	-1	1447
k141_5374	1506433	1507071	-1	1448
k141_5374	1507175	1508311	1	1449
k141_5374	1508311	1509048	1	1450
k141_5374	1509063	1510052	1	1451
k141_5374	1510057	1511469	1	1452
k141_5374	1511466	1512458	-1	1453
k141_5374	1512476	1513261	-1	1454
k141_5374	1513258	1515189	-1	1455
k141_5374	1515268	1515897	-1	1456
k141_5374	1515936	1516388	-1	1457
k141_5374	1516388	1517470	-1	1458
k141_5374	1517700	1518095	1	1459
k141_5374	1518092	1518574	1	1460
k141_5374	1518712	1520016	1	1461
k141_5374	1520013	1521152	1	1462
k141_5374	1521160	1521690	-1	1463
k141_5374	1522048	1522770	1	1464
k141_5374	1522785	1524995	1	1465
k141_5374	1525099	1526313	1	1466
k141_5374	1526310	1527281	-1	1467
k141_5374	1527423	1527692	1	1468
k141_5374	1527692	1529731	1	1469
k141_5374	1529799	1531139	-1	1470
k141_5374	1531293	1532807	-1	1471
k141_5374	1533053	1534054	1	1472
k141_5374	1534207	1535319	1	1473
k141_5374	1535319	1536758	1	1474
k141_5374	1536782	1537252	-1	1475
k141_5374	1537396	1538142	1	1476
k141_5374	1538150	1539103	-1	1477
k141_5374	1539250	1540311	-1	1478
k141_5374	1540304	1541161	-1	1479
k141_5374	1541161	1541703	-1	1480
k141_5374	1541700	1542590	-1	1481
k141_5374	1542807	1543964	1	1482
k141_5374	1543961	1545628	1	1483
k141_5374	1545625	1545906	-1	1484
k141_5374	1545925	1546797	-1	1485
k141_5374	1547021	1547149	-1	1486
k141_5374	1547152	1547448	-1	1487
k141_5374	1547483	1549054	-1	1488
k141_5374	1549163	1549666	1	1489
k141_5374	1549802	1550074	1	1490
k141_5374	1550241	1551611	1	1491
k141_5374	1551608	1552330	1	1492
k141_5485	2	415	-1	1
k141_5485	428	1864	-1	2
k141_5485	1854	2684	-1	3
k141_5485	2681	4414	-1	4
k141_5485	4411	5163	-1	5
k141_5485	5160	6173	-1	6
k141_5485	6170	6808	-1	7
k141_5485	6805	7326	-1	8
k141_5485	7323	7709	-1	9
k141_5485	7702	7983	-1	10
k141_6950	371	598	-1	1
k141_6950	1158	1715	1	2
k141_6950	1775	1987	1	3
k141_6950	2000	4165	1	4
k141_6950	4225	5226	1	5
k141_6950	5732	7354	1	6
k141_6950	7387	8172	1	7
k141_6950	8495	8782	1	8
k141_6950	8761	8940	1	9
k141_6950	8971	11136	1	10
k141_6950	11136	12329	1	11
k141_6950	12326	13063	1	12
k141_6950	13060	13767	1	13
k141_6950	13764	14813	1	14
k141_6950	14810	15787	1	15
k141_6950	15793	16032	-1	16
k141_6950	16937	19189	-1	17
k141_6950	19201	21390	-1	18
k141_6950	21438	21836	-1	19
k141_6950	21882	22517	-1	20
k141_6950	23455	24456	-1	21
k141_6950	24449	25771	-1	22
k141_6950	26150	27193	-1	23
k141_6950	27202	27354	-1	24
k141_6950	27329	28426	-1	25
k141_6950	28423	29250	-1	26
k141_6950	29237	31057	-1	27
k141_6950	31078	31725	-1	28
k141_6950	31842	32948	1	29
k141_6950	32948	33316	1	30
k141_6950	33328	33729	1	31
k141_6950	33734	34351	-1	32
k141_6950	34351	34875	-1	33
k141_6950	35025	35900	1	34
k141_6950	35897	36265	-1	35
k141_6950	36319	36945	1	36
k141_6950	36942	37667	1	37
k141_6950	37664	40963	-1	38
k141_6950	41022	41393	-1	39
k141_6950	41390	42676	-1	40
k141_6950	42676	43947	-1	41
k141_6950	44046	44951	-1	42
k141_6950	45050	46477	-1	43
k141_6950	46671	47372	1	44
k141_6950	47471	48340	1	45
k141_6950	48349	48585	-1	46
k141_6950	48694	49173	1	47
k141_6950	49180	50253	-1	48
k141_6950	50264	50560	-1	49
k141_6950	50724	53861	1	50
k141_6950	53906	54445	1	51
k141_6950	54560	55636	1	52
k141_6950	55707	56261	1	53
k141_6950	56292	57491	1	54
k141_6950	57523	58323	1	55
k141_6950	58580	59758	1	56
k141_6950	59765	60373	-1	57
k141_6950	60443	62617	-1	58
k141_6950	62745	62888	1	59
k141_6950	63110	64057	1	60
k141_6950	64072	64683	1	61
k141_6950	64915	65541	-1	62
k141_6950	65589	66359	-1	63
k141_6950	66356	67249	-1	64
k141_6950	67246	67542	-1	65
k141_6950	67672	68736	-1	66
k141_6950	68782	69120	1	67
k141_6950	69555	70100	1	68
k141_6950	70217	70645	1	69
k141_6950	70755	71423	1	70
k141_6950	71465	71926	1	71
k141_6950	71946	72116	-1	72
k141_6950	72481	72933	1	73
k141_6950	73170	73664	1	74
k141_6950	73733	73906	-1	75
k141_6950	74029	75069	-1	76
k141_6950	75486	76538	-1	77
k141_6950	76745	78043	1	78
k141_6950	78065	79417	-1	79
k141_6950	79433	79801	-1	80
k141_6950	79905	80273	-1	81
k141_6950	80401	82437	-1	82
k141_6950	82976	83257	1	83
k141_6950	83270	84178	-1	84
k141_6950	84417	84920	-1	85
k141_6950	85198	86163	-1	86
k141_6950	86189	87802	-1	87
k141_6950	88240	89184	-1	88
k141_6950	89259	89519	1	89
k141_6950	89624	90076	1	90
k141_6950	90172	90825	-1	91
k141_6950	91055	92032	-1	92
k141_6950	92175	92645	1	93
k141_6950	92642	93292	-1	94
k141_6950	93330	94118	-1	95
k141_6950	94150	94854	-1	96
k141_6950	94832	95359	-1	97
k141_6950	95365	95976	-1	98
k141_6950	96478	98052	-1	99
k141_6950	98313	98645	1	100
k141_6950	99309	99743	1	101
k141_6950	99975	101504	-1	102
k141_6950	101587	102348	1	103
k141_6950	102433	104976	1	104
k141_6950	105056	106273	1	105
k141_6950	106282	107076	1	106
k141_6950	107066	107590	1	107
k141_6950	107587	108225	-1	108
k141_6950	108365	108994	-1	109
k141_6950	109066	110673	-1	110
k141_6950	110670	110948	-1	111
k141_6950	111046	111354	-1	112
k141_6950	111354	112523	-1	113
k141_6950	112808	114241	1	114
k141_6950	114311	114793	1	115
k141_6950	114780	115613	1	116
k141_6950	115610	117148	1	117
k141_6950	117149	117580	-1	118
k141_6950	117659	119677	-1	119
k141_6950	119740	120609	-1	120
k141_6950	120792	122510	1	121
k141_6950	122548	125322	1	122
k141_6950	125437	127767	1	123
k141_6950	127827	128282	-1	124
k141_6950	128279	128941	-1	125
k141_6950	128965	129501	1	126
k141_6950	129599	131998	1	127
k141_6950	132185	133120	1	128
k141_6950	133110	134198	1	129
k141_6950	134200	135135	1	130
k141_6950	135212	136303	-1	131
k141_6950	136388	137770	-1	132
k141_6950	138209	139948	1	133
k141_6950	139957	140364	-1	134
k141_6950	140361	142568	-1	135
k141_6950	142682	144496	1	136
k141_6950	144609	144992	1	137
k141_6950	144989	145384	1	138
k141_6950	145602	146312	1	139
k141_6950	146407	147150	1	140
k141_6950	147147	148595	1	141
k141_6950	148597	149004	-1	142
k141_6950	149014	150600	-1	143
k141_6950	150705	152522	1	144
k141_6950	152519	153211	1	145
k141_6950	153204	153620	1	146
k141_6950	153766	153933	1	147
k141_6950	154023	154688	1	148
k141_6950	154919	155776	1	149
k141_6950	155773	156855	1	150
k141_6950	156852	157364	1	151
k141_6950	157395	157670	1	152
k141_6950	157689	158153	1	153
k141_6950	158157	159164	-1	154
k141_6950	159311	159616	1	155
k141_6950	159613	159840	1	156
k141_6950	159837	161036	1	157
k141_6950	161073	162317	1	158
k141_6950	162314	163555	1	159
k141_6950	163552	164403	1	160
k141_6950	164413	165189	-1	161
k141_6950	165246	166184	1	162
k141_6950	166185	166442	-1	163
k141_6950	166538	167395	-1	164
k141_6950	167697	169865	-1	165
k141_6950	169969	171798	-1	166
k141_6950	171976	173256	1	167
k141_6950	173253	173870	-1	168
k141_6950	174044	175225	-1	169
k141_6950	175304	175753	-1	170
k141_6950	175876	177288	-1	171
k141_6950	177288	177515	-1	172
k141_6950	177582	178847	1	173
k141_6950	178890	180035	1	174
k141_6950	180294	184937	1	175
k141_6950	184937	186373	1	176
k141_6950	186520	187899	1	177
k141_6950	188108	190090	1	178
k141_6950	190090	190692	1	179
k141_6950	190692	191357	1	180
k141_6950	191379	191744	1	181
k141_6950	191775	192110	-1	182
k141_6950	192107	192793	-1	183
k141_6950	192877	193512	1	184
k141_6950	193533	194198	1	185
k141_6950	194201	194752	1	186
k141_6950	195201	196604	-1	187
k141_6950	196755	197819	-1	188
k141_6950	197821	198330	-1	189
k141_6950	198327	200879	-1	190
k141_6950	201057	201509	-1	191
k141_6950	201912	202739	1	192
k141_6950	202862	203584	1	193
k141_6950	203619	203990	1	194
k141_6950	204111	205556	1	195
k141_6950	205666	206319	1	196
k141_6950	206368	207240	1	197
k141_6950	207395	207652	1	198
k141_6950	207649	208932	-1	199
k141_6950	209064	209942	1	200
k141_6950	210014	211744	-1	201
k141_6950	211783	212424	-1	202
k141_6950	212630	213919	-1	203
k141_6950	213924	215462	-1	204
k141_6950	215670	216416	-1	205
k141_6950	216577	217368	-1	206
k141_6950	217377	217850	-1	207
k141_6950	217847	220576	-1	208
k141_6950	220667	222364	1	209
k141_6950	222409	223395	1	210
k141_6950	223431	223565	1	211
k141_6950	223562	224317	-1	212
k141_6950	224321	226336	-1	213
k141_6950	226686	226862	1	214
k141_6950	226859	227473	1	215
k141_6950	227470	227661	1	216
k141_6950	227721	227816	1	217
k141_6950	227782	228087	-1	218
k141_6950	228171	229844	-1	219
k141_6950	229914	230657	1	220
k141_6950	230668	231516	1	221
k141_6950	231513	232493	1	222
k141_6950	232656	237404	1	223
k141_6950	237443	238690	1	224
k141_6950	238674	239747	-1	225
k141_6950	239794	240792	1	226
k141_6950	240789	242075	1	227
k141_6950	242147	243484	1	228
k141_6950	243553	244059	1	229
k141_6950	244025	245833	-1	230
k141_6950	245838	246278	-1	231
k141_6950	246284	247903	-1	232
k141_6950	248040	248738	-1	233
k141_6950	249160	250833	1	234
k141_6950	250875	251153	-1	235
k141_6950	251390	251728	-1	236
k141_6950	251933	253768	1	237
k141_6950	253847	255289	1	238
k141_6950	255286	256599	1	239
k141_6950	256659	257333	1	240
k141_6950	257344	258138	-1	241
k141_6950	258158	258955	-1	242
k141_6950	259082	260185	1	243
k141_6950	260182	262104	-1	244
k141_6950	262193	262660	-1	245
k141_6950	262699	263373	-1	246
k141_6950	263370	263561	-1	247
k141_6950	263975	265594	-1	248
k141_6950	265604	267511	-1	249
k141_6950	267511	268170	-1	250
k141_6950	268448	268981	1	251
k141_6950	269010	269930	-1	252
k141_6950	269952	270986	-1	253
k141_6950	271058	272377	1	254
k141_6950	272724	273107	1	255
k141_6950	273149	273712	1	256
k141_6950	273768	274544	1	257
k141_6950	274541	274990	1	258
k141_6950	275165	277081	1	259
k141_6950	277140	278276	1	260
k141_6950	278319	279275	1	261
k141_6950	279288	280655	1	262
k141_6950	280666	281388	1	263
k141_6950	281388	282377	1	264
k141_6950	282500	283759	1	265
k141_6950	283759	284556	1	266
k141_6950	284635	285549	1	267
k141_6950	285546	285989	1	268
k141_6950	286060	286785	1	269
k141_6950	286851	287477	1	270
k141_6950	287852	288151	-1	271
k141_6950	288156	288623	-1	272
k141_6950	288636	288878	-1	273
k141_6950	289136	289420	1	274
k141_6950	289488	290462	-1	275
k141_6950	290464	291405	-1	276
k141_6950	291402	291605	-1	277
k141_6950	291629	293065	-1	278
k141_6950	293121	294395	1	279
k141_6950	294392	294922	1	280
k141_6950	295107	296123	-1	281
k141_6950	296254	296958	1	282
k141_6950	296955	297353	1	283
k141_6950	297437	298381	1	284
k141_6950	298386	298865	-1	285
k141_6950	298865	299215	-1	286
k141_6950	299215	299706	-1	287
k141_6950	299706	300932	-1	288
k141_6950	300929	301687	-1	289
k141_6950	301684	301992	-1	290
k141_6950	301989	302744	-1	291
k141_6950	302731	303315	-1	292
k141_6950	303312	303812	-1	293
k141_6950	303809	304141	-1	294
k141_6950	304141	305634	-1	295
k141_6950	305631	306056	-1	296
k141_6950	306143	307228	-1	297
k141_6950	307231	308115	-1	298
k141_6950	308115	309968	-1	299
k141_6950	310017	311066	-1	300
k141_6950	311257	312312	1	301
k141_6950	312322	314037	1	302
k141_6950	314204	316051	1	303
k141_6950	316051	316428	1	304
k141_6950	316425	316955	-1	305
k141_6950	317037	318020	-1	306
k141_6950	318046	318432	-1	307
k141_6950	318588	319646	1	308
k141_6950	319643	319969	1	309
k141_6950	320088	320714	1	310
k141_6950	320905	321384	1	311
k141_6950	321384	321908	1	312
k141_6950	321991	322188	-1	313
k141_6950	322325	323065	-1	314
k141_6950	323062	323493	-1	315
k141_6950	323670	324431	-1	316
k141_6950	324442	325698	-1	317
k141_6950	325809	327254	-1	318
k141_6950	327457	328056	1	319
k141_6950	328056	329540	1	320
k141_6950	329591	330073	1	321
k141_6950	330143	332308	1	322
k141_6950	332305	332712	1	323
k141_6950	332709	333029	-1	324
k141_6950	333168	333599	1	325
k141_6950	333631	333960	1	326
k141_6950	333999	334805	1	327
k141_6950	334869	335528	-1	328
k141_6950	335745	336080	-1	329
k141_6950	336092	336559	-1	330
k141_6950	336549	337010	-1	331
k141_6950	337173	337739	-1	332
k141_6950	337765	338466	-1	333
k141_6950	338516	339118	-1	334
k141_6950	339115	339972	-1	335
k141_6950	339969	340565	-1	336
k141_6950	340562	341407	-1	337
k141_6950	341739	342758	1	338
k141_6950	342768	343211	1	339
k141_6950	343418	344683	1	340
k141_6950	344743	345132	1	341
k141_6950	345129	345533	-1	342
k141_6950	345530	346228	-1	343
k141_6950	346351	346620	1	344
k141_6950	346706	347929	1	345
k141_6950	347988	349871	1	346
k141_6950	349853	350509	1	347
k141_6950	350506	351348	1	348
k141_6950	351345	352319	1	349
k141_6950	352424	353320	-1	350
k141_6950	353469	353966	-1	351
k141_6950	354028	355509	1	352
k141_6950	355506	356330	-1	353
k141_6950	356337	358079	-1	354
k141_6950	358153	359097	1	355
k141_6950	359094	359420	-1	356
k141_6950	359480	360277	-1	357
k141_6950	360430	360966	-1	358
k141_6950	361176	361973	-1	359
k141_6950	362015	362353	-1	360
k141_6950	362447	362722	-1	361
k141_6950	362733	365486	-1	362
k141_6950	365622	367277	1	363
k141_6950	367324	368319	1	364
k141_6950	368312	368881	1	365
k141_6950	368874	369431	1	366
k141_6950	369428	370006	1	367
k141_6950	370014	370517	-1	368
k141_6950	370582	372177	-1	369
k141_6950	372174	373205	-1	370
k141_6950	373273	375693	-1	371
k141_6950	375796	375999	-1	372
k141_6950	376118	377140	1	373
k141_6950	377260	378144	1	374
k141_6950	378276	379970	1	375
k141_6950	380055	380468	-1	376
k141_6950	380488	381600	-1	377
k141_6950	381957	383246	1	378
k141_6950	383260	383901	1	379
k141_6950	383898	384050	1	380
k141_6950	384040	384399	1	381
k141_6950	384493	384966	1	382
k141_6950	384974	386203	1	383
k141_6950	386374	387711	1	384
k141_6950	387745	388197	1	385
k141_6950	388213	388734	1	386
k141_6950	388817	389389	1	387
k141_6950	389405	390418	-1	388
k141_6950	390465	391493	-1	389
k141_6950	391613	391804	-1	390
k141_6950	391788	393017	-1	391
k141_6950	393007	393567	-1	392
k141_6950	393612	394538	-1	393
k141_6950	394563	395387	-1	394
k141_6950	395405	396454	-1	395
k141_6950	396516	397526	-1	396
k141_6950	397763	398416	1	397
k141_6950	398427	399221	1	398
k141_6950	399240	400376	-1	399
k141_6950	400466	400771	1	400
k141_6950	400768	401949	-1	401
k141_6950	402161	402523	1	402
k141_6950	402523	402822	1	403
k141_6950	402957	403223	1	404
k141_6950	403490	404683	1	405
k141_6950	404708	408253	1	406
k141_6950	408315	409661	1	407
k141_6950	409735	410232	1	408
k141_6950	410222	411100	-1	409
k141_6950	411149	412075	-1	410
k141_6950	412152	413084	-1	411
k141_6950	413117	413863	-1	412
k141_6950	414020	414535	1	413
k141_6950	414675	415874	-1	414
k141_6950	416018	416803	1	415
k141_6950	416858	417553	-1	416
k141_6950	417716	419047	1	417
k141_6950	419211	419621	-1	418
k141_6950	419626	420174	-1	419
k141_6950	420171	423008	-1	420
k141_6950	423005	423940	-1	421
k141_6950	423940	425160	-1	422
k141_6950	425157	425681	-1	423
k141_6950	425688	426770	-1	424
k141_6950	426770	427264	-1	425
k141_6950	427276	427974	-1	426
k141_6950	428007	428201	-1	427
k141_6950	428581	429345	1	428
k141_6950	429374	430354	1	429
k141_6950	430354	431340	1	430
k141_6950	431341	431571	1	431
k141_6950	431582	431968	1	432
k141_6950	432017	432829	1	433
k141_6950	432860	433330	-1	434
k141_6950	433387	434139	-1	435
k141_6950	434150	435586	-1	436
k141_6950	435693	436229	1	437
k141_6950	436226	437035	-1	438
k141_6950	437174	438784	1	439
k141_6950	438781	439869	1	440
k141_6950	439866	440768	-1	441
k141_6950	440801	442015	-1	442
k141_6950	442020	442775	-1	443
k141_6950	442780	443550	-1	444
k141_6950	443551	444711	-1	445
k141_6950	444708	445133	-1	446
k141_6950	445145	446230	-1	447
k141_6950	446238	447491	-1	448
k141_6950	447619	447999	-1	449
k141_6950	447996	448760	-1	450
k141_6950	448757	449770	-1	451
k141_6950	449800	451950	-1	452
k141_6950	452065	453066	1	453
k141_6950	453063	453638	-1	454
k141_6950	453583	453924	-1	455
k141_6950	453938	454357	-1	456
k141_6950	454485	455297	1	457
k141_6950	455406	456182	-1	458
k141_6950	456362	458038	1	459
k141_6950	458060	458431	-1	460
k141_6950	458462	459727	-1	461
k141_6950	459817	460329	1	462
k141_6950	460334	461071	-1	463
k141_6950	461068	461427	-1	464
k141_6950	461505	462065	1	465
k141_6950	462062	462424	1	466
k141_6950	462421	462813	-1	467
k141_6950	462845	463318	-1	468
k141_6950	463329	464996	-1	469
k141_6950	465005	465421	1	470
k141_6950	465418	465954	-1	471
k141_6950	465957	466952	-1	472
k141_6950	467080	468027	1	473
k141_6950	468027	468494	1	474
k141_6950	468495	469727	-1	475
k141_6950	469859	472309	-1	476
k141_6950	472588	473889	-1	477
k141_6950	474024	474803	1	478
k141_6950	474775	476115	1	479
k141_6950	476112	476876	-1	480
k141_6950	476876	477523	-1	481
k141_6950	477638	478819	1	482
k141_6950	478866	479615	1	483
k141_6950	479612	481174	1	484
k141_6950	481171	481512	-1	485
k141_6950	481564	482583	1	486
k141_6950	482580	483536	1	487
k141_6950	483516	484310	-1	488
k141_6950	484363	487017	1	489
k141_6950	487010	487774	1	490
k141_6950	488011	488580	1	491
k141_6950	488628	490007	1	492
k141_6950	490055	490900	1	493
k141_6950	490992	491543	1	494
k141_6950	491610	493496	1	495
k141_6950	493524	494138	1	496
k141_6950	494118	494882	-1	497
k141_6950	494879	496792	-1	498
k141_6950	496792	497703	-1	499
k141_6950	497885	498943	-1	500
k141_6950	498964	499821	-1	501
k141_6950	499909	500721	1	502
k141_6950	500725	501036	1	503
k141_6950	501114	502553	1	504
k141_6950	502543	503202	1	505
k141_6950	503249	505732	1	506
k141_6950	505729	505995	-1	507
k141_6950	506170	506655	-1	508
k141_6950	506963	507400	-1	509
k141_6950	507435	507971	-1	510
k141_6950	508076	508870	-1	511
k141_6950	508946	509614	-1	512
k141_6950	510054	510935	1	513
k141_6950	511038	512378	1	514
k141_6950	512385	512822	-1	515
k141_6950	512918	513535	-1	516
k141_6950	513610	514650	1	517
k141_6950	514640	514891	1	518
k141_6950	514910	516247	-1	519
k141_6950	516412	517347	1	520
k141_6950	517351	518337	-1	521
k141_6950	518516	519310	1	522
k141_6950	519310	520071	1	523
k141_6950	520347	520550	1	524
k141_6950	520574	520933	1	525
k141_6950	521094	522017	1	526
k141_6950	522130	523026	1	527
k141_6950	523112	524212	1	528
k141_6950	524209	526608	1	529
k141_6950	526627	528147	1	530
k141_6950	528187	529056	1	531
k141_6950	529069	529638	1	532
k141_6950	529866	530204	1	533
k141_6950	530222	531547	1	534
k141_6950	531823	534231	1	535
k141_6950	534306	535895	-1	536
k141_6950	535921	536883	-1	537
k141_6950	536895	537320	-1	538
k141_6950	537379	538824	1	539
k141_6950	538852	539283	-1	540
k141_6950	539560	540375	1	541
k141_6950	540503	541699	1	542
k141_6950	541702	542646	1	543
k141_6950	542690	543586	1	544
k141_6950	543673	544089	1	545
k141_6950	544147	544833	1	546
k141_6950	544873	546642	1	547
k141_6950	546960	548108	-1	548
k141_6950	548524	549144	-1	549
k141_6950	549141	549617	-1	550
k141_6950	549858	550514	1	551
k141_6950	550511	551197	1	552
k141_6950	551194	551829	-1	553
k141_6950	551928	552767	1	554
k141_6950	552832	554085	-1	555
k141_6950	554082	554327	-1	556
k141_6950	554471	555049	1	557
k141_6950	555019	555399	-1	558
k141_6950	555486	555761	1	559
k141_6950	555758	556378	1	560
k141_6950	556385	556840	1	561
k141_6950	556984	557592	1	562
k141_6950	557589	558722	1	563
k141_6950	558723	559052	-1	564
k141_6950	559373	559831	1	565
k141_6950	560075	560449	1	566
k141_6950	560532	562001	1	567
k141_6950	562020	562463	1	568
k141_6950	562558	562788	1	569
k141_6950	562922	563653	-1	570
k141_6950	563767	564411	-1	571
k141_6950	564420	564518	1	572
k141_6950	564499	565350	1	573
k141_6950	565375	565605	1	574
k141_6950	565639	566223	1	575
k141_6950	566285	567154	1	576
k141_6950	567209	567547	1	577
k141_6950	567568	570213	-1	578
k141_6950	570354	572615	1	579
k141_6950	572626	573756	1	580
k141_6950	573846	574346	-1	581
k141_6950	574509	575732	-1	582
k141_6950	575794	576495	-1	583
k141_6950	576567	577262	-1	584
k141_6950	577464	578957	-1	585
k141_6950	579117	579932	-1	586
k141_6950	580174	580536	1	587
k141_6950	580595	582007	1	588
k141_6950	582011	582541	-1	589
k141_6950	582652	583890	1	590
k141_6950	583890	584957	1	591
k141_6950	584950	585786	1	592
k141_6950	586051	586713	1	593
k141_6950	586743	588392	1	594
k141_6950	588478	589725	1	595
k141_6950	589758	590951	1	596
k141_6950	590948	592099	-1	597
k141_6950	592104	592769	-1	598
k141_6950	592774	594201	-1	599
k141_6950	594210	594932	-1	600
k141_6950	595491	597809	1	601
k141_6950	597814	598902	-1	602
k141_6950	598978	601818	-1	603
k141_6950	602085	602330	1	604
k141_6950	602429	603529	-1	605
k141_6950	603803	606160	1	606
k141_6950	606252	608090	-1	607
k141_6950	608233	608640	-1	608
k141_6950	608766	610418	-1	609
k141_6950	610488	610775	-1	610
k141_6950	610925	612388	-1	611
k141_6950	612581	613771	1	612
k141_6950	613860	614384	-1	613
k141_6950	614601	614978	-1	614
k141_6950	615057	615572	-1	615
k141_6950	615814	615981	1	616
k141_6950	615966	616802	1	617
k141_6950	616853	618001	1	618
k141_6950	618084	618338	-1	619
k141_6950	618431	618628	-1	620
k141_6950	618658	619209	-1	621
k141_6950	619239	619379	-1	622
k141_6950	619845	624065	1	623
k141_6950	624134	628405	1	624
k141_6950	628528	629259	1	625
k141_6950	629301	630629	1	626
k141_6950	630731	631009	1	627
k141_6950	631031	631369	-1	628
k141_6950	631430	632923	-1	629
k141_6950	633005	633310	1	630
k141_6950	633321	634535	-1	631
k141_6950	634707	634943	1	632
k141_6950	634940	635740	-1	633
k141_6950	635803	636549	1	634
k141_6950	636640	637116	1	635
k141_6950	637126	637476	1	636
k141_6950	637455	638522	1	637
k141_6950	638535	639260	-1	638
k141_6950	639270	640166	-1	639
k141_6950	640332	641588	1	640
k141_6950	641738	642430	1	641
k141_6950	642673	643692	1	642
k141_6950	643731	644909	1	643
k141_6950	644961	645803	1	644
k141_6950	645800	646675	1	645
k141_6950	646683	647423	-1	646
k141_6950	647513	648142	1	647
k141_6950	648143	650350	-1	648
k141_6950	650482	651486	1	649
k141_6950	651486	651941	1	650
k141_6950	651961	652836	1	651
k141_6950	653007	654011	-1	652
k141_6950	654443	655660	1	653
k141_6950	655686	656258	-1	654
k141_6950	656398	657312	1	655
k141_6950	657392	659875	1	656
k141_8257	989	1231	1	1
k141_8257	1239	2411	-1	2
k141_8257	3194	4225	-1	3
k141_8257	4242	4880	-1	4
k141_8257	4893	5648	-1	5
k141_8257	5688	6998	-1	6
k141_8257	6995	7357	-1	7
k141_8257	7360	9483	-1	8
k141_8257	9540	11810	-1	9
k141_8257	11913	12653	-1	10
k141_8257	12785	15925	-1	11
k141_8257	16330	19365	1	12
k141_8257	19474	20556	1	13
k141_8257	20754	21815	1	14
k141_8257	22005	22814	-1	15
k141_8257	22807	23364	-1	16
k141_8257	23584	24246	1	17
k141_8257	24246	24938	1	18
k141_8257	25265	25381	1	19
k141_8257	25402	26388	1	20
k141_8257	26394	27092	1	21
k141_8257	27344	27976	-1	22
k141_8257	28734	29318	1	23
k141_8257	29315	30751	-1	24
k141_8257	30748	32277	-1	25
k141_8257	32402	33289	-1	26
k141_8257	33270	34397	-1	27
k141_8257	34394	34759	-1	28
k141_8257	34848	35288	-1	29
k141_8257	35288	37675	-1	30
k141_8257	37735	39141	-1	31
k141_8257	39257	40033	1	32
k141_8257	40065	40619	1	33
k141_8257	40616	42841	-1	34
k141_8257	42946	43290	1	35
k141_8257	43294	44658	-1	36
k141_8257	44722	45399	1	37
k141_8257	45425	46264	-1	38
k141_8257	46346	47050	1	39
k141_8257	47047	47358	1	40
k141_8257	47360	48472	-1	41
k141_8257	48539	49486	1	42
k141_8257	49483	50802	-1	43
k141_8257	50848	51291	-1	44
k141_8257	51296	52324	-1	45
k141_8257	52430	54049	1	46
k141_8257	54096	54536	1	47
k141_8257	54568	55350	-1	48
k141_8257	55398	57155	-1	49
k141_8257	57247	58125	-1	50
k141_8257	58183	59655	1	51
k141_8257	59684	60145	-1	52
k141_8257	60284	60493	-1	53
k141_8257	60775	60942	1	54
k141_8257	61099	63306	1	55
k141_8257	63454	64341	1	56
k141_8257	64505	65479	1	57
k141_8257	65445	66560	1	58
k141_8257	66557	67438	-1	59
k141_8257	67582	70371	-1	60
k141_8257	70368	71354	-1	61
k141_8257	71358	73163	-1	62
k141_8257	73156	74613	-1	63
k141_8257	74758	75555	-1	64
k141_8257	75673	75903	1	65
k141_8257	75996	76730	1	66
k141_8257	77103	78476	-1	67
k141_8257	78565	78984	1	68
k141_8257	79244	80335	-1	69
k141_8257	80349	81113	-1	70
k141_8257	81114	82394	-1	71
k141_8257	82500	84791	-1	72
k141_8257	84818	86884	-1	73
k141_8257	87039	88688	1	74
k141_8257	88857	90746	-1	75
k141_8257	90879	91895	1	76
k141_8257	91892	93127	1	77
k141_8257	93319	94836	-1	78
k141_8257	94907	95452	-1	79
k141_8257	95467	96192	-1	80
k141_8257	96412	97458	1	81
k141_8257	97554	98864	1	82
k141_8257	98884	99630	-1	83
k141_8257	99789	99980	1	84
k141_8257	100124	100609	1	85
k141_8257	100641	101159	-1	86
k141_8257	101156	102583	-1	87
k141_8257	102634	103140	-1	88
k141_8257	103211	104785	1	89
k141_8257	104870	107077	-1	90
k141_8257	107187	108725	-1	91
k141_8257	108878	109582	1	92
k141_8257	109791	111053	1	93
k141_8257	111022	111252	1	94
k141_8257	111370	111936	-1	95
k141_8257	112077	112847	-1	96
k141_8257	112844	113431	-1	97
k141_8257	113431	114375	-1	98
k141_8257	114381	115079	-1	99
k141_8257	115115	115738	-1	100
k141_8257	115738	118068	-1	101
k141_8257	118241	118987	1	102
k141_8257	118998	119624	1	103
k141_8257	119628	120527	-1	104
k141_8257	120662	121864	-1	105
k141_8257	122184	122837	1	106
k141_8257	122846	123631	1	107
k141_8257	124073	124330	1	108
k141_8257	124369	125163	1	109
k141_8257	125168	126658	-1	110
k141_8257	126692	128002	-1	111
k141_8257	128055	128861	-1	112
k141_8257	129185	130045	1	113
k141_8257	130177	130614	1	114
k141_8257	130634	131887	-1	115
k141_8257	131978	133408	1	116
k141_8257	133450	134553	1	117
k141_8257	134624	135562	1	118
k141_8257	135559	136320	1	119
k141_8257	136468	138147	1	120
k141_8257	138168	138941	-1	121
k141_8257	138968	140833	-1	122
k141_8257	140854	141603	-1	123
k141_8257	141778	144531	-1	124
k141_8257	144561	145229	-1	125
k141_8257	145260	146441	1	126
k141_8257	146445	147308	1	127
k141_8257	147366	148313	1	128
k141_8257	148310	148933	1	129
k141_8257	148930	149631	-1	130
k141_8257	149642	149896	-1	131
k141_8257	149893	150552	-1	132
k141_8257	150549	151148	-1	133
k141_8257	151148	152332	-1	134
k141_8257	152329	152745	-1	135
k141_8257	152986	153192	1	136
k141_8257	153318	153926	1	137
k141_8257	154036	155727	1	138
k141_8257	155696	156091	1	139
k141_8257	156093	157574	1	140
k141_8257	157568	157795	1	141
k141_8257	157788	159284	1	142
k141_8257	159293	160084	1	143
k141_8257	160114	161493	-1	144
k141_8257	161642	161947	-1	145
k141_8257	162132	164993	-1	146
k141_8257	165045	167267	-1	147
k141_8257	167501	170086	1	148
k141_8257	170423	173962	1	149
k141_8257	174121	176124	1	150
k141_8257	176244	176801	-1	151
k141_8257	177071	179965	1	152
k141_8257	180099	180995	-1	153
k141_8257	181008	182720	-1	154
k141_8257	182732	183529	-1	155
k141_8257	183578	184747	1	156
k141_8257	184778	185563	1	157
k141_8257	185691	186491	1	158
k141_8257	186457	188163	-1	159
k141_8257	188551	189423	1	160
k141_8257	189497	189997	1	161
k141_8257	190093	191097	-1	162
k141_8257	191117	192088	-1	163
k141_8257	192262	193545	-1	164
k141_8257	193549	194193	-1	165
k141_8257	194233	195891	-1	166
k141_8257	195960	197060	-1	167
k141_8257	197173	197652	-1	168
k141_8257	197842	198795	1	169
k141_8257	198792	199916	1	170
k141_8257	199984	200160	1	171
k141_8257	200228	200692	-1	172
k141_8257	200689	201672	-1	173
k141_8257	201687	202655	-1	174
k141_8257	202753	203403	1	175
k141_8257	203561	205312	1	176
k141_8257	205330	205995	1	177
k141_8257	206112	207134	1	178
k141_8257	207137	207985	1	179
k141_8257	207982	208674	1	180
k141_8257	208774	209007	1	181
k141_8257	209055	209489	1	182
k141_8257	209494	210357	1	183
k141_8257	210455	210676	-1	184
k141_8257	210827	212479	-1	185
k141_8257	212488	213393	-1	186
k141_8257	213551	214804	1	187
k141_8257	215078	215923	1	188
k141_8257	215928	218195	1	189
k141_8257	218195	222403	1	190
k141_8257	222552	223244	-1	191
k141_8257	223321	224079	1	192
k141_8257	224148	225566	-1	193
k141_8257	225631	225969	-1	194
k141_8257	226159	227079	-1	195
k141_8257	227100	227453	-1	196
k141_8257	227536	228954	-1	197
k141_8257	228996	229814	1	198
k141_8257	229865	230689	1	199
k141_8257	230830	231135	1	200
k141_8257	231154	231804	-1	201
k141_8257	231801	232421	-1	202
k141_8257	232483	232788	1	203
k141_8257	232789	233610	-1	204
k141_8257	233663	235588	-1	205
k141_8257	235737	236249	1	206
k141_8257	236254	236871	-1	207
k141_8257	236982	237299	1	208
k141_8257	237342	238364	1	209
k141_8257	238401	238826	1	210
k141_8257	238810	239625	1	211
k141_8257	240044	240574	1	212
k141_8257	240571	241518	1	213
k141_8257	241515	242078	1	214
k141_8257	242075	243889	1	215
k141_8257	243886	245376	1	216
k141_8257	245373	246845	1	217
k141_8257	246866	247936	1	218
k141_8257	247944	249158	1	219
k141_8257	249155	250375	1	220
k141_8257	250372	251820	1	221
k141_8257	251826	252791	1	222
k141_8257	252761	253753	1	223
k141_8257	253753	254694	1	224
k141_8257	254687	256003	1	225
k141_8257	256195	258090	1	226
k141_8257	258224	259603	1	227
k141_8257	259757	260263	1	228
k141_8257	260312	261106	1	229
k141_8257	261267	262025	1	230
k141_8257	262246	263199	1	231
k141_8257	263537	265483	1	232
k141_8257	265524	266582	1	233
k141_8257	266584	267708	1	234
k141_8257	267705	268610	1	235
k141_8257	268651	269409	-1	236
k141_8257	269402	269872	-1	237
k141_8257	269865	271493	-1	238
k141_8257	271495	271791	-1	239
k141_8257	271788	272543	-1	240
k141_8257	272624	273703	-1	241
k141_8257	273700	274902	-1	242
k141_8257	274914	275756	-1	243
k141_8257	275824	277458	-1	244
k141_8257	277618	278070	1	245
k141_8257	278077	279354	-1	246
k141_8257	279841	280263	1	247
k141_8257	280281	281183	-1	248
k141_8257	281180	282499	-1	249
k141_8257	282616	283281	1	250
k141_8257	283515	283961	1	251
k141_8257	284103	284570	1	252
k141_8257	284602	285039	1	253
k141_8257	285044	286261	-1	254
k141_8257	286447	287613	1	255
k141_8257	287706	289289	1	256
k141_8257	289357	290463	1	257
k141_8257	290613	292676	1	258
k141_8257	292971	294260	1	259
k141_8257	294336	294917	1	260
k141_8257	294920	295288	-1	261
k141_8257	295285	295860	-1	262
k141_8257	295991	297010	1	263
k141_8257	297021	297827	-1	264
k141_8257	297835	299064	-1	265
k141_8257	299102	299341	-1	266
k141_8257	299338	300726	-1	267
k141_8257	300746	301342	1	268
k141_8257	301701	302603	-1	269
k141_8257	302707	303978	-1	270
k141_8257	304087	304563	1	271
k141_8257	304560	305276	1	272
k141_8257	305399	305743	-1	273
k141_8257	305989	306975	1	274
k141_8257	306982	307284	-1	275
k141_8257	307318	308430	-1	276
k141_8257	308503	309264	-1	277
k141_8257	309261	310166	-1	278
k141_8257	310220	310816	1	279
k141_8257	310845	311417	1	280
k141_8257	311424	311744	1	281
k141_8257	311757	312161	-1	282
k141_8257	312648	314078	1	283
k141_8257	314079	314897	-1	284
k141_8257	314894	315172	-1	285
k141_8257	315180	315620	-1	286
k141_8257	315696	316631	-1	287
k141_8257	316689	317123	-1	288
k141_8257	317120	318718	-1	289
k141_8257	318711	319484	-1	290
k141_8257	319771	321378	1	291
k141_8257	321490	321816	1	292
k141_8257	321827	322378	1	293
k141_8257	322385	323983	-1	294
k141_8257	324029	325891	-1	295
k141_8257	325928	326299	-1	296
k141_8257	326409	326621	1	297
k141_8257	326696	327373	-1	298
k141_8257	327584	328240	-1	299
k141_8257	328360	329442	1	300
k141_8257	329439	330515	1	301
k141_8257	330512	330847	1	302
k141_8257	330867	331655	1	303
k141_8257	331669	332607	-1	304
k141_8257	332916	333461	-1	305
k141_8257	333656	335947	1	306
k141_8257	336053	336595	-1	307
k141_8257	336854	338032	-1	308
k141_8257	338044	338637	-1	309
k141_8257	338634	339194	-1	310
k141_8257	339239	339772	-1	311
k141_8257	339813	340994	-1	312
k141_8257	341023	341604	1	313
k141_8257	341644	342636	1	314
k141_8257	342836	343978	1	315
k141_8257	344158	345270	1	316
k141_8257	345316	346560	1	317
k141_8257	346564	347328	-1	318
k141_8257	347361	348758	-1	319
k141_8257	349062	349184	1	320
k141_8257	349200	350324	1	321
k141_8257	350328	350609	1	322
k141_8257	350612	352132	1	323
k141_8257	352145	352504	1	324
k141_8257	352563	353750	1	325
k141_8257	353747	354772	1	326
k141_8257	354769	355740	1	327
k141_8257	355883	356560	1	328
k141_8257	357039	358073	1	329
k141_8257	358098	358877	1	330
k141_8257	358893	359339	1	331
k141_8257	359416	360978	1	332
k141_8257	360981	361589	1	333
k141_8257	361586	361714	-1	334
k141_8257	361842	361985	-1	335
k141_8257	362029	362967	-1	336
k141_8257	363030	363275	1	337
k141_8257	363272	364813	-1	338
k141_8257	365066	366430	-1	339
k141_8257	366742	368319	1	340
k141_8257	368326	369405	-1	341
k141_8257	369402	370151	-1	342
k141_8257	370148	371464	-1	343
k141_8257	371553	372215	-1	344
k141_8257	372217	373221	-1	345
k141_8257	373221	373913	-1	346
k141_8257	373910	375067	-1	347
k141_8257	375081	376091	-1	348
k141_8257	376081	377370	-1	349
k141_8257	377605	379023	1	350
k141_8257	379075	379980	1	351
k141_8257	380067	381890	1	352
k141_8257	381887	382279	1	353
k141_8257	382444	384750	1	354
k141_8257	385002	385691	-1	355
k141_8257	385691	385936	-1	356
k141_8257	386220	388454	1	357
k141_8257	388529	391471	-1	358
k141_8257	391518	392975	-1	359
k141_8257	393018	393824	-1	360
k141_8257	394034	394219	-1	361
k141_8257	394216	395205	-1	362
k141_8257	395198	395770	-1	363
k141_8257	395783	396028	-1	364
k141_8257	396253	399405	1	365
k141_8257	399450	400265	-1	366
k141_8257	400265	401893	-1	367
k141_8257	402030	403238	-1	368
k141_8257	403274	405217	1	369
k141_8257	405234	405983	1	370
k141_8257	405980	406660	1	371
k141_8257	406686	407882	-1	372
k141_8257	407994	408437	1	373
k141_8257	408448	409950	-1	374
k141_8257	410163	410774	-1	375
k141_8257	411048	411326	1	376
k141_8257	411277	412794	-1	377
k141_8257	412944	414326	1	378
k141_8257	414517	415443	-1	379
k141_8257	415459	416340	-1	380
k141_8257	416337	417491	-1	381
k141_8257	417646	419766	-1	382
k141_8257	419940	420797	-1	383
k141_8257	420858	421835	1	384
k141_8257	421832	422299	-1	385
k141_8257	422296	423588	-1	386
k141_8257	423588	424253	-1	387
k141_8257	424324	425406	1	388
k141_8257	425444	425902	1	389
k141_8257	425899	426795	-1	390
k141_8257	426792	427604	-1	391
k141_8257	427663	428106	-1	392
k141_8257	428103	428378	-1	393
k141_8257	428446	429039	1	394
k141_8257	429010	429501	-1	395
k141_8257	429501	429989	-1	396
k141_8257	429982	430611	-1	397
k141_8257	430615	431400	-1	398
k141_8257	431412	431768	-1	399
k141_8257	431821	432660	-1	400
k141_8257	432856	433845	1	401
k141_8257	433893	436028	1	402
k141_8257	436042	436431	-1	403
k141_8257	436424	436909	-1	404
k141_8257	437041	437202	1	405
k141_8257	437285	438169	1	406
k141_8257	438169	439062	1	407
k141_8257	439059	439241	-1	408
k141_8257	439248	439667	-1	409
k141_8257	439715	440923	-1	410
k141_8257	440929	441945	-1	411
k141_8257	441968	442372	-1	412
k141_8257	442369	442650	-1	413
k141_8257	442651	443394	-1	414
k141_8257	443391	443999	-1	415
k141_8257	444269	445351	1	416
k141_8257	445405	447123	1	417
k141_8257	447220	448161	1	418
k141_8257	448158	448283	1	419
k141_8257	448286	448858	1	420
k141_8257	448886	449791	1	421
k141_8257	449791	450243	1	422
k141_8257	450302	450586	1	423
k141_8257	450583	451158	1	424
k141_8257	451220	452635	1	425
k141_8257	452635	453555	1	426
k141_8257	453567	453950	1	427
k141_8257	453955	454272	1	428
k141_8257	454265	455317	1	429
k141_8257	455322	455564	1	430
k141_8257	455576	456031	1	431
k141_8257	456100	456531	1	432
k141_8257	456586	457278	-1	433
k141_8257	457286	457810	-1	434
k141_8257	458008	458553	1	435
k141_8257	458566	458835	1	436
k141_8257	459068	459625	1	437
k141_8257	459659	460258	1	438
k141_8257	460263	460994	-1	439
k141_8257	460991	461875	-1	440
k141_8257	461943	462980	1	441
k141_8257	462977	463903	-1	442
k141_8257	463958	464269	-1	443
k141_8257	464274	464990	1	444
k141_8257	465016	466431	-1	445
k141_8257	466718	470332	1	446
k141_8257	470307	470912	1	447
k141_8257	470909	472306	-1	448
k141_8257	472378	473241	1	449
k141_8257	473253	474392	1	450
k141_8257	474626	475345	1	451
k141_8257	475380	476729	1	452
k141_8257	476840	478276	1	453
k141_8257	478281	478580	-1	454
k141_8257	478597	478899	-1	455
k141_8257	478927	480300	-1	456
k141_8257	480363	481133	-1	457
k141_8257	481173	481571	1	458
k141_8257	481568	482479	1	459
k141_8257	482479	483108	1	460
k141_8257	483134	483538	-1	461
k141_8257	483724	484140	1	462
k141_8257	484137	484664	-1	463
k141_8257	484864	485784	-1	464
k141_8257	485886	486959	-1	465
k141_8257	486956	489736	-1	466
k141_8257	489873	490631	1	467
k141_8257	491104	492714	1	468
k141_8257	492724	493392	-1	469
k141_8257	493496	493885	-1	470
k141_8257	493882	494145	-1	471
k141_8257	494155	494487	-1	472
k141_8257	494785	495366	1	473
k141_8257	495363	496049	-1	474
k141_8257	496154	497173	-1	475
k141_8257	497170	498843	-1	476
k141_8257	499061	500284	1	477
k141_8257	500405	501583	1	478
k141_8257	501673	502890	1	479
k141_8257	502933	504366	1	480
k141_8257	504464	504940	1	481
k141_8257	504937	506112	-1	482
k141_8257	506114	507586	-1	483
k141_8257	507978	508964	-1	484
k141_8257	509096	510988	-1	485
k141_8257	511223	511684	1	486
k141_8257	511681	512130	1	487
k141_8257	512249	513442	1	488
k141_8257	513556	513975	1	489
k141_8257	513995	515707	1	490
k141_8257	515667	517016	-1	491
k141_8257	517023	517538	-1	492
k141_8257	517644	518084	-1	493
k141_8257	518175	518555	-1	494
k141_8257	518627	519040	-1	495
k141_8257	519112	519999	-1	496
k141_8257	520042	522216	-1	497
k141_8257	522632	522952	1	498
k141_8257	523028	524632	1	499
k141_8257	524649	525626	1	500
k141_8257	525835	527055	-1	501
k141_8257	527183	527764	-1	502
k141_8257	527867	528337	1	503
k141_8257	528403	528984	-1	504
k141_8257	528981	530723	-1	505
k141_8257	530865	532412	-1	506
k141_8257	532583	532924	1	507
k141_8257	533036	533713	1	508
k141_8257	533664	535166	1	509
k141_8257	535229	535603	1	510
k141_8257	535600	536262	-1	511
k141_8257	536360	536704	-1	512
k141_8257	536735	537745	1	513
k141_8257	537816	540191	1	514
k141_8257	540216	540494	1	515
k141_8257	540516	540800	-1	516
k141_8257	541174	543009	1	517
k141_8257	543029	543370	1	518
k141_8257	543503	545899	1	519
k141_8257	546166	546438	1	520
k141_8257	546551	547429	-1	521
k141_8257	547464	548264	-1	522
k141_8257	548705	549925	1	523
k141_8257	549970	553203	-1	524
k141_8257	553266	553460	1	525
k141_8257	553457	557821	1	526
k141_8257	557840	558598	-1	527
k141_8257	558609	561494	-1	528
k141_8257	561668	561973	1	529
k141_8257	561996	562223	1	530
k141_8257	562371	563003	1	531
k141_8257	563123	563464	-1	532
k141_9079	2	1681	-1	1
k141_9079	1692	3128	-1	2
k141_9079	3118	3426	-1	3
k141_10554	3	1427	1	1
k141_10554	1424	1846	1	2
k141_10981	3	113	-1	1
k141_10981	110	982	-1	2
k141_10981	979	2295	-1	3
k141_10981	2295	3110	-1	4
k141_10981	3107	3676	-1	5
k141_10981	3689	3976	-1	6
k141_10981	4008	4340	-1	7
k141_10981	4705	5196	1	8
k141_10981	5159	5404	1	9
k141_10981	5614	6003	1	10
k141_10981	5984	6172	1	11
k141_10981	6595	6825	-1	12
k141_10981	6911	7189	1	13
k141_10981	7234	8103	1	14
k141_10981	8242	8439	-1	15
k141_11658	3	2783	-1	1
k141_11658	2785	3888	-1	2
k141_11658	3882	4295	-1	3
k141_11658	4292	4558	-1	4
k141_12423	3	92	-1	1
k141_12423	89	1102	-1	2
k141_12423	1099	1731	-1	3
k141_12423	1731	2237	-1	4
k141_12942	1	987	1	1
k141_12942	1553	2461	-1	2
k141_12942	2506	2958	-1	3
k141_12942	3058	3387	1	4
k141_12942	3419	4222	1	5
k141_12942	4269	6599	-1	6
k141_12942	6612	8156	-1	7
k141_12942	8213	8596	-1	8
k141_12942	8575	11742	-1	9
k141_12942	11739	13247	-1	10
k141_12942	13244	14479	-1	11
k141_12942	14603	15013	-1	12
k141_12942	15109	15552	-1	13
k141_12942	15983	16765	-1	14
k141_13406	1164	2633	1	1
k141_13406	2753	3754	1	2
k141_13406	3817	5655	1	3
k141_13406	5668	8547	-1	4
k141_13406	8649	9044	-1	5
k141_13406	9155	10456	-1	6
k141_13406	10473	11033	-1	7
k141_13406	11082	11579	-1	8
k141_13406	11788	12315	1	9
k141_13406	12312	12854	1	10
k141_13406	12861	13868	-1	11
k141_13406	13975	14517	-1	12
k141_13406	14645	15328	-1	13
k141_13406	15330	15992	-1	14
k141_13406	16060	16674	1	15
k141_13406	16662	17165	1	16
k141_13406	17162	17884	1	17
k141_13406	18099	18584	1	18
k141_13406	18683	19564	1	19
k141_13406	19592	20212	1	20
k141_13406	20290	22587	-1	21
k141_13406	22768	23676	-1	22
k141_13406	24050	25210	-1	23
k141_13406	25255	25752	1	24
k141_13406	25798	26349	-1	25
k141_13406	26356	27546	-1	26
k141_13406	27661	28554	-1	27
k141_13406	28956	30008	-1	28
k141_13406	30005	32446	-1	29
k141_13406	32469	33227	-1	30
k141_13406	33240	34292	-1	31
k141_13406	34480	36999	1	32
k141_13406	37102	37731	-1	33
k141_13406	37748	38827	-1	34
k141_13406	38824	40728	-1	35
k141_13406	40812	42476	1	36
k141_13406	42490	43125	1	37
k141_13406	43115	44353	1	38
k141_13406	44343	44966	1	39
k141_13406	44995	45462	-1	40
k141_13406	45459	46451	-1	41
k141_13406	46465	47535	-1	42
k141_13406	47629	51213	-1	43
k141_13406	51228	52139	-1	44
k141_13406	52263	54884	-1	45
k141_13406	55146	58439	1	46
k141_13406	58523	59095	-1	47
k141_13406	59092	60210	-1	48
k141_13406	60340	60864	1	49
k141_13406	60866	61510	1	50
k141_13406	61507	63039	-1	51
k141_13406	63032	64300	-1	52
k141_13406	64420	65187	1	53
k141_13406	65190	66353	1	54
k141_13406	66721	69327	-1	55
k141_13406	69542	71584	-1	56
k141_13406	71679	73187	1	57
k141_13406	73227	73991	1	58
k141_13406	74026	74949	1	59
k141_13406	75029	75721	-1	60
k141_13406	75727	76155	-1	61
k141_13406	76640	77098	1	62
k141_13406	77095	77934	1	63
k141_13406	77965	78906	-1	64
k141_13406	78990	80174	1	65
k141_13406	80266	80802	-1	66
k141_13406	80833	81057	-1	67
k141_13406	81339	82856	1	68
k141_13406	82992	83141	-1	69
k141_13406	83492	84208	1	70
k141_13406	84157	84642	-1	71
k141_13406	84654	85085	-1	72
k141_13406	85131	85679	-1	73
k141_13406	85669	86313	-1	74
k141_13406	86446	88194	1	75
k141_13406	88208	89665	-1	76
k141_13406	89994	91214	1	77
k141_13406	91233	92039	1	78
k141_13406	92053	92355	1	79
k141_13406	92545	93123	1	80
k141_13406	93120	95738	1	81
k141_13406	95735	96559	-1	82
k141_13406	96556	97602	-1	83
k141_13406	97671	98396	-1	84
k141_13406	98528	101596	1	85
k141_13406	101683	105105	-1	86
k141_13406	105442	106368	-1	87
k141_13406	106523	108001	-1	88
k141_13406	108184	108879	1	89
k141_13406	108886	109635	-1	90
k141_13406	109716	110333	1	91
k141_13406	110349	110774	-1	92
k141_13406	110784	111407	-1	93
k141_13406	111407	111919	-1	94
k141_13406	111941	112213	-1	95
k141_13406	112367	114007	1	96
k141_13406	114007	115131	1	97
k141_13406	115199	115678	1	98
k141_13406	115675	115992	1	99
k141_13406	116006	116410	1	100
k141_13406	116442	117167	1	101
k141_13406	117275	118714	1	102
k141_13406	118880	119368	-1	103
k141_13406	119396	120271	-1	104
k141_13406	120288	121148	-1	105
k141_13406	121187	122050	-1	106
k141_13406	122183	122710	1	107
k141_13406	122731	123534	1	108
k141_13406	123538	124008	-1	109
k141_13406	124059	125306	-1	110
k141_13406	125368	125538	1	111
k141_13406	125548	126969	-1	112
k141_13406	127086	128120	-1	113
k141_13406	128117	130402	-1	114
k141_13406	130402	131403	-1	115
k141_13406	131495	132682	1	116
k141_13406	132684	133526	1	117
k141_13406	133706	135235	1	118
k141_13406	135314	137557	-1	119
k141_13406	137541	137648	-1	120
k141_13406	137645	138046	-1	121
k141_13406	138068	138739	-1	122
k141_13406	138800	139210	-1	123
k141_13406	139327	139719	1	124
k141_13406	139726	140328	-1	125
k141_13406	140325	141422	-1	126
k141_13406	141503	142606	1	127
k141_13406	142603	143511	1	128
k141_13406	143519	144238	-1	129
k141_13406	144250	144786	-1	130
k141_13406	144792	145655	-1	131
k141_13406	145718	146467	-1	132
k141_13406	146639	147619	1	133
k141_13406	148053	149699	-1	134
k141_13406	149696	150124	-1	135
k141_13406	150124	150423	-1	136
k141_13406	150810	152630	-1	137
k141_13406	152627	153814	-1	138
k141_13406	153941	155098	-1	139
k141_13406	155095	155790	-1	140
k141_13406	155778	157139	-1	141
k141_13406	157580	158734	1	142
k141_13518	321	590	-1	1
k141_13518	660	1595	-1	2
k141_13518	1814	2254	-1	3
k141_13518	2266	3195	-1	4
k141_13518	3380	4207	-1	5
k141_13518	4204	5139	-1	6
k141_13518	5149	5619	-1	7
k141_13518	5916	7889	-1	8
k141_13518	7994	9832	-1	9
k141_14084	2	346	-1	1
k141_14084	363	1565	-1	2
k141_14084	1562	3409	-1	3
k141_14084	3458	4018	-1	4
k141_14084	4031	4465	-1	5
k141_14084	4469	4609	-1	6
