Contig	Start	End	Strand	Pos
k63_117155	2	787	-1	1
k63_117155	1083	2135	-1	2
k63_117155	2489	3523	1	3
k63_117155	3815	4588	1	4
k63_117155	4655	5827	-1	5
k63_117155	5938	7203	-1	6
k63_117554	184	1167	-1	1
k63_117554	1379	2419	-1	2
k63_117554	2427	3131	-1	3
k63_117554	3118	3906	-1	4
k63_117554	4013	5068	-1	5
k63_117554	5121	5465	-1	6
k63_117554	5705	6586	1	7
k63_117554	6598	7425	1	8
k63_117554	7422	8576	1	9
k63_117554	8698	9357	1	10
k63_117554	9378	10115	-1	11
k63_117554	10176	10766	-1	12
k63_117554	10856	12385	-1	13
k63_1521705	1	699	-1	1
k63_1521705	740	1618	-1	2
k63_1521705	1712	2476	-1	3
k63_1521705	2488	3519	-1	4
k63_1521705	3533	3982	-1	5
k63_1521705	3972	4418	-1	6
k63_1287735	3	125	1	1
k63_1287735	858	2645	1	2
k63_1287735	2718	3665	1	3
k63_1287735	3655	4713	1	4
k63_1287735	5028	6800	1	5
k63_1287735	6901	8634	1	6
k63_1287735	8675	9862	1	7
k63_1287735	9949	11130	-1	8
k63_1287735	11480	12259	1	9
k63_1287735	12384	13157	-1	10
k63_1287735	13180	14154	-1	11
k63_1287735	14160	14831	-1	12
k63_1287735	14828	15148	-1	13
k63_1054203	2	748	1	1
k63_1054203	773	1822	-1	2
k63_352843	2	799	1	1
k63_352843	1113	2249	1	2
k63_352843	2300	2593	1	3
k63_352843	2888	3961	1	4
k63_352843	4110	7757	1	5
k63_352843	7851	8153	1	6
k63_352843	8424	8948	-1	7
k63_352843	9515	9781	1	8
k63_1054252	3	173	1	1
k63_1054252	170	613	1	2
k63_1054252	622	1056	1	3
k63_1054252	1064	1519	1	4
k63_1054252	1840	2154	-1	5
k63_1054252	2239	3324	-1	6
k63_1054252	3793	4653	1	7
k63_1054252	4793	5386	1	8
k63_1054252	5405	6121	-1	9
k63_1054252	6278	7630	-1	10
k63_1054252	7919	8182	1	11
k63_1054252	8227	8517	1	12
k63_1288156	108	416	-1	1
k63_1288156	406	705	-1	2
k63_1288156	702	2537	-1	3
k63_1288156	2573	2815	1	4
k63_1288156	3140	3472	1	5
k63_1288156	3469	3801	-1	6
k63_1288156	4362	4568	1	7
k63_821298	163	978	-1	1
k63_821298	1062	1907	-1	2
k63_821298	2098	2301	1	3
k63_821298	2389	3801	1	4
k63_821298	3865	4626	1	5
k63_821298	4717	5292	1	6
k63_821298	5371	6384	1	7
k63_821298	6435	7001	1	8
k63_821298	7282	9360	1	9
k63_821298	9551	10330	1	10
k63_821298	10332	11204	-1	11
k63_821298	11254	11991	-1	12
k63_821298	12001	13188	-1	13
k63_821298	13208	14386	-1	14
k63_821298	14409	14978	-1	15
k63_821298	14975	15832	-1	16
k63_821298	15859	16797	-1	17
k63_821298	16848	17615	-1	18
k63_821298	17693	18898	-1	19
k63_821298	18956	20152	-1	20
k63_821298	20196	21182	-1	21
k63_821298	21257	21874	-1	22
k63_821298	22000	23553	1	23
k63_821298	23561	24844	1	24
k63_821298	24855	25460	1	25
k63_821298	25525	25959	1	26
k63_821298	26074	26511	1	27
k63_821298	26543	27220	1	28
k63_821298	27294	28607	1	29
k63_821298	28654	29556	1	30
k63_821298	29730	30326	1	31
k63_821298	30330	31094	1	32
k63_821298	31112	31366	1	33
k63_821298	31559	32143	-1	34
k63_821298	32250	32465	-1	35
k63_821298	32676	33005	1	36
k63_821298	33086	34408	-1	37
k63_821298	34454	35863	-1	38
k63_821298	36104	36361	-1	39
k63_821298	36354	37178	-1	40
k63_821298	37168	38112	-1	41
k63_821298	38324	39919	-1	42
k63_821298	39970	41067	-1	43
k63_821298	41078	41830	-1	44
k63_118427	1	237	1	1
k63_118427	298	1131	1	2
k63_118427	1363	2577	-1	3
k63_118427	2752	3624	1	4
k63_1288569	504	1937	1	1
k63_1288569	1934	5038	1	2
k63_1288569	5088	5951	1	3
k63_1288569	5956	7053	1	4
k63_1523362	38	1090	1	1
k63_1523362	1125	1889	1	2
k63_939047	3	101	1	1
k63_939047	284	718	1	2
k63_939047	916	1737	-1	3
k63_939047	1750	3765	-1	4
k63_939047	3845	4561	-1	5
k63_939047	4710	5870	1	6
k63_939047	5719	7410	-1	7
k63_939047	7496	7732	-1	8
k63_1055892	3	113	1	1
k63_1055892	213	1418	1	2
k63_1055892	1488	2642	1	3
k63_1055892	3118	3405	1	4
k63_1055892	3523	4923	1	5
k63_1055892	5015	5410	1	6
k63_1055892	5424	6152	1	7
k63_1055892	6149	7159	1	8
k63_1055892	7192	8391	1	9
k63_1055892	8538	9818	1	10
k63_1055892	9922	11298	1	11
k63_1055892	11335	11709	-1	12
k63_1055892	11857	12924	-1	13
k63_1055892	13094	13327	1	14
k63_1055892	13324	13506	1	15
k63_1055892	13775	14803	1	16
k63_1055892	14869	15888	1	17
k63_1055892	16063	16791	1	18
k63_1055892	16818	17282	-1	19
k63_1055892	17377	19131	-1	20
k63_1055892	19720	21039	1	21
k63_1055892	21171	21590	1	22
k63_1523985	1	204	-1	1
k63_1523985	270	1469	-1	2
k63_1523985	1563	2807	-1	3
k63_1523985	2975	4204	-1	4
k63_1523985	4352	5137	-1	5
k63_1289803	2	475	1	1
k63_1289803	487	1284	1	2
k63_1289803	1295	1618	1	3
k63_1289803	1762	2238	1	4
k63_939637	59	1000	-1	1
k63_939637	1164	1955	1	2
k63_939637	1988	2350	1	3
k63_939637	2454	3179	1	4
k63_939637	3181	3405	1	5
k63_939637	3405	3743	1	6
k63_939637	3851	4261	-1	7
k63_939637	4264	5457	-1	8
k63_1172098	93	959	-1	1
k63_1172098	1459	1785	1	2
k63_1172098	2761	3015	1	3
k63_1172098	3320	3514	-1	4
k63_1172098	3511	3867	-1	5
k63_1172098	4888	5196	1	6
k63_1172098	5299	5469	1	7
k63_1172098	5519	5722	1	8
k63_1172098	6220	6381	1	9
k63_1172098	6556	6831	-1	10
k63_1172098	6857	8038	-1	11
k63_1172098	8311	8520	1	12
k63_1172098	8489	9469	-1	13
k63_1172098	9965	11296	-1	14
k63_1172117	209	658	1	1
k63_1172117	665	2050	1	2
k63_1172117	2051	2902	1	3
k63_1172117	2844	4181	1	4
k63_1172117	4279	4380	1	5
k63_1172117	4377	5405	1	6
k63_1172117	5538	5837	1	7
k63_1172117	5871	6080	1	8
k63_1172117	6199	7233	-1	9
k63_1172117	7367	7678	-1	10
k63_1172117	7684	12351	-1	11
k63_1172117	12357	13376	-1	12
k63_1172117	13537	14844	-1	13
k63_1172117	14844	15374	-1	14
k63_1172117	15425	16975	-1	15
k63_1172117	16988	18502	-1	16
k63_1172117	18527	20464	-1	17
k63_1172117	20489	20809	-1	18
k63_1172117	20817	21335	-1	19
k63_1172117	21493	21801	-1	20
k63_1172117	21844	22371	-1	21
k63_1172117	22459	23571	-1	22
k63_1172117	23582	24730	-1	23
k63_1172117	24757	25056	-1	24
k63_1172117	25060	25362	-1	25
k63_1172117	25370	25936	-1	26
k63_1172117	25902	26486	-1	27
k63_1172117	26513	26926	-1	28
k63_1172117	27094	28269	-1	29
k63_1172117	28256	28882	-1	30
k63_1172117	28912	29901	-1	31
k63_1172117	30448	31701	1	32
k63_1172117	31783	32553	1	33
k63_1172117	32556	33047	1	34
k63_1172117	33056	33970	-1	35
k63_1172117	34073	34462	-1	36
k63_3589	1	321	-1	1
k63_3589	812	1327	1	2
k63_3589	1340	1834	1	3
k63_3589	1854	2075	1	4
k63_3589	2105	2428	-1	5
k63_3589	2516	2737	-1	6
k63_3589	2759	3052	-1	7
k63_3589	3363	4427	-1	8
k63_3589	4840	5787	-1	9
k63_3589	6168	6407	1	10
k63_3589	6329	7414	-1	11
k63_3589	7932	8684	1	12
k63_3589	8747	9595	1	13
k63_3589	9597	10115	-1	14
k63_3589	11171	11383	1	15
k63_588749	3	89	1	1
k63_588749	182	313	1	2
k63_588749	327	656	1	3
k63_588749	693	1406	1	4
k63_588749	2174	2635	1	5
k63_588749	2666	2797	-1	6
k63_940307	470	1597	1	1
k63_940307	1898	2200	-1	2
k63_940307	2221	2364	-1	3
k63_940307	3008	3886	-1	4
k63_940307	3905	4756	-1	5
k63_236927	114	743	1	1
k63_236927	777	1700	1	2
k63_236927	2025	3161	1	3
k63_236927	3242	3853	1	4
k63_236927	3897	4130	-1	5
k63_236927	4189	4659	1	6
k63_236927	4739	5353	1	7
k63_236927	5433	6227	1	8
k63_236927	6228	6962	1	9
k63_236927	7806	9008	1	10
k63_1172485	336	1484	1	1
k63_1172485	1779	2873	-1	2
k63_1172485	3277	4110	1	3
k63_1172485	4107	4952	-1	4
k63_1172485	5010	5660	1	5
k63_120688	38	1303	-1	1
k63_120688	1260	2732	-1	2
k63_120688	3045	3419	-1	3
k63_120688	3586	4923	-1	4
k63_120688	4971	5381	-1	5
k63_120688	5858	7030	1	6
k63_120688	7082	7315	1	7
k63_120688	7374	7493	1	8
k63_589244	1	372	1	1
k63_589244	527	1492	1	2
k63_589244	1525	2307	1	3
k63_589244	2657	3238	-1	4
k63_589244	3665	3931	1	5
k63_589244	3994	4995	-1	6
k63_589244	5035	6030	-1	7
k63_589244	6085	6522	-1	8
k63_1172609	972	1745	1	1
k63_1172609	1845	2372	1	2
k63_1172609	2425	3147	1	3
k63_1172609	3398	4060	1	4
k63_1172609	4083	4535	1	5
k63_1172609	4751	5191	1	6
k63_1172609	5273	6199	1	7
k63_1172609	6204	6899	1	8
k63_356404	1	186	1	1
k63_356404	208	402	1	2
k63_356404	471	758	1	3
k63_356404	855	1322	1	4
k63_356404	1448	3133	1	5
k63_356404	3151	4149	1	6
k63_356404	4146	5672	-1	7
k63_356404	5855	6658	1	8
k63_356404	6696	7442	1	9
k63_356404	7692	8633	-1	10
k63_356404	8646	9290	-1	11
k63_356404	9309	10598	-1	12
k63_356404	10616	11821	-1	13
k63_356404	11968	12801	1	14
k63_1172700	1	849	-1	1
k63_1172700	1393	2547	-1	2
k63_1057583	181	1404	1	1
k63_1057583	1554	2333	1	2
k63_1057583	2453	3583	1	3
k63_1057583	3750	4826	-1	4
k63_1525632	99	377	-1	1
k63_1525632	483	2129	-1	2
k63_1525632	2231	2578	-1	3
k63_1525632	2581	3441	-1	4
k63_356761	1	189	1	1
k63_356761	131	994	1	2
k63_356761	1011	1271	1	3
k63_356761	1375	1596	1	4
k63_356761	1597	2025	1	5
k63_356761	2037	3671	1	6
k63_356761	3700	4410	1	7
k63_356761	4436	4732	1	8
k63_356761	4702	5289	1	9
k63_1406662	3	359	1	1
k63_1406662	373	1017	1	2
k63_1406662	1223	2905	1	3
k63_1406662	2963	4075	1	4
k63_1406662	4294	4518	-1	5
k63_237654	487	669	1	1
k63_237654	827	2011	1	2
k63_237654	2351	3793	-1	3
k63_237654	4204	5874	1	4
k63_237654	5957	6724	1	5
k63_825635	274	708	-1	1
k63_825635	977	1522	1	2
k63_825635	1582	2112	1	3
k63_825635	2175	2639	-1	4
k63_825635	2750	3085	-1	5
k63_825635	3279	3605	1	6
k63_474839	2	157	1	1
k63_474839	1155	1349	1	2
k63_474839	1573	1950	1	3
k63_474839	2194	3387	1	4
k63_474839	3500	3670	-1	5
k63_474943	1	807	-1	1
k63_474943	814	3240	-1	2
k63_5284	3	209	-1	1
k63_5284	335	1477	1	2
k63_5284	1750	3933	1	3
k63_1173437	3	920	-1	1
k63_1173437	866	1315	-1	2
k63_1173437	1305	1694	-1	3
k63_1173558	493	849	1	1
k63_1173558	934	2025	1	2
k63_1173558	2145	3005	-1	3
k63_1173558	3485	3874	1	4
k63_1173558	4119	4940	1	5
k63_1173558	5133	6869	1	6
k63_1173558	6933	7421	1	7
k63_1173558	7414	7806	1	8
k63_1173558	7803	8375	1	9
k63_1173558	8394	9587	1	10
k63_1173558	9611	10570	1	11
k63_1173558	10570	11403	1	12
k63_1173558	11420	12679	1	13
k63_1173558	13307	13765	1	14
k63_1173558	13853	14530	1	15
k63_1292499	516	854	1	1
k63_1292499	932	1408	1	2
k63_1292499	1465	1641	1	3
k63_1292499	1709	2419	1	4
k63_122405	1	996	1	1
k63_122405	1079	1282	1	2
k63_122405	1596	2480	-1	3
k63_1643733	39	416	-1	1
k63_1643733	526	1017	-1	2
k63_1643733	1121	2716	-1	3
k63_1643733	2869	4068	-1	4
k63_1643733	4356	4769	1	5
k63_1643733	4944	5327	1	6
k63_1643733	5354	5641	-1	7
k63_1643733	5645	5956	-1	8
k63_1643733	5992	6390	1	9
k63_1643733	6390	6503	1	10
k63_1643733	6609	6797	1	11
k63_1643733	6797	7012	1	12
k63_1643733	6966	9392	1	13
k63_1643733	9739	9918	1	14
k63_1643733	10018	10260	1	15
k63_1644013	1	321	1	1
k63_1644013	377	571	1	2
k63_1644013	1240	1650	-1	3
k63_1644013	1706	2440	-1	4
k63_1293343	3	1943	-1	1
k63_1293343	1936	2496	-1	2
k63_1293343	2625	3230	-1	3
k63_1293343	3208	3720	-1	4
k63_1293343	3812	5200	-1	5
k63_1293343	5297	6751	-1	6
k63_1293343	6744	7538	-1	7
k63_1293343	7584	8132	-1	8
k63_238748	466	555	-1	1
k63_238748	628	930	1	2
k63_238748	1248	1895	1	3
k63_1644556	333	1574	1	1
k63_1644556	1891	3018	1	2
k63_1644556	3156	4661	1	3
k63_1644556	4710	5759	-1	4
k63_827631	390	1625	-1	1
k63_827631	1743	3173	-1	2
k63_827631	3160	3360	-1	3
k63_1527604	3	953	-1	1
k63_1527604	1207	2781	1	2
k63_1527604	3113	4093	1	3
k63_1527604	4203	5453	1	4
k63_1527604	5484	6260	-1	5
k63_1527604	6290	7303	-1	6
k63_1527604	7401	7808	1	7
k63_1527604	7812	8783	1	8
k63_476659	1	489	1	1
k63_476659	561	1682	1	2
k63_476659	1795	1995	1	3
k63_476659	2242	2604	-1	4
k63_476659	2642	3694	-1	5
k63_943927	164	1090	1	1
k63_943927	1471	2421	1	2
k63_943927	2509	3366	-1	3
k63_943927	3590	4546	1	4
k63_943927	4712	5470	-1	5
k63_943927	5887	6918	-1	6
k63_943927	6939	8072	-1	7
k63_943927	8091	9497	-1	8
k63_943927	9920	10309	-1	9
k63_591633	61	231	-1	1
k63_591633	377	1153	1	2
k63_591633	1220	2338	1	3
k63_591633	2374	3249	-1	4
k63_591633	3308	3427	-1	5
k63_476832	108	890	-1	1
k63_476832	1013	2122	1	2
k63_476832	2320	2811	-1	3
k63_476832	2857	3099	-1	4
k63_476832	3238	3483	-1	5
k63_476832	3937	4953	-1	6
k63_476832	5108	6202	1	7
k63_476832	6450	6968	-1	8
k63_476832	7243	7917	1	9
k63_476832	7966	8397	1	10
k63_476832	8634	9665	-1	11
k63_476832	9985	10758	-1	12
k63_476832	10823	11455	-1	13
k63_476832	11516	12622	-1	14
k63_476832	12752	13669	-1	15
k63_476832	13683	14609	-1	16
k63_476832	14661	16043	-1	17
k63_476832	16074	16382	-1	18
k63_476832	16685	16762	1	19
k63_7140	2	922	-1	1
k63_7140	1609	2502	-1	2
k63_7140	2998	4341	-1	3
k63_7140	4479	4586	1	4
k63_7140	4812	5021	1	5
k63_591653	204	908	-1	1
k63_591653	1065	2504	-1	2
k63_591653	2543	3484	-1	3
k63_591653	3484	4455	-1	4
k63_591653	4513	5175	-1	5
k63_591653	5179	6600	-1	6
k63_591653	6597	7493	-1	7
k63_591653	7490	8500	-1	8
k63_591653	8526	8978	-1	9
k63_591653	9046	11118	-1	10
k63_591653	11141	12196	-1	11
k63_591653	12193	12927	-1	12
k63_591653	13008	14084	-1	13
k63_591653	14164	15273	-1	14
k63_591653	15476	16579	-1	15
k63_591653	16613	17038	1	16
k63_591653	17055	17537	1	17
k63_591653	17804	18289	-1	18
k63_591653	18375	18602	-1	19
k63_591653	18586	18855	-1	20
k63_359234	2	127	-1	1
k63_359234	103	1212	-1	2
k63_359234	1491	2540	1	3
k63_359234	2578	3567	1	4
k63_359234	3635	4606	1	5
k63_359234	4644	5483	1	6
k63_359234	5531	6523	1	7
k63_359234	6572	6940	-1	8
k63_1294333	139	987	1	1
k63_1294333	1098	1505	1	2
k63_1294333	1573	3246	1	3
k63_1294333	3350	3832	-1	4
k63_1294333	3883	4227	-1	5
k63_1294333	4256	5887	-1	6
k63_1294333	6238	6645	1	7
k63_1294333	6697	6765	-1	8
k63_1645398	2	1135	-1	1
k63_1645398	1353	2465	-1	2
k63_1645398	2462	2623	-1	3
k63_828301	2	67	1	1
k63_828301	176	712	1	2
k63_828301	811	2169	-1	3
k63_828301	2413	3213	1	4
k63_828301	3222	3656	1	5
k63_828301	3979	4206	1	6
k63_828301	4222	5388	1	7
k63_828301	5413	6726	1	8
k63_828301	6789	7883	1	9
k63_828301	7908	8501	1	10
k63_828301	8523	9539	1	11
k63_828301	9541	10776	1	12
k63_828301	10773	11612	1	13
k63_828301	11737	12039	1	14
k63_828301	12204	12935	1	15
k63_828301	13045	14751	-1	16
k63_828301	14832	15146	-1	17
k63_828301	15174	15977	-1	18
k63_828301	16131	16517	-1	19
k63_828301	16599	17135	-1	20
k63_828301	17445	18158	-1	21
k63_828301	18179	18607	-1	22
k63_828301	18640	19203	-1	23
k63_828301	19352	19588	-1	24
k63_828301	19769	20953	-1	25
k63_1528289	394	1599	1	1
k63_1528289	1604	1765	-1	2
k63_124378	344	1705	1	1
k63_124378	1732	3780	-1	2
k63_124378	3910	4155	1	3
k63_124378	4174	4527	1	4
k63_124378	4383	4805	-1	5
k63_124378	5026	5310	1	6
k63_124378	5514	7430	-1	7
k63_124378	7684	8631	1	8
k63_124378	8682	9887	-1	9
k63_124378	9992	10627	-1	10
k63_124378	10663	11247	-1	11
k63_124378	11301	12419	-1	12
k63_124378	12434	13006	-1	13
k63_124378	13122	13982	-1	14
k63_124378	13987	15225	-1	15
k63_124378	15358	15570	-1	16
k63_124378	15742	17139	1	17
k63_124378	17169	17927	1	18
k63_124378	17937	19163	1	19
k63_124378	19286	19939	1	20
k63_124378	20144	20749	1	21
k63_124378	20754	21662	1	22
k63_124378	21689	22285	1	23
k63_124378	22278	25586	1	24
k63_124378	25675	26916	-1	25
k63_124378	26927	27994	-1	26
k63_124378	28014	29810	-1	27
k63_124378	29812	30525	-1	28
k63_124378	30532	31536	-1	29
k63_124378	31699	32232	1	30
k63_124378	32171	33133	1	31
k63_124378	33233	34411	1	32
k63_124378	34561	35550	-1	33
k63_1645707	2	796	1	1
k63_1645707	807	1229	1	2
k63_1645707	1302	2408	1	3
k63_1645707	2714	3100	1	4
k63_1294996	1	636	-1	1
k63_1294996	640	1677	-1	2
k63_1294996	1677	2252	-1	3
k63_1294996	2551	4581	-1	4
k63_1294996	4706	5227	-1	5
k63_1294996	5298	5681	-1	6
k63_477798	3	167	1	1
k63_477798	184	1686	-1	2
k63_477798	1695	1985	-1	3
k63_239638	1	558	-1	1
k63_239638	941	2446	-1	2
k63_239638	2754	2879	-1	3
k63_239638	3042	3506	1	4
k63_239655	280	2115	1	1
k63_239655	2135	2986	1	2
k63_239655	2983	3315	-1	3
k63_239655	3374	3952	-1	4
k63_239655	3979	4113	1	5
k63_1646704	3	1718	-1	1
k63_1646704	1725	2783	-1	2
k63_1646704	3086	3223	-1	3
k63_592471	1	225	1	1
k63_592471	292	867	1	2
k63_592471	923	1510	1	3
k63_592471	1599	2447	1	4
k63_592471	2521	3534	-1	5
k63_592471	3638	4384	1	6
k63_592471	4521	5219	1	7
k63_592471	5274	6503	-1	8
k63_592471	6628	7233	-1	9
k63_592471	7336	8571	-1	10
k63_592471	8766	10046	-1	11
k63_592471	10241	11176	-1	12
k63_592471	11494	12771	-1	13
k63_592471	12984	14042	1	14
k63_592471	14087	14425	1	15
k63_592471	14436	15524	1	16
k63_592471	15585	16133	1	17
k63_592471	16199	17836	1	18
k63_592471	17836	18609	1	19
k63_592471	19185	20135	1	20
k63_592471	20305	20580	1	21
k63_592471	20620	21183	1	22
k63_592471	21556	22587	1	23
k63_1647097	58	1194	-1	1
k63_1647097	1200	2567	-1	2
k63_1647097	2548	3597	-1	3
k63_1647097	4217	5188	-1	4
k63_1647097	5652	6101	1	5
k63_1647097	6231	7226	1	6
k63_1647097	7347	8780	-1	7
k63_1647097	8782	8973	-1	8
k63_1647097	9190	10380	-1	9
k63_1647097	10636	12030	-1	10
k63_1647097	12071	13264	-1	11
k63_1647097	13264	14334	-1	12
k63_1647097	14493	15851	-1	13
k63_1647097	15896	16768	-1	14
k63_1647097	17175	18344	1	15
k63_1647097	18668	19462	1	16
k63_1647097	19549	20700	1	17
k63_1647097	20814	22121	-1	18
k63_478732	268	606	1	1
k63_478732	728	1297	1	2
k63_478732	1401	1796	-1	3
k63_478732	1932	2306	1	4
k63_478732	2321	2884	1	5
k63_478732	2696	3316	-1	6
k63_126304	3	152	-1	1
k63_126304	334	606	1	2
k63_126304	860	2071	-1	3
k63_946528	278	2722	-1	1
k63_946528	2833	3333	-1	2
k63_946528	3345	6005	-1	3
k63_946528	6122	6610	-1	4
k63_710618	2	196	1	1
k63_710618	235	912	1	2
k63_710618	963	1727	-1	3
k63_710618	2060	2614	-1	4
k63_710618	2778	3041	-1	5
k63_710618	3038	3643	-1	6
k63_710618	3690	4010	-1	7
k63_710618	4098	5012	-1	8
k63_710618	5051	6676	-1	9
k63_710618	6835	7719	1	10
k63_710618	7749	9659	-1	11
k63_710618	9656	11464	-1	12
k63_710618	11719	13398	-1	13
k63_710618	13475	13876	-1	14
k63_710618	13933	14334	-1	15
k63_710618	14363	15106	1	16
k63_710618	15103	15726	-1	17
k63_710618	15795	16496	-1	18
k63_710618	16552	17361	-1	19
k63_710618	17504	17899	1	20
k63_710618	17942	18658	-1	21
k63_710618	18751	19056	-1	22
k63_710618	19238	20497	-1	23
k63_710618	20564	21814	-1	24
k63_710618	22359	23531	1	25
k63_1409905	757	2457	1	1
k63_1409905	2551	3753	1	2
k63_1409905	3864	4028	1	3
k63_240439	1	291	-1	1
k63_240439	813	1784	1	2
k63_240439	1911	2090	-1	3
k63_830794	233	1162	-1	1
k63_830794	1405	2163	-1	2
k63_830794	2683	3588	1	3
k63_830794	3631	3852	1	4
k63_362070	499	1821	1	1
k63_362070	2435	3871	1	2
k63_362070	3966	5021	1	3
k63_362070	5613	6050	1	4
k63_1297328	1	363	-1	1
k63_1297328	386	1048	-1	2
k63_1297328	1709	2824	1	3
k63_1297328	2840	3613	-1	4
k63_1297328	4085	4546	1	5
k63_1297328	4582	5490	1	6
k63_1297328	5874	6293	1	7
k63_1297328	6358	7236	1	8
k63_1297328	7325	8407	-1	9
k63_1297328	8481	8681	-1	10
k63_1297328	8723	9898	-1	11
k63_1297328	10075	11277	-1	12
k63_1297328	11519	13369	-1	13
k63_1297328	13458	14846	-1	14
k63_1297328	15494	16537	1	15
k63_1297328	16576	17679	1	16
k63_1297328	17771	18652	1	17
k63_1297328	18705	19064	1	18
k63_1297328	19118	20389	1	19
k63_1297328	20441	21187	1	20
k63_362558	1	849	-1	1
k63_362558	1062	1430	1	2
k63_362558	1739	2023	-1	3
k63_362558	2026	2331	-1	4
k63_362558	2379	2747	-1	5
k63_362558	2753	3199	-1	6
k63_362558	3255	4634	-1	7
k63_1063756	242	439	1	1
k63_1063756	488	1321	-1	2
k63_1063756	1495	1710	1	3
k63_831409	34	1119	1	1
k63_831409	1124	2167	1	2
k63_831409	2222	3202	1	3
k63_831409	3298	5226	-1	4
k63_1176876	3	239	-1	1
k63_1176876	271	1368	1	2
k63_1176876	1485	1706	1	3
k63_1176876	1738	2328	1	4
k63_480011	766	1191	1	1
k63_480011	1173	1598	1	2
k63_480011	1759	1983	1	3
k63_480011	2062	2763	1	4
k63_480011	2782	3762	1	5
k63_480011	3808	4101	-1	6
k63_480011	4129	5403	-1	7
k63_480011	5668	6486	-1	8
k63_480011	6545	7558	-1	9
k63_480011	7814	8461	1	10
k63_480011	8484	9308	-1	11
k63_831479	158	568	1	1
k63_831479	670	1140	1	2
k63_831479	1236	3317	1	3
k63_831479	3390	3683	1	4
k63_831479	3810	4451	1	5
k63_831479	4470	5135	1	6
k63_831479	5135	5419	1	7
k63_831479	5480	6316	1	8
k63_831479	6353	6637	1	9
k63_831479	6642	6986	1	10
k63_831479	6990	7730	1	11
k63_831479	7783	8223	1	12
k63_831479	8227	8418	1	13
k63_831479	8486	8866	1	14
k63_831479	8867	9235	1	15
k63_831479	9235	9507	1	16
k63_831479	9513	10226	1	17
k63_831479	10250	10555	1	18
k63_831479	10600	10998	1	19
k63_831479	10988	11602	1	20
k63_831479	11684	12046	1	21
k63_831479	12046	12903	1	22
k63_831479	12942	13127	1	23
k63_831479	13164	13610	1	24
k63_831479	13649	14980	1	25
k63_831479	14977	15651	1	26
k63_831479	15810	16619	1	27
k63_831479	16681	16899	1	28
k63_831479	17083	17475	1	29
k63_831479	17539	17922	1	30
k63_831479	17971	18597	1	31
k63_831479	18606	19694	1	32
k63_831479	19697	20050	1	33
k63_831479	20102	20926	1	34
k63_831479	20913	21344	1	35
k63_831479	21390	21803	1	36
k63_831479	21871	22797	-1	37
k63_831479	22875	23252	-1	38
k63_831479	23276	24688	-1	39
k63_831479	24861	25406	-1	40
k63_1531165	644	1933	1	1
k63_1531165	2052	3260	1	2
k63_1531165	3491	4189	-1	3
k63_1531165	4407	5354	1	4
k63_1531165	5479	6186	1	5
k63_1531165	6227	6934	1	6
k63_1297577	1	765	-1	1
k63_1297577	762	2087	-1	2
k63_1297577	2418	2804	-1	3
k63_1297577	2992	3993	1	4
k63_1297577	3995	4933	1	5
k63_1297577	5057	6376	1	6
k63_1297577	6505	8373	1	7
k63_1297577	8432	9112	1	8
k63_1297577	9135	9980	1	9
k63_1297577	10041	10586	1	10
k63_1297577	10834	11787	-1	11
k63_1297577	11848	12798	-1	12
k63_1297577	13002	13358	-1	13
k63_1297577	13389	14495	-1	14
k63_1297577	14573	15010	-1	15
k63_1297577	15104	15409	-1	16
k63_1297577	16007	16450	-1	17
k63_1297577	16473	17348	-1	18
k63_480295	2	529	1	1
k63_480295	800	2095	1	2
k63_480295	2126	2518	1	3
k63_480295	2556	2828	-1	4
k63_480295	2833	3036	-1	5
k63_480295	3047	3745	-1	6
k63_480295	3759	4547	-1	7
k63_362983	132	1055	1	1
k63_362983	1502	1852	-1	2
k63_362983	1939	3222	1	3
k63_362983	3372	5033	1	4
k63_362983	5481	6596	1	5
k63_362983	6698	7114	1	6
k63_362983	7196	8512	1	7
k63_362983	8516	8983	1	8
k63_362983	9079	10317	1	9
k63_362983	10666	11469	1	10
k63_362983	11674	12006	1	11
k63_1297924	2	1525	-1	1
k63_1297924	1567	2214	-1	2
k63_1297924	2456	3895	-1	3
k63_1297924	4053	5636	1	4
k63_1297924	5654	6235	1	5
k63_1297924	6358	7254	1	6
k63_1297924	7459	8412	-1	7
k63_1297924	8522	9382	-1	8
k63_1297924	9366	12221	-1	9
k63_1297924	12320	13027	-1	10
k63_1297924	13359	14288	1	11
k63_1297924	14392	15861	-1	12
k63_1297924	15953	17278	-1	13
k63_1297924	17484	18671	-1	14
k63_1297924	18661	19083	-1	15
k63_241294	81	878	-1	1
k63_241294	897	1424	-1	2
k63_241294	1492	2229	-1	3
k63_241294	2589	3338	-1	4
k63_241294	3528	5129	-1	5
k63_241294	5258	5746	-1	6
k63_241294	6015	7787	1	7
k63_241294	7898	8767	-1	8
k63_127970	162	1190	1	1
k63_127970	1360	2331	-1	2
k63_127970	2632	3234	1	3
k63_1298134	204	584	1	1
k63_1298134	577	1119	1	2
k63_1298134	1116	1778	-1	3
k63_1298134	2148	2621	1	4
k63_1298134	2676	3854	1	5
k63_1298134	3906	4370	1	6
k63_1298134	4756	5661	1	7
k63_1298134	5689	7020	1	8
k63_1298134	7035	7550	1	9
k63_1298134	7832	8098	1	10
k63_1298134	8615	11128	1	11
k63_128338	2	202	-1	1
k63_128338	319	792	1	2
k63_128338	1068	1979	1	3
k63_128338	2195	2542	1	4
k63_128338	2567	4423	1	5
k63_128338	4460	5884	1	6
k63_128338	5995	6804	1	7
k63_128338	6992	8410	1	8
k63_128338	8568	8699	1	9
k63_481214	2	73	1	1
k63_481214	290	541	1	2
k63_481214	713	1429	1	3
k63_481214	1440	2033	-1	4
k63_481214	2073	2360	-1	5
k63_481214	2515	4518	-1	6
k63_481214	4762	4866	1	7
k63_481214	5132	5491	-1	8
k63_594377	3	281	-1	1
k63_594377	342	1622	-1	2
k63_594377	1637	2326	-1	3
k63_1532343	18	1421	1	1
k63_1532343	1496	2632	1	2
k63_1532343	2712	3746	1	3
k63_1532343	3870	5408	-1	4
k63_1532343	5465	5989	-1	5
k63_1532343	6263	7261	-1	6
k63_1532343	7372	8508	-1	7
k63_1177997	145	1857	1	1
k63_1177997	1854	3086	1	2
k63_1177997	3073	6720	1	3
k63_1177997	7021	8784	1	4
k63_1177997	8912	10240	1	5
k63_1177997	10362	10904	1	6
k63_1177997	10773	11351	-1	7
k63_1177997	11384	11845	1	8
k63_1177997	11858	12850	-1	9
k63_1177997	13294	14211	-1	10
k63_1177997	14576	15706	1	11
k63_1177997	15714	16469	1	12
k63_1177997	16631	17596	1	13
k63_1177997	17654	19624	-1	14
k63_833004	1	141	1	1
k63_833004	211	1551	-1	2
k63_833004	1646	2614	-1	3
k63_594645	254	742	1	1
k63_594645	1011	2219	1	2
k63_949303	160	1017	-1	1
k63_949303	1260	2345	1	2
k63_949303	2555	3511	-1	3
k63_949309	373	1383	-1	1
k63_949309	1386	3677	-1	2
k63_1649793	241	1137	-1	1
k63_1649793	1277	2179	-1	2
k63_1649793	2495	3529	-1	3
k63_1649793	3884	4693	-1	4
k63_1649793	4978	5910	-1	5
k63_1649793	6030	6431	-1	6
k63_1649793	6428	6718	-1	7
k63_1649793	6751	7710	-1	8
k63_1649793	7758	9662	-1	9
k63_1649793	9838	10506	1	10
k63_1649793	10662	11480	1	11
k63_1649793	11750	13000	1	12
k63_1649793	13109	13915	1	13
k63_1649793	13917	14294	1	14
k63_1649793	14475	15548	1	15
k63_1649793	15627	16178	1	16
k63_1649793	16246	17175	1	17
k63_949395	124	1641	-1	1
k63_949395	1668	2120	-1	2
k63_482061	75	266	1	1
k63_482061	344	1249	-1	2
k63_482061	1252	1590	-1	3
k63_482061	1587	2459	-1	4
k63_1065763	2	127	-1	1
k63_1065763	295	540	-1	2
k63_1065763	663	896	1	3
k63_1065763	1322	1990	1	4
k63_1065763	1990	2448	1	5
k63_1065763	2750	3976	1	6
k63_1065763	4139	5563	1	7
k63_1065763	5671	7011	1	8
k63_1065763	7391	8161	1	9
k63_1065763	8403	8567	-1	10
k63_1065763	8708	9415	1	11
k63_1065763	9738	10664	1	12
k63_1065763	10691	11080	1	13
k63_1065763	11090	12061	1	14
k63_1065763	12325	12759	1	15
k63_1065763	12916	13158	1	16
k63_1065763	13354	14196	1	17
k63_1065763	14398	16680	1	18
k63_1065763	16804	17013	1	19
k63_833260	1	879	-1	1
k63_833260	1013	1114	-1	2
k63_833260	1328	2992	-1	3
k63_833260	3345	4181	1	4
k63_833260	4428	5228	-1	5
k63_833260	5437	5643	-1	6
k63_833260	5751	6143	-1	7
k63_833260	6253	8586	-1	8
k63_833260	9035	9535	-1	9
k63_833260	9928	11118	1	10
k63_833260	11162	11989	1	11
k63_833260	12132	13115	1	12
k63_1065933	1	213	1	1
k63_1065933	261	1886	-1	2
k63_1065933	1958	2332	-1	3
k63_1065933	2385	3278	-1	4
k63_1065933	3330	6134	-1	5
k63_1178358	94	1506	-1	1
k63_1178358	1797	2123	-1	2
k63_1178358	2233	2982	-1	3
k63_1178358	3047	3841	-1	4
k63_1178358	3926	4720	-1	5
k63_1178358	4821	5765	-1	6
k63_1178366	110	1147	-1	1
k63_1178366	1581	2522	1	2
k63_1178371	85	702	-1	1
k63_1178371	826	2367	-1	2
k63_1178371	2755	3735	1	3
k63_1178371	3842	4753	1	4
k63_1178371	4899	5810	1	5
k63_1178371	5823	7376	1	6
k63_1178371	7466	8953	1	7
k63_1178371	8976	9971	-1	8
k63_1178371	10129	11280	-1	9
k63_129626	50	1087	1	1
k63_129626	1394	1909	-1	2
k63_1178437	2	1162	1	1
k63_1178437	1240	1524	1	2
k63_1178437	1597	2379	-1	3
k63_1178437	2562	3698	1	4
k63_1178437	3804	4886	-1	5
k63_1178437	5012	5470	1	6
k63_1178437	5515	6561	1	7
k63_1178437	6568	7434	1	8
k63_1178437	7491	8246	1	9
k63_1178437	8254	8907	1	10
k63_1178437	8982	9785	1	11
k63_1178437	9888	11009	-1	12
k63_1178437	11073	11561	-1	13
k63_1178437	11740	12738	-1	14
k63_1178437	12749	13690	-1	15
k63_12612	3	65	-1	1
k63_12612	106	1239	-1	2
k63_12612	1462	2703	-1	3
k63_12612	2843	4633	1	4
k63_12612	4696	5520	-1	5
k63_12612	5624	6103	1	6
k63_12612	6173	7360	1	7
k63_482644	3	110	-1	1
k63_482644	127	933	1	2
k63_482644	956	1843	1	3
k63_482694	1	495	1	1
k63_482694	748	1188	1	2
k63_482694	1262	1582	1	3
k63_482694	1614	2723	-1	4
k63_482694	2786	3220	1	5
k63_482694	3217	3561	-1	6
k63_482694	3664	4176	-1	7
k63_482694	4203	5432	-1	8
k63_482694	5710	6726	-1	9
k63_482694	6807	9125	-1	10
k63_482694	9436	10794	-1	11
k63_482694	10809	11000	-1	12
k63_1412279	509	1558	1	1
k63_1412279	1616	2656	1	2
k63_1412279	2774	2965	1	3
k63_1412279	2966	3148	1	4
k63_1412279	3210	3977	1	5
k63_1412279	4012	5043	-1	6
k63_1412279	5130	5702	-1	7
k63_1412279	5709	6713	-1	8
k63_595278	2	679	1	1
k63_595278	754	1293	-1	2
k63_595278	1463	2434	-1	3
k63_365535	2	598	1	1
k63_365535	595	1779	-1	2
k63_365535	1908	3449	-1	3
k63_365535	3453	4172	-1	4
k63_365535	4150	5574	-1	5
k63_365535	5637	6620	-1	6
k63_365535	6669	7709	-1	7
k63_1533980	3	125	1	1
k63_1533980	421	2127	1	2
k63_1533980	2114	2716	1	3
k63_1533980	2774	3781	1	4
k63_1533980	3895	4008	1	5
k63_1533980	4071	5630	1	6
k63_1533980	5686	6813	-1	7
k63_1533980	6892	7029	1	8
k63_1533980	7144	7356	1	9
k63_1533980	7404	8222	-1	10
k63_1533980	8663	9628	1	11
k63_1533980	9637	10176	1	12
k63_1533980	10292	10600	1	13
k63_1533980	10634	11455	1	14
k63_1533980	11522	13366	-1	15
k63_1534203	498	1385	1	1
k63_1534203	1357	2259	1	2
k63_1534203	2291	3187	1	3
k63_1534203	3242	4927	-1	4
k63_1534203	4966	6231	-1	5
k63_1534203	6233	8080	-1	6
k63_1534203	8209	9159	-1	7
k63_1534203	9409	10341	1	8
k63_1534203	10384	11796	1	9
k63_1534203	11837	13108	1	10
k63_1534203	13190	13447	-1	11
k63_1534203	13759	14067	1	12
k63_1534203	14128	14898	1	13
k63_1534203	14990	15793	1	14
k63_1534203	15815	16552	1	15
k63_1534203	16982	17041	1	16
k63_1300589	3	311	1	1
k63_1300589	308	670	1	2
k63_1300589	667	1515	1	3
k63_1300589	1544	2503	1	4
k63_1300589	2546	3625	1	5
k63_1300589	3823	4320	1	6
k63_1300892	1	1563	1	1
k63_1300892	1560	2099	-1	2
k63_1300892	2118	2516	-1	3
k63_1300892	2600	3175	-1	4
k63_1300892	3293	3835	1	5
k63_1300892	3804	4313	-1	6
k63_1300892	4320	5324	-1	7
k63_1300892	5785	6165	1	8
k63_1650922	3	101	-1	1
k63_1650922	455	1597	1	2
k63_1650922	2094	3269	1	3
k63_1650922	3293	4384	1	4
k63_1650922	4421	4927	1	5
k63_1650922	4944	5318	-1	6
k63_1650922	5401	6240	1	7
k63_1650922	6267	7478	1	8
k63_1650922	7569	8708	-1	9
k63_1650922	8796	9935	-1	10
k63_1650922	10004	10207	-1	11
k63_484004	177	1526	-1	1
k63_484004	2025	3866	1	2
k63_484004	3915	5708	1	3
k63_484004	5916	6095	1	4
k63_484004	6210	6974	1	5
k63_484004	7075	8235	-1	6
k63_484004	8414	9805	-1	7
k63_484004	9981	10184	1	8
k63_484004	10184	11605	1	9
k63_484004	11668	13017	1	10
k63_484004	13054	14328	1	11
k63_484004	14339	14758	1	12
k63_484004	14871	15296	-1	13
k63_484004	15519	16025	1	14
k63_484004	16130	17296	1	15
k63_484004	17497	18942	1	16
k63_484004	19032	20480	-1	17
k63_484004	20473	25113	-1	18
k63_484004	25256	25618	1	19
k63_484004	25605	26057	-1	20
k63_484004	26114	26851	-1	21
k63_484004	26854	27399	-1	22
k63_484004	27405	28436	-1	23
k63_1535217	140	523	1	1
k63_1535217	504	1760	-1	2
k63_1535217	1991	3169	-1	3
k63_1535217	3975	4751	1	4
k63_1535217	4899	5690	-1	5
k63_1413249	148	819	-1	1
k63_1413249	837	2171	-1	2
k63_1413249	2175	2864	-1	3
k63_1413249	3074	3802	1	4
k63_1413249	3823	4359	1	5
k63_1413249	4394	5122	1	6
k63_1413249	5144	6718	1	7
k63_1413249	6739	7233	1	8
k63_835380	125	283	-1	1
k63_835380	409	1200	-1	2
k63_835380	1601	2335	1	3
k63_835380	2399	2746	1	4
k63_835380	2956	3495	-1	5
k63_1651408	301	1506	1	1
k63_1651408	1654	1947	1	2
k63_1651408	1925	3160	1	3
k63_1651408	3217	3438	1	4
k63_1651408	3435	3782	1	5
k63_1651408	3792	5027	1	6
k63_1651408	5048	5347	1	7
k63_1651408	5410	6294	1	8
k63_1651408	6332	7558	1	9
k63_1651408	7616	7867	-1	10
k63_14891	437	1609	1	1
k63_14891	1613	2506	1	2
k63_14891	3149	3673	-1	3
k63_14891	3839	4891	-1	4
k63_14891	5262	6176	-1	5
k63_14891	6173	6913	-1	6
k63_14891	7578	9155	-1	7
k63_14891	9124	9393	-1	8
k63_14891	9621	10805	1	9
k63_14891	10806	10988	1	10
k63_1301946	2	1171	1	1
k63_1301946	1171	1935	1	2
k63_1301946	2085	2831	1	3
k63_1301946	2965	3924	-1	4
k63_1301946	4297	4539	1	5
k63_1301946	4568	5521	1	6
k63_1301946	5576	8959	-1	7
k63_1301946	8970	10097	-1	8
k63_1301946	10094	10399	-1	9
k63_835912	609	1529	1	1
k63_835912	1922	2482	1	2
k63_1302226	2	538	1	1
k63_1302226	763	1266	1	2
k63_1302226	1747	2907	1	3
k63_1302226	3531	4148	1	4
k63_1536167	3	554	-1	1
k63_1536167	930	3848	1	2
k63_1536167	3856	8901	-1	3
k63_1536167	8945	9673	1	4
k63_243997	2	301	1	1
k63_243997	347	1258	1	2
k63_243997	1287	2207	1	3
k63_243997	2244	3161	1	4
k63_243997	3180	4316	1	5
k63_243997	4341	5516	1	6
k63_243997	5547	5921	1	7
k63_243997	6105	6995	1	8
k63_243997	7166	7831	1	9
k63_243997	7843	8271	1	10
k63_243997	8310	8501	-1	11
k63_243997	8887	9915	-1	12
k63_243997	9912	10769	-1	13
k63_243997	10822	12123	-1	14
k63_243997	12331	12963	1	15
k63_243997	12945	14183	1	16
k63_243997	14256	15137	1	17
k63_243997	15177	16634	1	18
k63_243997	16770	17909	-1	19
k63_243997	18456	19784	-1	20
k63_243997	20352	21638	1	21
k63_243997	21763	21993	1	22
k63_243997	22155	22562	1	23
k63_243997	22668	23819	-1	24
k63_243997	23907	24818	-1	25
k63_243997	24869	25801	-1	26
k63_243997	25849	26283	-1	27
k63_243997	26345	26785	-1	28
k63_485616	260	1429	-1	1
k63_714867	153	1976	1	1
k63_714867	2081	2470	1	2
k63_714867	2536	2793	-1	3
k63_1303116	2	796	-1	1
k63_1303116	917	1693	-1	2
k63_1303116	1754	2137	-1	3
k63_1303116	2366	3208	1	4
k63_837015	306	899	1	1
k63_837015	904	1392	1	2
k63_837015	1527	1997	1	3
k63_837015	2209	2751	1	4
k63_837015	2922	3194	1	5
k63_837015	3218	4267	1	6
k63_837015	4395	4679	1	7
k63_837015	4684	5187	1	8
k63_837015	5339	5878	1	9
k63_837015	5997	7505	1	10
k63_837015	7568	8431	1	11
k63_837015	8565	8810	1	12
k63_837015	8872	10269	1	13
k63_837015	10288	10737	1	14
k63_837015	10770	11438	-1	15
k63_837015	11674	11973	1	16
k63_837015	12069	12254	-1	17
k63_837015	12438	13259	-1	18
k63_837015	13282	15339	-1	19
k63_1069993	1	267	-1	1
k63_1069993	452	886	-1	2
k63_1069993	883	1212	-1	3
k63_1069993	1229	2197	-1	4
k63_133415	1	111	1	1
k63_133415	365	1159	1	2
k63_133415	1244	1744	1	3
k63_133415	1780	2241	-1	4
k63_133415	2269	2724	-1	5
k63_133415	2724	3992	-1	6
k63_133415	3992	5347	-1	7
k63_133415	5432	6223	-1	8
k63_133415	6348	7820	-1	9
k63_133415	8245	9057	1	10
k63_133415	9161	9634	1	11
k63_133415	9693	10283	1	12
k63_133415	10362	10946	1	13
k63_133415	11055	11876	1	14
k63_133415	11873	13030	1	15
k63_133415	13190	14197	1	16
k63_133415	14328	15128	1	17
k63_133415	15165	16163	1	18
k63_133415	16205	17059	-1	19
k63_133415	17109	18812	-1	20
k63_133415	18809	19402	-1	21
k63_133415	19642	20076	1	22
k63_133415	20052	21131	1	23
k63_133415	21138	22091	1	24
k63_133415	22092	22970	1	25
k63_133415	22999	24522	1	26
k63_133415	24607	24969	-1	27
k63_133415	25225	25464	1	28
k63_133415	25485	26195	1	29
k63_133415	26215	27453	1	30
k63_133415	27590	28039	1	31
k63_133415	28194	29162	-1	32
k63_133415	29186	29809	-1	33
k63_133415	30042	31580	-1	34
k63_133415	32053	32535	1	35
k63_133415	32772	33959	1	36
k63_133415	34066	35040	1	37
k63_133415	35049	35636	-1	38
k63_133415	36075	37388	-1	39
k63_133415	37385	38764	-1	40
k63_133415	38956	39993	-1	41
k63_133415	39993	40958	-1	42
k63_133415	41245	42129	-1	43
k63_133415	42149	43114	-1	44
k63_133415	43239	45026	-1	45
k63_133415	45289	45609	1	46
k63_133415	45737	46105	1	47
k63_486008	2	1453	1	1
k63_486008	1458	2456	1	2
k63_486008	2485	2613	1	3
k63_597328	221	1246	1	1
k63_597328	1262	3691	1	2
k63_597328	3688	4134	1	3
k63_597328	4183	5607	1	4
k63_597328	5604	6251	1	5
k63_597328	6487	7098	1	6
k63_597328	7106	7306	1	7
k63_597328	7327	7677	1	8
k63_1414573	159	1865	-1	1
k63_1414573	1950	2993	-1	2
k63_1414573	3003	3740	-1	3
k63_1414573	4348	4587	1	4
k63_1414573	4580	4843	-1	5
k63_1414573	4905	5003	1	6
k63_715382	51	1070	-1	1
k63_715382	1124	2008	-1	2
k63_1070730	386	1387	-1	1
k63_1070730	1581	1856	-1	2
k63_1070730	2140	2340	-1	3
k63_1181363	185	943	1	1
k63_1181363	1786	2574	-1	2
k63_1652790	197	1426	1	1
k63_1652790	1497	1721	1	2
k63_1652790	1817	2818	-1	3
k63_1652790	2822	4033	-1	4
k63_1652790	4071	5258	-1	5
k63_1652790	5331	6203	-1	6
k63_1652790	6379	7008	-1	7
k63_1652790	7113	9809	-1	8
k63_1652790	10485	11579	1	9
k63_1652790	11665	12093	-1	10
k63_486966	2	160	-1	1
k63_486966	223	702	1	2
k63_486966	711	3113	1	3
k63_486966	3144	4022	1	4
k63_486966	3942	4118	-1	5
k63_486966	4490	5383	1	6
k63_1181565	213	893	-1	1
k63_1181565	936	1721	-1	2
k63_1181565	1730	2614	-1	3
k63_1181565	2614	3993	-1	4
k63_1181565	4361	5398	1	5
k63_1181565	5496	6221	-1	6
k63_1181565	6329	7063	-1	7
k63_1181565	7113	8201	-1	8
k63_1181565	8316	9290	1	9
k63_1181565	9345	9818	-1	10
k63_1181565	10079	11680	1	11
k63_1181565	11750	12145	-1	12
k63_1181565	12764	13102	-1	13
k63_1181565	13198	13407	1	14
k63_1181565	13417	14694	1	15
k63_1181565	14736	15665	1	16
k63_1181565	15700	16371	1	17
k63_1181565	16422	17870	1	18
k63_1181565	17894	18919	1	19
k63_1181565	19047	20585	1	20
k63_1181565	20593	20826	1	21
k63_1181565	20853	21089	1	22
k63_1181565	21094	21891	1	23
k63_1181565	21992	22795	-1	24
k63_1181565	23027	23701	1	25
k63_1181565	23924	24868	1	26
k63_1181565	25022	25525	-1	27
k63_1181565	25637	26743	-1	28
k63_1181565	26808	27314	-1	29
k63_1181565	27412	28620	-1	30
k63_1181565	28800	30233	1	31
k63_1181565	30248	31420	1	32
k63_1181565	31464	32795	-1	33
k63_1181565	32818	34275	-1	34
k63_1181565	34297	34857	-1	35
k63_1181565	34897	35907	-1	36
k63_1181565	36014	36967	-1	37
k63_1181565	37024	37578	-1	38
k63_598050	82	1314	1	1
k63_598050	1338	1556	1	2
k63_245520	164	1570	1	1
k63_245520	1595	2377	1	2
k63_245520	2631	3566	1	3
k63_245520	3617	4534	1	4
k63_245520	4556	5764	1	5
k63_245520	6072	7331	1	6
k63_245520	7458	8900	1	7
k63_245520	8991	9872	-1	8
k63_245520	10074	11654	-1	9
k63_245520	11779	14253	-1	10
k63_245520	14461	15708	-1	11
k63_245520	15794	17068	-1	12
k63_245520	17343	19145	1	13
k63_245520	19213	20649	1	14
k63_245520	20772	21263	1	15
k63_245520	21264	22580	1	16
k63_245520	23069	23182	-1	17
k63_716029	83	667	1	1
k63_716029	966	2372	1	2
k63_716029	2419	2994	1	3
k63_716029	3032	3250	-1	4
k63_716029	3263	3370	-1	5
k63_716029	3591	4187	-1	6
k63_716029	4187	4543	-1	7
k63_17816	3	116	-1	1
k63_17816	516	1895	-1	2
k63_954601	178	618	1	1
k63_954601	622	984	1	2
k63_954601	1058	2917	1	3
k63_954601	3029	3244	-1	4
k63_954601	3724	4323	1	5
k63_954601	4336	4665	1	6
k63_954601	4858	5703	1	7
k63_954601	5923	7737	1	8
k63_954601	7740	8057	1	9
k63_954601	8138	8761	1	10
k63_954601	8758	9525	1	11
k63_954601	9746	11326	1	12
k63_954601	11348	11782	1	13
k63_954601	11888	14923	1	14
k63_370447	77	664	1	1
k63_370447	771	1481	1	2
k63_370447	1674	2486	1	3
k63_370447	2512	3399	-1	4
k63_370447	3577	5901	1	5
k63_370447	5958	6227	1	6
k63_370447	6181	7143	1	7
k63_370447	7140	7838	1	8
k63_370447	7842	11735	1	9
k63_370447	11767	12177	1	10
k63_370447	12309	12509	1	11
k63_370447	12695	13459	1	12
k63_370447	13490	15586	1	13
k63_370447	15645	16964	1	14
k63_370447	16987	17805	1	15
k63_370447	17818	18627	1	16
k63_370447	18635	19399	1	17
k63_370447	19451	20887	1	18
k63_370447	20949	21803	1	19
k63_839183	2	295	1	1
k63_839183	640	2463	1	2
k63_839183	3073	3369	1	3
k63_839183	3611	3847	1	4
k63_954945	334	930	1	1
k63_954945	927	1367	1	2
k63_954945	1397	1810	-1	3
k63_135341	448	882	-1	1
k63_135341	1185	5528	-1	2
k63_135341	5713	6546	1	3
k63_135341	7001	8020	1	4
k63_135341	8027	8398	1	5
k63_1653704	236	1216	1	1
k63_1653704	1266	2186	1	2
k63_1653704	2296	3048	-1	3
k63_1653704	3074	4084	-1	4
k63_1653704	4221	5639	1	5
k63_1653704	5875	6690	1	6
k63_1653704	6703	7137	1	7
k63_1653704	7177	7413	-1	8
k63_1653704	7689	8780	-1	9
k63_1653704	8900	9331	1	10
k63_1653704	9398	10213	-1	11
k63_1653704	10291	11838	-1	12
k63_1653704	11924	12511	-1	13
k63_1653704	12799	14427	1	14
k63_1653704	14465	16708	-1	15
k63_1653704	16733	17662	-1	16
k63_1653704	17666	18361	-1	17
k63_1653704	18370	18822	-1	18
k63_135892	1	1257	-1	1
k63_135892	1681	2148	1	2
k63_135892	2242	2412	1	3
k63_135892	2604	3701	1	4
k63_135892	3958	4719	-1	5
k63_135892	4923	5675	-1	6
k63_599025	3	281	-1	1
k63_599025	454	729	1	2
k63_599025	810	1931	1	3
k63_599025	2093	2335	1	4
k63_136087	162	1061	-1	1
k63_136087	1061	1714	-1	2
k63_136087	1819	4296	-1	3
k63_136087	4735	6153	1	4
k63_136087	6159	6818	1	5
k63_136087	6919	7755	1	6
k63_136087	7858	8091	-1	7
k63_136087	8146	8379	-1	8
k63_136087	8603	8821	-1	9
k63_136087	9022	9399	1	10
k63_955902	3	110	-1	1
k63_955902	534	809	1	2
k63_955902	1816	2265	1	3
k63_955902	2374	2724	1	4
k63_488938	172	540	1	1
k63_488938	598	1851	1	2
k63_488938	2015	3241	1	3
k63_488938	3728	4912	1	4
k63_488938	5509	7284	1	5
k63_136448	3	1307	-1	1
k63_136448	1323	2771	-1	2
k63_136448	2918	4468	-1	3
k63_136448	4591	6120	-1	4
k63_136448	6471	7127	-1	5
k63_136448	7192	8802	-1	6
k63_1416550	1	306	1	1
k63_1416550	212	571	-1	2
k63_1416550	712	2520	1	3
k63_1416550	2595	2987	1	4
k63_1416550	2992	3945	1	5
k63_1416550	3987	4298	1	6
k63_1416550	4375	5028	-1	7
k63_1416550	5188	5442	-1	8
k63_1416550	6077	7705	1	9
k63_1416550	7724	8266	-1	10
k63_1416550	8296	10269	-1	11
k63_1416550	10442	11077	-1	12
k63_1416550	11224	11667	-1	13
k63_1541077	1	99	1	1
k63_1541077	420	722	-1	2
k63_1541077	1288	3627	1	3
k63_1541077	3850	4272	-1	4
k63_1541077	4394	5023	1	5
k63_1541077	5085	5396	1	6
k63_1541077	5450	5974	-1	7
k63_1541077	6023	6670	-1	8
k63_1541077	6960	7319	1	9
k63_1541077	7462	8313	1	10
k63_1541077	8446	8835	-1	11
k63_1541077	8924	9787	-1	12
k63_1541077	10061	10894	1	13
k63_1541077	11166	11504	1	14
k63_1541077	11559	11903	1	15
k63_1541077	12209	13810	-1	16
k63_1541077	13941	14681	1	17
k63_1541077	15259	16473	1	18
k63_1541077	17024	18241	1	19
k63_1541077	18371	19387	1	20
k63_1541077	19416	20729	-1	21
k63_1541077	20743	23151	-1	22
k63_1541077	23826	24980	-1	23
k63_372125	607	1041	1	1
k63_19561	1	291	1	1
k63_19561	174	1358	-1	2
k63_19561	1434	1982	-1	3
k63_19561	2857	4173	1	4
k63_19561	4166	5536	1	5
k63_19561	5549	6463	-1	6
k63_19561	6630	7103	-1	7
k63_19561	7297	7929	-1	8
k63_19561	7913	9091	-1	9
k63_19561	9151	10263	-1	10
k63_19561	10599	11840	-1	11
k63_19561	11986	12663	-1	12
k63_19561	12759	13778	-1	13
k63_19561	13799	14659	-1	14
k63_19561	14740	16155	-1	15
k63_19561	16398	16529	1	16
k63_19561	16526	17926	1	17
k63_19561	18017	18169	1	18
k63_19561	18177	18638	-1	19
k63_19561	18873	19013	-1	20
k63_136778	2	67	-1	1
k63_136778	378	815	1	2
k63_136778	1227	2243	-1	3
k63_136778	2240	3232	-1	4
k63_136778	3293	4189	-1	5
k63_136778	4206	5123	-1	6
k63_136778	5263	5766	-1	7
k63_136778	5830	7362	-1	8
k63_246949	1	654	-1	1
k63_246949	1087	1989	1	2
k63_717588	340	900	1	1
k63_717588	1224	2297	1	2
k63_717588	2625	3332	1	3
k63_717588	3387	3665	-1	4
k63_1654543	1	363	1	1
k63_1654543	594	3035	1	2
k63_1654543	3022	3219	1	3
k63_20427	3	581	-1	1
k63_20427	586	3204	-1	2
k63_20427	3514	6126	-1	3
k63_20427	6356	7759	1	4
k63_20427	7983	8369	1	5
k63_841649	180	1049	1	1
k63_841649	1142	2044	-1	2
k63_841649	2370	2879	1	3
k63_841649	3044	3631	1	4
k63_841649	3706	5274	1	5
k63_841649	5582	6394	-1	6
k63_841649	6607	8061	1	7
k63_841649	8174	8872	1	8
k63_490260	3	272	-1	1
k63_490260	273	461	-1	2
k63_490260	493	771	-1	3
k63_490260	1314	1460	1	4
k63_490260	1554	1625	1	5
k63_1074865	1	2979	-1	1
k63_1074865	3213	4370	1	2
k63_1074865	4404	5675	1	3
k63_1074865	5686	6036	1	4
k63_1074865	6089	7039	-1	5
k63_1074865	7039	7863	-1	6
k63_1074865	8233	9081	1	7
k63_1074865	9078	9641	1	8
k63_1074865	9638	10237	1	9
k63_1074865	10304	11236	1	10
k63_1074865	11278	12603	-1	11
k63_1074865	12637	13716	-1	12
k63_1074865	13717	14511	-1	13
k63_1074865	14665	17238	1	14
k63_1074865	17258	17677	1	15
k63_1074865	17693	19972	-1	16
k63_1074865	20023	20499	-1	17
k63_1074865	20533	21453	-1	18
k63_1074865	21706	23796	-1	19
k63_1074865	23990	24802	-1	20
k63_1074865	24863	27172	-1	21
k63_1074889	2	445	-1	1
k63_1074889	1713	1940	1	2
k63_1074889	1940	2239	1	3
k63_1074889	2732	2938	-1	4
k63_1074889	2913	3251	-1	5
k63_1655203	60	809	-1	1
k63_1655203	816	1316	-1	2
k63_1655203	1372	2313	-1	3
k63_1655203	2519	3721	1	4
k63_138490	150	1655	1	1
k63_138490	2023	2286	1	2
k63_138490	2395	3564	1	3
k63_138490	3561	4106	1	4
k63_138490	4133	4438	1	5
k63_138490	4612	4719	1	6
k63_138490	4810	6111	1	7
k63_138490	6398	7870	1	8
k63_138490	7908	8195	1	9
k63_138490	8471	8665	1	10
k63_138490	8992	9234	1	11
k63_138490	9234	9467	1	12
k63_138490	9495	9959	1	13
k63_138490	10101	10649	1	14
k63_138490	10938	12230	1	15
k63_138490	12604	12972	1	16
k63_138490	13109	13339	1	17
k63_138490	13449	13958	1	18
k63_138490	14007	14474	1	19
k63_138490	14484	15053	1	20
k63_138490	15075	15431	1	21
k63_138490	15507	16259	1	22
k63_138490	16265	17227	1	23
k63_491641	274	786	1	1
k63_491641	864	1457	1	2
k63_491641	1919	2155	1	3
k63_491641	2152	2721	1	4
k63_491641	2718	3458	-1	5
k63_491641	3799	4902	-1	6
k63_491641	5334	6452	1	7
k63_491641	6842	8464	1	8
k63_491641	8707	9090	1	9
k63_491641	9335	12139	1	10
k63_491641	12196	12594	1	11
k63_491641	12833	13174	1	12
k63_491641	13188	14363	-1	13
k63_491641	14411	14647	-1	14
k63_491641	15320	16201	-1	15
k63_491641	16222	17658	-1	16
k63_491641	17672	17869	-1	17
k63_491641	17951	20056	-1	18
k63_491641	20241	20462	1	19
k63_491641	20604	21851	-1	20
k63_491641	21848	23116	-1	21
k63_491641	23209	23301	-1	22
k63_491705	1	582	1	1
k63_491705	566	901	1	2
k63_491705	1013	1372	1	3
k63_491705	1538	3985	1	4
k63_491705	4300	4380	-1	5
k63_374890	787	1050	1	1
k63_374890	1038	1238	1	2
k63_374890	1406	1945	1	3
k63_959138	218	1201	-1	1
k63_959138	1478	1900	-1	2
k63_959138	2010	2816	-1	3
k63_959138	2878	3669	-1	4
k63_959138	3701	4483	-1	5
k63_959138	4660	5262	-1	6
k63_959138	5614	6867	1	7
k63_959138	6955	8313	1	8
k63_959138	8402	9199	1	9
k63_959138	9371	10519	1	10
k63_959138	10649	12715	1	11
k63_959138	12712	14577	1	12
k63_959138	14857	16533	1	13
k63_959138	16670	17038	-1	14
k63_959138	17212	18204	1	15
k63_492423	1	114	-1	1
k63_492423	119	1234	-1	2
k63_492423	1416	1646	-1	3
k63_492423	1754	2671	-1	4
k63_492423	2704	3435	-1	5
k63_492423	3548	5401	-1	6
k63_492423	5504	6181	-1	7
k63_492423	6624	6848	-1	8
k63_492423	6869	8059	-1	9
k63_492423	8441	8905	1	10
k63_492423	8959	9351	1	11
k63_492423	9361	9687	1	12
k63_719403	159	914	1	1
k63_719403	1101	1910	1	2
k63_719403	1998	2519	1	3
k63_719403	2597	3343	-1	4
k63_719403	3512	4276	-1	5
k63_719403	4276	4695	-1	6
k63_719403	4817	6397	-1	7
k63_719403	6619	7404	1	8
k63_601734	1	471	-1	1
k63_601734	524	727	-1	2
k63_601734	752	1705	-1	3
k63_601734	2034	2246	1	4
k63_601734	2318	3013	-1	5
k63_601734	3013	4356	-1	6
k63_601734	4372	5187	-1	7
k63_601734	5536	5898	1	8
k63_601734	5928	6950	1	9
k63_601734	7112	7888	1	10
k63_601734	7926	8252	1	11
k63_844358	3	236	-1	1
k63_844358	567	2234	1	2
k63_376101	3	809	1	1
k63_376101	958	1335	1	2
k63_376101	1519	1593	1	3
k63_844853	3	89	-1	1
k63_844853	454	561	-1	2
k63_844853	566	823	-1	3
k63_844853	1183	1491	-1	4
k63_24556	2	151	1	1
k63_24556	302	895	1	2
k63_24556	896	1891	1	3
k63_845628	347	1903	1	1
k63_24900	2	1897	1	1
k63_24900	1921	2193	1	2
k63_24900	2232	3248	-1	3
k63_24931	153	1283	-1	1
k63_24931	1410	2318	1	2
k63_24931	2355	2975	-1	3
k63_24931	3064	4107	-1	4
k63_1657871	117	434	-1	1
k63_1657871	443	853	-1	2
k63_1657871	931	1854	-1	3
k63_1308591	1	1236	-1	1
k63_1308591	1467	1697	-1	2
k63_1186464	214	1311	1	1
k63_1186464	1406	2629	1	2
k63_1186464	2944	3981	-1	3
k63_1186464	4028	4255	-1	4
k63_1186464	4291	5631	-1	5
k63_846697	1	2103	-1	1
k63_602976	134	1441	-1	1
k63_602976	1695	2354	1	2
k63_602976	2512	3537	-1	3
k63_602976	3820	4290	1	4
k63_602976	4407	4919	1	5
k63_602976	5278	6228	1	6
k63_602976	6366	6791	1	7
k63_602976	6843	7103	1	8
k63_602976	7155	7898	1	9
k63_602976	7910	9592	1	10
k63_602976	9742	11913	1	11
k63_602976	12079	12609	1	12
k63_1658123	3	311	-1	1
k63_1658123	482	1291	-1	2
k63_1658123	1326	1559	-1	3
k63_1658123	1562	1765	-1	4
k63_1658123	1777	2322	-1	5
k63_1658123	2345	3748	-1	6
k63_1658123	3831	4682	-1	7
k63_1658123	4782	5948	-1	8
k63_1658123	6103	6912	-1	9
k63_1658123	7031	8725	-1	10
k63_1658123	8878	9897	-1	11
k63_1658123	10303	10773	1	12
k63_1658123	10881	11933	1	13
k63_1658123	11994	13850	-1	14
k63_1658123	13895	15181	-1	15
k63_1658123	15287	16270	-1	16
k63_1658123	16296	17831	-1	17
k63_1658123	17857	18771	-1	18
k63_1658123	18785	20065	-1	19
k63_1658123	20062	20781	-1	20
k63_1658123	20914	21996	-1	21
k63_1658123	22024	22653	-1	22
k63_1658123	23044	23739	1	23
k63_1658123	23846	24247	1	24
k63_1658123	24271	24873	1	25
k63_1658123	24860	25960	1	26
k63_1658123	26001	27089	-1	27
k63_1658123	27108	27305	-1	28
k63_1658123	27369	28550	1	29
k63_1658123	28575	28823	-1	30
k63_1658123	28833	29150	-1	31
k63_1658123	29201	30118	-1	32
k63_603121	168	359	1	1
k63_603121	785	1927	-1	2
k63_603121	2290	3249	1	3
k63_603121	3246	3635	1	4
k63_603121	3752	4594	-1	5
k63_603121	4591	4842	-1	6
k63_603121	4866	4976	-1	7
k63_603121	5439	6689	1	8
k63_603121	7085	8248	1	9
k63_603121	8306	8839	1	10
k63_603121	8839	9612	1	11
k63_962867	223	885	-1	1
k63_962867	1376	3127	1	2
k63_962867	3390	4136	-1	3
k63_962867	4209	4772	-1	4
k63_962867	4941	5435	-1	5
k63_26153	472	2259	1	1
k63_26153	2265	2690	1	2
k63_378705	119	511	-1	1
k63_378705	666	1823	1	2
k63_378705	2430	4679	1	3
k63_252013	107	1060	1	1
k63_252013	1601	2371	1	2
k63_252013	2368	3531	-1	3
k63_252013	3548	4093	-1	4
k63_252013	4171	5796	-1	5
k63_252013	5835	6092	1	6
k63_252013	6284	6805	-1	7
k63_252013	6790	7674	-1	8
k63_252013	7817	9385	1	9
k63_252013	9480	10520	1	10
k63_252013	10687	12030	1	11
k63_252013	12055	12984	-1	12
k63_252013	13048	13638	-1	13
k63_252013	13697	14755	-1	14
k63_252013	14994	15632	1	15
k63_252013	15643	16278	1	16
k63_252013	16275	17225	1	17
k63_252013	17312	19021	1	18
k63_252013	19089	20561	1	19
k63_252013	20573	20980	-1	20
k63_252013	22020	22850	1	21
k63_252013	22890	24263	-1	22
k63_252013	24263	24625	-1	23
k63_252013	25021	26223	1	24
k63_252013	26243	27208	-1	25
k63_252013	27258	32489	-1	26
k63_252013	32493	37025	-1	27
k63_252013	37637	39052	-1	28
k63_252013	39216	40766	-1	29
k63_252013	40852	41238	-1	30
k63_252013	41455	42249	1	31
k63_252013	42341	43963	1	32
k63_252013	43982	44710	1	33
k63_252013	44744	45418	1	34
k63_252013	45425	46225	1	35
k63_252013	46227	46409	1	36
k63_252013	46521	47114	1	37
k63_252013	47225	48091	-1	38
k63_252013	48088	49797	-1	39
k63_252013	50171	50923	1	40
k63_963541	3	83	1	1
k63_963541	184	885	1	2
k63_963541	1210	2046	-1	3
k63_26970	281	1486	1	1
k63_26970	1648	2085	1	2
k63_26970	2976	3212	1	3
k63_26970	3212	3547	1	4
k63_1548841	3	71	-1	1
k63_1548841	142	450	1	2
k63_1548841	440	778	1	3
k63_1548841	784	1521	1	4
k63_1548841	1642	1980	1	5
k63_1548841	2094	2348	-1	6
k63_1548841	2363	2575	-1	7
k63_1548841	2668	4122	-1	8
k63_1548841	4178	5230	-1	9
k63_497010	1	174	1	1
k63_497010	355	2040	1	2
k63_144766	209	940	1	1
k63_144766	1005	1766	-1	2
k63_1421914	130	768	-1	1
k63_1421914	800	1126	-1	2
k63_1421914	1180	2280	-1	3
k63_1421914	2318	3340	-1	4
k63_1421914	3547	4851	-1	5
k63_1421914	4859	6115	-1	6
k63_1188192	71	1123	1	1
k63_1188192	1430	1870	1	2
k63_1188192	2064	2384	1	3
k63_1188192	2467	4137	1	4
k63_1188192	4159	5019	-1	5
k63_1188192	5088	5858	-1	6
k63_1188192	6039	6542	1	7
k63_253746	286	1599	1	1
k63_253746	1727	2824	1	2
k63_253746	2855	3310	-1	3
k63_253746	3367	4098	-1	4
k63_253878	3	146	1	1
k63_253878	175	408	1	2
k63_253878	440	3139	-1	3
k63_253878	3418	3816	-1	4
k63_253878	3932	4267	-1	5
k63_253878	4430	4639	1	6
k63_253878	4939	6546	1	7
k63_253878	6738	7862	1	8
k63_253878	8370	8552	1	9
k63_253878	8571	8777	1	10
k63_253878	9118	10104	1	11
k63_254504	3	173	1	1
k63_254504	562	1350	1	2
k63_254504	1317	1754	-1	3
k63_1660230	2	208	-1	1
k63_1660230	205	567	-1	2
k63_1660230	642	959	1	3
k63_1660230	985	2199	1	4
k63_1660230	2196	3464	1	5
k63_1660230	3464	4879	1	6
k63_850704	199	912	1	1
k63_850704	928	1734	1	2
k63_850704	1771	2895	1	3
k63_850704	2892	3818	-1	4
k63_255701	263	1129	1	1
k63_255701	1228	2160	-1	2
k63_255701	2219	3421	-1	3
k63_255701	3425	4402	-1	4
k63_255701	4652	5203	1	5
k63_500290	471	1355	1	1
k63_500290	1386	3323	1	2
k63_500290	3363	4292	1	3
k63_500290	4366	4572	1	4
k63_147915	1	171	1	1
k63_147915	278	2308	1	2
k63_147915	2652	3173	1	3
k63_147915	3173	3367	1	4
k63_852231	73	960	1	1
k63_852231	1029	1664	1	2
k63_852231	1686	3068	1	3
k63_852231	3085	4035	-1	4
k63_852231	4152	4466	-1	5
k63_852231	4480	6285	-1	6
k63_607211	150	1463	1	1
k63_1553975	255	857	-1	1
k63_1553975	986	1324	1	2
k63_1553975	1411	1812	1	3
k63_607394	3	374	1	1
k63_607394	532	2040	1	2
k63_1313222	152	532	-1	1
k63_1313222	480	719	-1	2
k63_1313222	768	1226	-1	3
k63_1313222	1252	1764	-1	4
k63_1313222	1765	2004	-1	5
k63_1313222	2025	2282	-1	6
k63_1313222	2269	2892	-1	7
k63_1662887	1	375	1	1
k63_1662887	382	999	1	2
k63_1662887	999	1439	1	3
k63_1662887	1497	2582	1	4
k63_1662887	2579	3811	1	5
k63_1662887	3846	4418	1	6
k63_1662887	4419	5003	1	7
k63_1662887	5023	5337	1	8
k63_1662887	5394	5588	1	9
k63_1662887	5602	7638	1	10
k63_1662887	7645	9183	1	11
k63_1662887	9204	10715	1	12
k63_1662887	10716	11576	1	13
k63_1662887	11611	12165	1	14
k63_1662887	12162	12710	1	15
k63_1662887	12787	14475	1	16
k63_1662887	14479	15483	1	17
k63_1662887	15524	16405	1	18
k63_1662887	16731	18026	-1	19
k63_1662887	18164	19108	-1	20
k63_1662887	19308	20510	-1	21
k63_33463	98	280	-1	1
k63_33463	309	1013	1	2
k63_33463	1228	2550	1	3
k63_33463	2547	3287	1	4
k63_33463	3282	5225	-1	5
k63_33463	5252	5587	-1	6
k63_33463	5584	6198	-1	7
k63_33463	6331	7458	1	8
k63_33463	7478	8344	-1	9
k63_33463	8394	8810	1	10
k63_33463	8842	9612	-1	11
k63_33463	9641	11140	-1	12
k63_33463	11375	11662	1	13
k63_33463	11725	12174	-1	14
k63_33463	12255	12791	-1	15
k63_33463	13126	15672	-1	16
k63_33463	15719	17053	-1	17
k63_33463	17110	18096	-1	18
k63_1663093	156	1802	-1	1
k63_1663093	1819	1908	-1	2
k63_1663093	1871	2584	-1	3
k63_1663093	2715	3140	-1	4
k63_1663093	3149	4783	-1	5
k63_1663093	4780	5214	-1	6
k63_1663093	5270	6193	-1	7
k63_1663093	6221	7216	-1	8
k63_1663093	7406	7891	1	9
k63_1663093	7953	8189	-1	10
k63_1663093	8443	8667	-1	11
k63_1663093	8829	9317	1	12
k63_1663093	9334	10401	-1	13
k63_1663093	10419	11510	-1	14
k63_1663093	12103	13233	1	15
k63_1663093	13301	14716	1	16
k63_387278	106	1002	-1	1
k63_387278	999	1970	-1	2
k63_387278	1963	2754	-1	3
k63_387278	2757	3134	-1	4
k63_1426522	155	1327	-1	1
k63_1426522	1733	2671	-1	2
k63_1426522	2784	3152	-1	3
k63_1664120	1	198	1	1
k63_1664120	1000	1329	-1	2
k63_1664120	1439	2503	-1	3
k63_1664120	2661	3788	-1	4
k63_1664120	3873	5276	-1	5
k63_1664120	5705	6250	1	6
k63_1664120	6348	6911	1	7
k63_1664120	7009	8145	-1	8
k63_1664120	8216	8407	-1	9
k63_1664120	8849	9757	1	10
k63_1664120	9778	10536	-1	11
k63_726764	112	1536	1	1
k63_388782	145	819	-1	1
k63_388782	824	1612	-1	2
k63_261125	2	478	-1	1
k63_261125	544	840	-1	2
k63_261125	1164	3692	-1	3
k63_261125	3832	5337	1	4
k63_261125	5482	5790	-1	5
k63_261125	5846	6064	-1	6
k63_261125	6239	7228	1	7
k63_610019	109	324	-1	1
k63_610019	465	1355	1	2
k63_610019	1436	2056	1	3
k63_610019	2144	3820	1	4
k63_610019	3857	4516	1	5
k63_610019	4632	4847	-1	6
k63_610019	5377	6627	1	7
k63_610019	6813	8075	1	8
k63_610019	8316	9578	1	9
k63_610031	2	79	1	1
k63_610031	502	1764	1	2
k63_610031	2085	3170	-1	3
k63_1084309	1	2223	1	1
k63_1084309	2307	3188	-1	2
k63_1084309	3541	4506	1	3
k63_1084309	4550	5455	-1	4
k63_36316	1	171	-1	1
k63_36316	273	2498	1	2
k63_36316	2713	4146	1	3
k63_36316	4189	4623	-1	4
k63_389321	3	77	1	1
k63_389321	173	2011	-1	2
k63_389321	2022	2414	-1	3
k63_389321	2411	3925	-1	4
k63_389321	3933	4550	-1	5
k63_261547	2	517	1	1
k63_261547	588	896	-1	2
k63_261547	1029	1724	1	3
k63_261547	2352	2879	-1	4
k63_261719	2	250	1	1
k63_261719	341	505	1	2
k63_261719	617	823	-1	3
k63_261719	820	1095	-1	4
k63_261719	1064	1573	-1	5
k63_1428017	171	665	1	1
k63_1428017	1252	2502	1	2
k63_1428017	2525	3277	-1	3
k63_1428017	3312	3476	-1	4
k63_1428017	4086	4379	-1	5
k63_1428017	4398	4763	-1	6
k63_1428017	5017	5487	-1	7
k63_1428017	5785	6819	1	8
k63_1428017	6937	7953	1	9
k63_1428017	8113	8847	1	10
k63_1428017	8944	10263	-1	11
k63_1428017	10586	11602	1	12
k63_1428017	11625	13154	1	13
k63_1428017	13704	14204	-1	14
k63_1665609	348	1748	1	1
k63_1665609	1745	4318	1	2
k63_1665609	5233	5343	1	3
k63_1085201	2	1108	1	1
k63_1085201	1197	2246	1	2
k63_1085201	2406	2825	-1	3
k63_38741	1	162	1	1
k63_38741	465	842	1	2
k63_38741	839	1453	1	3
k63_1085803	1	78	1	1
k63_1085803	499	1290	1	2
k63_1085803	1550	1888	-1	3
k63_977014	177	569	1	1
k63_977014	566	1075	-1	2
k63_977014	1084	1944	-1	3
k63_977100	115	1104	1	1
k63_977100	1258	1527	-1	2
k63_977100	1693	2256	-1	3
k63_977100	2337	2894	-1	4
k63_977100	3345	3554	1	5
k63_612645	3	1862	-1	1
k63_1561656	1	1587	-1	1
k63_1429873	525	1433	-1	1
k63_1429873	1430	2377	-1	2
k63_1429873	2769	3671	1	3
k63_1429873	3887	4225	1	4
k63_1429873	4222	4581	1	5
k63_1429873	4733	5767	1	6
k63_1429873	5835	6143	1	7
k63_1429873	6165	6410	1	8
k63_1429873	6420	6815	1	9
k63_1429873	6853	7041	1	10
k63_1429873	7192	7428	1	11
k63_1429873	7460	7807	1	12
k63_264902	189	1478	1	1
k63_264902	1530	1772	1	2
k63_264902	1842	2117	1	3
k63_264902	2421	3482	1	4
k63_1667335	354	2078	1	1
k63_1667335	2161	3147	-1	2
k63_1667335	3398	4651	-1	3
k63_510898	1	618	1	1
k63_510898	716	3007	1	2
k63_510898	3182	3829	1	3
k63_510898	3826	5604	1	4
k63_1318634	418	1827	-1	1
k63_1318634	1880	2797	-1	2
k63_730521	194	406	-1	1
k63_730521	464	574	-1	2
k63_730521	1281	3872	1	3
k63_730521	3887	4174	1	4
k63_730521	4171	4539	1	5
k63_613546	433	1452	-1	1
k63_613546	1608	2717	1	2
k63_613546	2775	3344	1	3
k63_613546	3445	4179	-1	4
k63_1197039	199	459	-1	1
k63_1197039	815	1483	-1	2
k63_266424	2	118	1	1
k63_266424	498	1583	1	2
k63_266424	2024	2272	-1	3
k63_863716	3	908	-1	1
k63_863716	927	1730	-1	2
k63_863716	1818	1955	-1	3
k63_160384	279	1502	-1	1
k63_160384	1640	2767	1	2
k63_160384	2767	3180	1	3
k63_160384	3198	4580	1	4
k63_614524	1	66	1	1
k63_614524	210	2060	1	2
k63_614524	2057	2404	1	3
k63_614524	2410	3144	1	4
k63_614524	3249	3440	-1	5
k63_614524	3850	5250	1	6
k63_614524	5291	6301	1	7
k63_614524	6365	7351	1	8
k63_614524	7625	8839	1	9
k63_614524	8930	10570	1	10
k63_614524	10676	12124	1	11
k63_614524	12137	12283	-1	12
k63_614524	12305	13426	-1	13
k63_614524	13416	13988	-1	14
k63_614524	14091	15443	-1	15
k63_614524	15548	16390	-1	16
k63_614524	16469	18460	-1	17
k63_614524	18491	22255	-1	18
k63_614524	22552	23400	1	19
k63_614524	23425	24450	1	20
k63_614524	24592	25509	1	21
k63_614524	25577	25993	1	22
k63_614524	26074	28206	-1	23
k63_614524	28287	30005	-1	24
k63_614524	30417	32318	1	25
k63_614524	32412	33419	1	26
k63_732612	3	449	-1	1
k63_732612	490	2091	-1	2
k63_982129	180	698	1	1
k63_982129	751	1545	-1	2
k63_1432160	2	172	1	1
k63_1432160	445	1230	1	2
k63_1432160	1585	2241	1	3
k63_1432160	2274	2897	-1	4
k63_1432160	3035	4114	-1	5
k63_1432160	4257	5189	-1	6
k63_1669770	3	86	1	1
k63_1669770	183	602	1	2
k63_1669770	645	962	-1	3
k63_1669770	1602	2522	1	4
k63_865383	156	611	1	1
k63_865383	628	816	-1	2
k63_865383	846	1676	-1	3
k63_865383	1770	2696	-1	4
k63_865383	2754	3437	-1	5
k63_865383	3640	4458	-1	6
k63_865383	4869	5771	1	7
k63_865383	5842	6216	1	8
k63_865383	6350	6772	1	9
k63_865383	7023	8198	1	10
k63_865383	8505	9911	1	11
k63_865383	9985	11118	1	12
k63_865383	11223	12296	1	13
k63_865383	12391	12852	1	14
k63_865383	12883	13674	1	15
k63_865383	13780	14976	1	16
k63_865383	15009	15794	1	17
k63_865383	15845	17098	1	18
k63_865383	17095	17454	-1	19
k63_865383	17739	18461	-1	20
k63_865383	18480	18962	-1	21
k63_865383	19179	20279	-1	22
k63_865383	20578	21237	1	23
k63_865383	21215	21655	1	24
k63_865383	21839	22423	-1	25
k63_865383	22634	25165	-1	26
k63_162156	159	1277	1	1
k63_162156	1645	1998	1	2
k63_162156	2011	2121	1	3
k63_1321800	259	1563	1	1
k63_1321800	1705	2364	1	2
k63_1321800	2501	2629	1	3
k63_1199339	138	962	1	1
k63_1199339	1288	2280	1	2
k63_1199339	2424	3368	-1	3
k63_1199339	3368	4672	-1	4
k63_1670546	1	117	1	1
k63_1670546	131	1387	1	2
k63_1670546	1418	3436	1	3
k63_1199657	245	1189	1	1
k63_1199657	1313	2284	1	2
k63_1199657	2333	3391	1	3
k63_1199657	3593	3742	1	4
k63_1199657	3961	4110	1	5
k63_1199657	4198	4701	-1	6
k63_1199657	4983	5783	1	7
k63_1199657	5932	7281	1	8
k63_1199657	7650	9170	1	9
k63_1199657	9329	10456	-1	10
k63_1199657	10601	11485	-1	11
k63_1199657	11578	12633	-1	12
k63_1199657	12726	13736	-1	13
k63_1199657	14017	14904	-1	14
k63_1199657	14914	15126	-1	15
k63_1199657	15358	15513	-1	16
k63_616269	267	2474	1	1
k63_734018	16	117	-1	1
k63_734018	348	1538	-1	2
k63_163020	400	2232	1	1
k63_163020	2297	3835	-1	2
k63_163020	3954	4871	-1	3
k63_163020	4966	5967	-1	4
k63_163020	6097	6654	-1	5
k63_163020	6839	7240	-1	6
k63_163020	7464	8294	1	7
k63_163020	8350	9117	1	8
k63_163020	9170	9811	1	9
k63_163020	10022	11425	1	10
k63_1670750	1	465	1	1
k63_1670750	571	1704	1	2
k63_734192	2	268	1	1
k63_734192	280	474	1	2
k63_734192	589	1497	1	3
k63_734192	1540	2301	1	4
k63_269922	3	167	-1	1
k63_269922	341	709	-1	2
k63_269922	1050	1424	-1	3
k63_269922	2165	2485	1	4
k63_984152	596	1963	-1	1
k63_984152	2699	3547	1	2
k63_984152	3635	4702	1	3
k63_984152	5121	5642	1	4
k63_270020	267	446	1	1
k63_270020	755	1909	-1	2
k63_270020	1855	2016	-1	3
k63_270020	2016	2861	-1	4
k63_270020	3189	3986	1	5
k63_734891	205	1731	1	1
k63_734891	1747	2337	1	2
k63_1091011	79	819	-1	1
k63_1091011	905	1849	-1	2
k63_867653	2	715	1	1
k63_867653	821	3385	1	2
k63_867653	3420	4094	-1	3
k63_867653	4306	5103	1	4
k63_867653	5119	5991	1	5
k63_867653	6015	6554	1	6
k63_617070	3	689	1	1
k63_617070	686	2320	1	2
k63_617119	272	1222	1	1
k63_617119	1309	1719	1	2
k63_617119	1716	2591	1	3
k63_617119	2714	2773	1	4
k63_399989	2	730	1	1
k63_399989	730	1050	1	2
k63_399989	1095	1571	-1	3
k63_399989	1602	3149	-1	4
k63_399989	3595	3900	1	5
k63_271260	111	1559	-1	1
k63_271260	1727	2587	1	2
k63_271260	2687	3301	-1	3
k63_271260	3301	4398	-1	4
k63_271260	4435	5784	-1	5
k63_271260	5774	6535	-1	6
k63_518442	125	1378	-1	1
k63_518442	1645	1938	1	2
k63_518442	1886	3166	-1	3
k63_518442	3192	4580	-1	4
k63_518442	4758	5750	1	5
k63_518442	6155	6592	-1	6
k63_985953	290	766	1	1
k63_985953	846	2912	1	2
k63_985953	2928	3728	-1	3
k63_985953	3855	4871	1	4
k63_985953	4892	5695	1	5
k63_985953	5718	6371	1	6
k63_985953	6385	7593	1	7
k63_985953	7646	8419	1	8
k63_1568857	274	537	-1	1
k63_1568857	616	1368	-1	2
k63_1568857	1823	3841	-1	3
k63_1568857	3958	4710	1	4
k63_1568857	4825	5514	-1	5
k63_1568857	5628	6326	-1	6
k63_1568857	6535	7422	-1	7
k63_1568857	7667	8620	-1	8
k63_1568857	9044	10201	1	9
k63_1568857	10194	10868	1	10
k63_1568857	10865	11239	1	11
k63_1568857	11680	12210	1	12
k63_1568857	12265	13137	1	13
k63_1568857	13244	13987	1	14
k63_1568857	14027	14734	1	15
k63_1568857	14865	15560	1	16
k63_1568857	15574	16371	-1	17
k63_1568857	16407	17012	-1	18
k63_1672239	225	3350	1	1
k63_1672239	3540	4706	1	2
k63_986517	97	1389	-1	1
k63_986517	1462	2262	-1	2
k63_400872	2	289	1	1
k63_400872	378	1718	-1	2
k63_1435447	3	1406	-1	1
k63_1435447	1821	1913	1	2
k63_1571666	1	954	1	1
k63_1571666	1143	1400	1	2
k63_1571666	1428	3824	-1	3
k63_1571666	3910	4701	-1	4
k63_1571666	4758	5957	1	5
k63_1571666	6393	7289	1	6
k63_1571666	7333	8154	-1	7
k63_1571666	8178	8966	-1	8
k63_1571666	9018	9704	-1	9
k63_1571666	10001	10093	-1	10
k63_1674476	1	873	1	1
k63_1674476	1029	1811	1	2
k63_1674476	1979	3529	1	3
k63_1674476	3604	3939	1	4
k63_1674476	4066	4461	-1	5
k63_1674476	4518	5489	-1	6
k63_620033	2	139	1	1
k63_620033	279	1511	1	2
k63_620033	1585	2706	1	3
k63_620033	3036	3431	-1	4
k63_1093918	3	182	-1	1
k63_1093918	189	1865	-1	2
k63_1093918	2221	3294	1	3
k63_1093918	3505	4725	1	4
k63_1093918	4709	6028	1	5
k63_1093918	6031	6732	1	6
k63_522602	90	374	-1	1
k63_522602	415	666	-1	2
k63_522602	969	2078	-1	3
k63_522602	2227	2511	-1	4
k63_522602	2649	3062	-1	5
k63_522602	3256	3450	-1	6
k63_51372	3	188	-1	1
k63_51372	231	1154	1	2
k63_51372	1235	1717	-1	3
k63_51372	1761	2153	-1	4
k63_51496	80	1147	-1	1
k63_51496	1187	2074	-1	2
k63_51496	2093	2773	-1	3
k63_1204488	2	424	1	1
k63_1204488	617	1033	-1	2
k63_1204488	1030	1293	-1	3
k63_1204488	1546	1614	-1	4
k63_1204799	2	73	1	1
k63_1204799	375	2033	1	2
k63_1204799	2183	2752	1	3
k63_1204799	2846	4297	1	4
k63_1204799	4399	6288	-1	5
k63_621324	135	431	-1	1
k63_621324	496	1185	-1	2
k63_621324	1647	3071	1	3
k63_621324	3195	4334	1	4
k63_621324	4434	5438	1	5
k63_621324	5546	5899	-1	6
k63_621324	6060	6551	-1	7
k63_621324	7391	7645	1	8
k63_621324	7670	8029	1	9
k63_621324	8113	8901	1	10
k63_621324	8969	9811	1	11
k63_621324	9854	9976	1	12
k63_1205413	1	252	-1	1
k63_1205413	437	1000	1	2
k63_1205413	1118	2140	-1	3
k63_1205413	2157	3599	-1	4
k63_1205413	3619	4920	-1	5
k63_1205413	5013	6194	-1	6
k63_171024	156	2177	1	1
k63_171024	2358	3029	1	2
k63_171024	2968	3360	1	3
k63_992674	55	1695	-1	1
k63_1575374	186	944	1	1
k63_1575374	990	1262	1	2
k63_1575374	1280	2122	1	3
k63_1575374	2147	2761	1	4
k63_1575374	2882	3799	1	5
k63_1575374	3886	4479	-1	6
k63_1575374	4439	5431	-1	7
k63_1575374	5612	6808	1	8
k63_1575374	6840	9305	1	9
k63_1575374	9295	10350	1	10
k63_1575374	10417	10863	1	11
k63_1575374	10955	11521	1	12
k63_1575374	11560	12939	1	13
k63_1575374	12966	13307	1	14
k63_1575374	13314	14156	1	15
k63_1575374	14157	15554	-1	16
k63_1575374	15596	16246	-1	17
k63_1575374	16298	16945	-1	18
k63_1575374	16979	18442	-1	19
k63_1575374	18502	18732	1	20
k63_1575374	19161	20033	1	21
k63_1575374	20119	21393	1	22
k63_1575374	21520	22662	1	23
k63_1575374	22956	23501	1	24
k63_1575374	23579	23893	1	25
k63_1575374	24054	24500	1	26
k63_1575374	24633	27137	1	27
k63_1575374	27406	28449	1	28
k63_1575374	28471	29274	1	29
k63_1575374	29308	29589	1	30
k63_1575374	29763	30281	1	31
k63_622764	123	824	-1	1
k63_622764	1241	2479	1	2
k63_622764	2625	3599	1	3
k63_622764	3599	4504	1	4
k63_622764	4577	5353	1	5
k63_622764	5346	5864	1	6
k63_622764	5895	6746	1	7
k63_622764	6792	7964	1	8
k63_622764	8442	8678	1	9
k63_622764	8693	9481	1	10
k63_622764	9520	10038	1	11
k63_622764	10191	10682	1	12
k63_1097178	1	111	-1	1
k63_1097178	494	1231	1	2
k63_1097178	1361	2428	-1	3
k63_1097178	2511	2678	-1	4
k63_1097178	2878	3705	1	5
k63_1097524	404	1477	-1	1
k63_1097524	1628	1735	1	2
k63_279901	1	630	1	1
k63_279901	627	1055	-1	2
k63_279901	1068	2054	-1	3
k63_279901	2083	3291	-1	4
k63_279901	3318	3689	-1	5
k63_742305	306	725	1	1
k63_742305	791	1660	1	2
k63_742305	1989	3317	1	3
k63_742305	3319	4566	1	4
k63_56847	8	772	-1	1
k63_56847	769	1473	-1	2
k63_56847	1621	2460	1	3
k63_56847	2451	2675	1	4
k63_56847	2672	3955	1	5
k63_56847	3945	5216	1	6
k63_1098313	3	68	-1	1
k63_1098313	116	1588	-1	2
k63_1098572	1	903	-1	1
k63_1098572	1365	2417	-1	2
k63_1098572	2667	3461	-1	3
k63_1098572	3492	3788	-1	4
k63_1098572	3983	4681	-1	5
k63_1680785	488	1507	-1	1
k63_1680785	1675	3681	1	2
k63_1680785	3960	4283	-1	3
k63_1680785	4617	5705	1	4
k63_1680785	5768	6718	1	5
k63_1680785	6894	7757	-1	6
k63_1680785	7804	9072	-1	7
k63_1680785	9102	9764	-1	8
k63_1680785	10001	11116	-1	9
k63_1210771	157	1587	1	1
k63_1210771	1735	2922	1	2
k63_413061	202	894	-1	1
k63_413061	939	2705	-1	2
k63_413061	2771	3520	-1	3
k63_883466	238	1566	1	1
k63_883466	1542	1793	1	2
k63_883466	1861	2730	1	3
k63_883466	2780	3322	-1	4
k63_883466	3327	3782	-1	5
k63_883466	3864	4325	-1	6
k63_883466	4380	5759	-1	7
k63_883466	5959	6726	1	8
k63_883466	6756	7277	1	9
k63_883466	7281	7865	1	10
k63_883466	7997	9997	1	11
k63_883466	10009	10521	-1	12
k63_61696	1	339	-1	1
k63_61696	339	1505	-1	2
k63_61696	1627	3282	1	3
k63_883806	294	1430	1	1
k63_285339	32	340	-1	1
k63_285339	470	1441	-1	2
k63_285339	1435	1578	-1	3
k63_884346	197	1108	1	1
k63_884346	1159	1515	1	2
k63_884346	1643	2977	1	3
k63_534863	1	2334	-1	1
k63_534863	2340	2717	-1	2
k63_63006	137	820	1	1
k63_63006	1155	1607	1	2
k63_63006	1650	2129	1	3
k63_63006	2172	3545	1	4
k63_63006	3556	4995	1	5
k63_63006	5237	5533	1	6
k63_63006	5815	6795	1	7
k63_63006	7041	7832	1	8
k63_63006	8152	8523	-1	9
k63_749601	186	1538	-1	1
k63_749601	1751	2941	-1	2
k63_749601	3307	3972	1	3
k63_749601	4044	4298	1	4
k63_749601	4398	4763	-1	5
k63_749601	4770	5198	-1	6
k63_749601	6116	7624	1	7
k63_749601	7655	8440	1	8
k63_749601	8684	9391	1	9
k63_749601	9767	10153	1	10
k63_749601	10572	11051	1	11
k63_749601	11086	12846	1	12
k63_749601	12928	15771	1	13
k63_749601	15916	16671	1	14
k63_749601	16890	19526	1	15
k63_749601	19790	20083	1	16
k63_749601	20136	20573	1	17
k63_749601	20648	22414	1	18
k63_749601	22460	22687	-1	19
k63_749601	23122	23907	1	20
k63_749601	23917	24573	1	21
k63_749601	24733	25662	1	22
k63_631066	30	1436	-1	1
k63_631066	1507	1707	-1	2
k63_631096	190	1656	1	1
k63_631096	1755	1910	-1	2
k63_1448619	2	157	1	1
k63_1448619	651	1793	-1	2
k63_1448619	2342	2440	1	3
k63_1448925	2	169	1	1
k63_1448925	667	873	-1	2
k63_1448925	1074	1595	1	3
k63_1448925	1621	2013	1	4
k63_1448925	2080	2901	1	5
k63_1448925	2973	3461	-1	6
k63_1448925	3495	3671	-1	7
k63_290216	333	1184	-1	1
k63_290216	1452	1934	-1	2
k63_290216	2084	2764	-1	3
k63_290216	2785	4107	-1	4
k63_290216	4132	5505	-1	5
k63_290216	5926	7380	-1	6
k63_290216	7465	7938	1	7
k63_290216	8049	8366	1	8
k63_1690031	3	239	1	1
k63_1690031	314	1558	1	2
k63_1690031	1591	1686	1	3
k63_68511	418	2454	1	1
k63_68511	2457	4913	1	2
k63_68511	4918	5112	1	3
k63_68511	5392	6774	1	4
k63_68511	7161	7604	1	5
k63_68511	7862	8239	1	6
k63_68511	8378	8464	1	7
k63_185169	3	1757	-1	1
k63_1224532	1	309	1	1
k63_1224532	163	1146	-1	2
k63_1224532	1116	1514	-1	3
k63_1224532	1640	1861	-1	4
k63_1224532	1842	2591	-1	5
k63_756989	3	194	-1	1
k63_756989	410	1153	-1	2
k63_756989	1175	2404	-1	3
k63_756989	2431	3354	-1	4
k63_756989	3381	4484	-1	5
k63_756989	4520	5791	-1	6
k63_756989	6027	6341	1	7
k63_1695722	198	3377	1	1
k63_1695722	3547	6735	1	2
k63_1695722	6778	8625	1	3
k63_1695722	8708	9262	-1	4
k63_1695722	9536	10489	1	5
k63_1695722	10524	12002	1	6
k63_1695722	12058	13269	-1	7
k63_1695722	13381	14580	-1	8
k63_1695722	14825	16243	-1	9
k63_1695722	16372	16473	-1	10
k63_1695723	976	1482	-1	1
k63_1695723	1709	2314	-1	2
k63_1695723	2771	3346	1	3
k63_1695723	3327	3677	1	4
k63_1345094	37	240	-1	1
k63_1345094	420	1202	1	2
k63_1345094	1212	2198	1	3
k63_1345094	2121	2423	-1	4
k63_1345094	2494	3015	1	5
k63_296595	1	204	1	1
k63_296595	207	1193	1	2
k63_296595	1207	2223	-1	3
k63_296595	2254	2664	-1	4
k63_296595	2741	3895	-1	5
k63_296595	3995	5656	-1	6
k63_1596217	793	1752	1	1
k63_1596217	1771	4209	1	2
k63_1596217	4258	4692	1	3
k63_1596217	4743	6887	-1	4
k63_1596217	7086	8261	1	5
k63_1596217	8425	9366	1	6
k63_1596217	9445	10107	1	7
k63_1596217	10192	10395	-1	8
k63_1596217	10712	11236	1	9
k63_1596217	11352	11990	1	10
k63_1596217	12114	14030	1	11
k63_1596217	14318	14650	1	12
k63_1596224	413	1930	1	1
k63_1596224	2058	3104	-1	2
k63_1596224	3186	4232	-1	3
k63_1596224	4508	4945	1	4
k63_1596456	3	581	1	1
k63_1596456	1583	2218	1	2
k63_1596456	2263	3294	1	3
k63_1596456	3733	5994	1	4
k63_1596456	6109	6570	1	5
k63_1596456	6633	7181	1	6
k63_1596456	7209	7652	1	7
k63_1596456	7683	8336	1	8
k63_1596456	8387	8881	1	9
k63_1596456	9064	11091	1	10
k63_1596456	11184	11762	-1	11
k63_1596456	11811	13487	-1	12
k63_1596456	13529	14089	-1	13
k63_1596456	14165	17056	-1	14
k63_1596456	17115	18338	-1	15
k63_1596456	18331	19293	-1	16
k63_1596475	1	480	1	1
k63_1596475	419	976	1	2
k63_1596475	1219	1647	-1	3
k63_1596475	1746	2006	-1	4
k63_638089	249	1217	-1	1
k63_638089	1303	2613	-1	2
k63_76749	283	1140	1	1
k63_76749	1107	1514	1	2
k63_76749	1888	2088	1	3
k63_1113367	1	360	1	1
k63_1113367	654	1787	-1	2
k63_1113367	1818	2810	-1	3
k63_1113367	2987	3757	1	4
k63_1113367	3762	4985	-1	5
k63_1113367	5118	5954	-1	6
k63_1113367	6275	7657	1	7
k63_1113367	7743	8036	1	8
k63_1598382	1	309	-1	1
k63_1598382	713	1483	1	2
k63_1598382	1509	1976	1	3
k63_1598382	2147	3127	-1	4
k63_1598382	3251	4240	-1	5
k63_299414	2	193	1	1
k63_299414	165	758	1	2
k63_299414	809	1345	1	3
k63_299414	1326	2036	-1	4
k63_299414	2039	3616	-1	5
k63_299414	3749	3934	1	6
k63_299414	4005	4295	1	7
k63_299414	4391	4660	1	8
k63_1599084	86	820	-1	1
k63_1599084	810	2138	-1	2
k63_1599084	2646	6050	-1	3
k63_1599084	6054	9431	-1	4
k63_1599084	9477	10607	-1	5
k63_1599084	11015	11086	1	6
k63_433222	1	435	-1	1
k63_433222	972	1892	-1	2
k63_433222	2134	3309	-1	3
k63_433222	3488	4435	-1	4
k63_80592	292	1071	1	1
k63_80592	1125	1706	1	2
k63_80592	1763	3400	-1	3
k63_80592	3459	5102	-1	4
k63_80592	5622	5939	1	5
k63_80592	6200	7684	1	6
k63_80592	7751	8680	1	7
k63_80592	8710	9324	1	8
k63_80592	9335	9871	1	9
k63_80592	9876	10595	1	10
k63_80592	11085	12164	1	11
k63_80592	12208	13086	1	12
k63_80592	13307	13750	-1	13
k63_80592	13934	15289	-1	14
k63_80592	15299	15439	-1	15
k63_80592	15478	16002	-1	16
k63_80592	16062	16790	-1	17
k63_80592	16848	17531	-1	18
k63_80592	17606	17842	-1	19
k63_80592	17839	18018	-1	20
k63_80592	18059	19393	-1	21
k63_80592	19468	20718	-1	22
k63_80592	21218	22273	1	23
k63_1116199	202	1410	1	1
k63_1116199	1420	2052	1	2
k63_1116199	2049	2777	1	3
k63_1116199	2808	3704	1	4
k63_1232027	22	681	-1	1
k63_1232027	733	1038	-1	2
k63_1232027	1051	1353	-1	3
k63_1232027	1418	2233	-1	4
k63_1232027	2235	2393	-1	5
k63_1120225	1	69	-1	1
k63_1120225	368	1576	-1	2
k63_647271	3	374	1	1
k63_647271	695	1510	1	2
k63_647271	1579	2595	-1	3
k63_647271	2628	2942	-1	4
k63_204318	2	1342	1	1
k63_1355540	138	1259	1	1
k63_1355540	1274	2842	1	2
k63_1355540	2779	3102	-1	3
k63_1239318	385	510	-1	1
k63_1239318	507	914	-1	2
k63_1239318	914	1756	-1	3
k63_1239318	1784	2071	-1	4
k63_1469457	3	260	-1	1
k63_1469457	282	1886	-1	2
k63_648858	344	664	1	1
k63_648858	669	947	1	2
k63_648858	960	1163	1	3
k63_648858	1306	1716	1	4
k63_648858	1862	2776	1	5
k63_648858	2889	3239	1	6
k63_648858	3249	4418	-1	7
k63_648858	4448	5782	-1	8
k63_648858	5892	6371	-1	9
k63_648858	6506	7894	1	10
k63_648858	7936	8547	1	11
k63_648858	8790	9665	1	12
k63_648858	9667	10143	1	13
k63_648858	10281	12557	1	14
k63_648858	12624	13115	1	15
k63_648858	13224	13490	1	16
k63_648858	13643	14215	1	17
k63_648858	14212	14835	1	18
k63_648858	14885	15604	-1	19
k63_648858	15627	16268	-1	20
k63_648858	16276	16866	-1	21
k63_648858	17028	17786	1	22
k63_649352	2	292	1	1
k63_649352	496	1779	-1	2
k63_649352	2063	2707	-1	3
k63_650546	78	1004	-1	1
k63_650546	1192	2388	1	2
k63_650546	2385	3752	1	3
k63_650546	3780	4064	-1	4
k63_776309	549	1760	1	1
k63_776309	1824	4868	1	2
k63_776309	5007	5294	-1	3
k63_776309	5352	5486	-1	4
k63_776309	5510	5992	-1	5
k63_776309	6002	7225	-1	6
k63_776309	7312	7641	-1	7
k63_451583	176	973	1	1
k63_451583	1036	2241	1	2
k63_451583	2299	3693	-1	3
k63_451583	3693	5042	-1	4
k63_451583	5185	6618	-1	5
k63_451583	6626	7657	-1	6
k63_1247511	169	507	1	1
k63_1247511	601	1785	1	2
k63_1247511	1795	2304	1	3
k63_1247511	2342	3496	1	4
k63_1247511	3625	5682	1	5
k63_1247511	5708	6430	-1	6
k63_319829	1	108	1	1
k63_319829	298	624	1	2
k63_319829	714	1295	-1	3
k63_658229	1	1557	-1	1
k63_658229	1914	2864	-1	2
k63_658229	2907	3755	-1	3
k63_658229	4018	4488	-1	4
k63_658229	4578	5006	-1	5
k63_321353	39	1061	-1	1
k63_321353	1340	2974	1	2
k63_321353	3071	3967	-1	3
k63_321353	3945	4571	-1	4
k63_321353	4634	5344	-1	5
k63_321353	5360	7078	-1	6
k63_321353	7080	7487	-1	7
k63_321353	7520	7822	-1	8
k63_321353	7841	9178	-1	9
k63_321353	9212	9931	-1	10
k63_321353	9984	10886	-1	11
k63_321353	10883	12025	-1	12
k63_321353	12033	12929	-1	13
k63_321353	13253	14560	-1	14
k63_660088	369	1793	-1	1
k63_660088	1881	2087	-1	2
k63_660088	2103	2450	-1	3
k63_783504	214	1761	-1	1
k63_783504	1793	2419	-1	2
k63_783504	2416	3804	-1	3
k63_783504	3946	5034	1	4
k63_783504	5102	5722	-1	5
k63_783504	6181	7875	1	6
k63_783504	7968	8378	1	7
k63_783504	8503	9147	-1	8
k63_783504	9183	10040	-1	9
k63_783504	10015	10392	-1	10
k63_783504	10617	10787	-1	11
k63_783504	11170	12729	1	12
k63_1628345	122	1435	-1	1
k63_1628345	1712	2761	1	2
k63_1628345	2795	3277	1	3
k63_1628345	3342	4022	-1	4
k63_1628345	4180	7002	-1	5
k63_1628345	7081	7797	-1	6
k63_1628345	8024	9355	-1	7
k63_1628345	9359	10495	-1	8
k63_1628345	10616	13240	-1	9
k63_1628345	13604	14260	-1	10
k63_109618	286	1068	-1	1
k63_109618	1065	1604	-1	2
k63_109618	1658	2281	-1	3
k63_109618	2306	3451	-1	4
k63_109618	3480	4067	-1	5
k63_109618	4117	5115	-1	6
k63_109618	5091	5936	-1	7
k63_109618	5952	7022	-1	8
k63_109618	7129	7698	-1	9
k63_109618	7776	9146	-1	10
k63_109618	9280	9723	-1	11
k63_1484205	1	120	1	1
k63_1484205	508	690	-1	2
k63_1484205	1149	1334	1	3
k63_1484205	1405	2811	-1	4
k63_1484205	2928	3170	-1	5
k63_1484205	3268	3492	1	6
k63_1259935	2	166	-1	1
k63_1259935	198	449	1	2
k63_1259935	464	2083	-1	3
k63_1259935	2192	2779	-1	4
k63_1261268	227	904	1	1
k63_1261268	914	2593	1	2
k63_1261268	2753	3142	-1	3
k63_1261268	3194	4351	-1	4
k63_331224	3	296	-1	1
k63_331224	348	1220	-1	2
k63_331224	1256	2029	-1	3
k63_331224	2145	3680	-1	4
k63_331224	3926	4828	1	5
k63_331224	4860	6110	-1	6
k63_331224	6307	6702	-1	7
k63_331224	6722	7567	-1	8
k63_331224	7724	8341	-1	9
k63_331224	8882	10249	1	10
k63_331224	10506	11147	-1	11
k63_331224	11246	11683	-1	12
k63_331224	11925	12776	1	13
k63_1261759	3	1685	-1	1
k63_1261759	2015	2161	-1	2
k63_1261759	2161	2496	-1	3
k63_793579	157	1224	-1	1
k63_793579	1546	2412	1	2
k63_1372869	284	1174	1	1
k63_1372869	1251	1757	1	2
k63_1372869	1812	2576	1	3
k63_1372869	2557	3159	1	4
k63_1372869	3116	3940	1	5
k63_1372869	3944	5029	1	6
k63_1372869	5048	6175	1	7
k63_1372869	6214	7608	1	8
k63_1372869	7704	8486	-1	9
k63_1737826	173	610	-1	1
k63_1737826	875	1981	1	2
k63_1737826	2023	2697	1	3
k63_1737826	2743	3906	-1	4
k63_1737826	4071	5105	1	5
k63_800381	257	1591	1	1
k63_800381	1910	2287	-1	2
k63_800381	2409	2579	1	3
k63_1744819	1	753	-1	1
k63_1744819	1029	6251	-1	2
k63_1744819	6456	6683	1	3
k63_1744819	6915	8432	-1	4
k63_675890	122	1450	1	1
k63_675890	1548	2033	-1	2
k63_675890	2090	3304	-1	3
k63_675890	3394	5259	-1	4
k63_675890	5268	6359	-1	5
k63_1284345	1	192	-1	1
k63_1284345	285	1481	1	2
k63_1284345	1474	2130	1	3
k63_1284345	2224	2832	1	4
k63_1284345	2866	4215	-1	5
k63_1284345	4279	5610	-1	6
k63_1284345	5736	7061	1	7
k63_1284345	7078	7524	1	8
k63_1284345	7757	8158	-1	9
k63_1284345	8151	8492	-1	10
k63_1284345	8498	9256	-1	11
k63_1284345	9313	10758	-1	12
k63_1284345	10762	11511	-1	13
k63_818804	3	1247	1	1
k63_818804	1249	2598	1	2
k63_818804	2695	2964	-1	3
