Contig	Start	End	Strand	Pos
k63_1499865	1	612	1	1
k63_1499865	650	1084	1	2
k63_1499865	1230	3827	1	3
k63_1499865	4001	5371	1	4
k63_1499865	5368	5991	-1	5
k63_1499865	5985	8480	-1	6
k63_1499865	8666	10174	-1	7
k63_1499865	10244	10960	-1	8
k63_1392970	998	2098	-1	1
k63_1392970	2095	2700	-1	2
k63_214650	124	1299	-1	1
k63_214650	1303	2028	-1	2
k63_214650	2045	2848	-1	3
k63_214650	2859	3398	-1	4
k63_214650	3591	5105	1	5
k63_214650	5083	5607	1	6
k63_214650	5682	6311	1	7
k63_214650	6308	8065	1	8
k63_214650	8127	9119	1	9
k63_1393284	3	194	1	1
k63_1393284	187	486	1	2
k63_1393284	483	662	1	3
k63_1393284	670	2058	-1	4
k63_1393284	2096	2521	-1	5
k63_1393284	2530	3090	-1	6
k63_1393284	3269	4231	-1	7
k63_1393284	4551	5861	1	8
k63_1393284	6109	8487	-1	9
k63_1393284	8576	9766	-1	10
k63_1393284	10269	10670	1	11
k63_625	259	1257	-1	1
k63_625	1430	2050	1	2
k63_845	786	1574	-1	1
k63_845	2239	2661	1	2
k63_845	3174	4976	1	3
k63_845	4987	5319	-1	4
k63_857888	229	609	-1	1
k63_857888	772	1173	-1	2
k63_857888	1497	2381	-1	3
k63_857888	2620	2766	-1	4
k63_429451	73	639	-1	1
k63_429451	913	1635	-1	2
k63_429451	1710	2642	1	3
k63_429451	2622	3467	-1	4
k63_429451	3602	3940	1	5
k63_858051	1	213	-1	1
k63_858051	267	746	-1	2
k63_858051	771	1148	-1	3
k63_858051	1266	2651	1	4
k63_858051	2661	2906	-1	5
k63_858051	3111	4163	-1	6
k63_858051	4474	6591	1	7
k63_965233	221	367	1	1
k63_965233	386	520	-1	2
k63_965233	541	1431	-1	3
k63_965233	1579	1800	-1	4
k63_965233	1849	2733	-1	5
k63_965233	2813	4063	-1	6
k63_965233	4330	5685	-1	7
k63_965233	5870	6184	-1	8
k63_1072646	2	205	-1	1
k63_1072646	585	848	1	2
k63_1072646	854	2266	-1	3
k63_1072646	2448	3119	-1	4
k63_1072646	3304	3828	1	5
k63_1072646	4100	5233	1	6
k63_1072646	5361	6368	1	7
k63_1072646	6365	7201	1	8
k63_1072646	7205	8305	1	9
k63_1072646	8432	9718	1	10
k63_1072646	9740	10600	-1	11
k63_1072646	10768	11982	1	12
k63_1072646	12037	13380	-1	13
k63_1072646	13469	13825	1	14
k63_1072646	13856	15415	1	15
k63_1072646	15538	15684	-1	16
k63_1072647	2	496	-1	1
k63_1072647	512	1162	-1	2
k63_1072647	1235	1747	-1	3
k63_1072647	1820	2905	1	4
k63_1072647	2892	3515	-1	5
k63_1072647	3481	4950	-1	6
k63_1072647	5141	6250	-1	7
k63_1072647	6366	7535	1	8
k63_1072647	7525	8229	1	9
k63_1072647	8226	8903	1	10
k63_1072647	9053	10612	-1	11
k63_1072647	10628	11167	-1	12
k63_1072647	11154	12998	-1	13
k63_1072647	13130	15256	1	14
k63_1072647	15641	16432	-1	15
k63_1501207	142	1263	-1	1
k63_1501207	1339	3090	-1	2
k63_1501207	3279	4205	1	3
k63_537539	107	967	-1	1
k63_537539	1112	1870	-1	2
k63_537539	2028	2477	1	3
k63_537539	2498	3952	1	4
k63_537539	3992	4741	1	5
k63_537539	4757	6085	1	6
k63_537539	6096	7358	1	7
k63_537539	7358	7816	1	8
k63_537539	7825	8157	1	9
k63_537539	8249	9178	-1	10
k63_537539	9264	11249	-1	11
k63_537539	11461	12885	1	12
k63_1179942	3	248	1	1
k63_1179942	530	1879	1	2
k63_1179942	1907	2383	1	3
k63_1179942	2396	3268	-1	4
k63_1179942	3265	4326	-1	5
k63_1179942	4639	5892	1	6
k63_1179942	5889	6890	1	7
k63_1179942	7101	7958	1	8
k63_1179942	7955	8983	-1	9
k63_1179942	9127	10707	-1	10
k63_1179942	10862	12265	1	11
k63_1179942	12438	15209	1	12
k63_1179942	15339	15743	1	13
k63_858418	1	303	-1	1
k63_858418	515	973	1	2
k63_858418	1229	2101	1	3
k63_858418	2283	2381	1	4
k63_215486	2	832	-1	1
k63_215486	1029	3815	-1	2
k63_215486	4009	6306	1	3
k63_215486	6276	7073	1	4
k63_215486	7070	8002	1	5
k63_215486	8091	9017	-1	6
k63_215486	9031	9783	-1	7
k63_215486	9808	12915	-1	8
k63_1501272	246	350	1	1
k63_1501272	459	1307	-1	2
k63_1501272	1304	3730	-1	3
k63_1501272	3884	5893	1	4
k63_1501272	5890	7563	1	5
k63_1501272	7574	9268	1	6
k63_1501272	9454	9576	1	7
k63_1501272	9586	10533	1	8
k63_1501272	10674	11597	1	9
k63_1501272	11594	11788	1	10
k63_1180392	139	1311	-1	1
k63_1180392	1311	2894	-1	2
k63_1180392	2891	4555	-1	3
k63_1180392	4807	4959	1	4
k63_1180392	5038	5238	-1	5
k63_1180392	5301	6074	-1	6
k63_858908	201	1172	1	1
k63_858908	1291	2262	-1	2
k63_858908	2292	2474	-1	3
k63_1501987	1	1335	1	1
k63_1501987	1470	1673	-1	2
k63_1501987	1794	2798	-1	3
k63_1501987	2795	3784	-1	4
k63_1501987	3819	4841	-1	5
k63_1501987	4962	6449	1	6
k63_1501987	6960	7256	1	7
k63_859014	1043	1534	-1	1
k63_859014	1608	2558	-1	2
k63_859014	2655	3428	1	3
k63_859014	3717	4607	-1	4
k63_859014	4757	5569	-1	5
k63_859014	5626	6123	-1	6
k63_859014	6385	6726	-1	7
k63_859014	6768	7253	-1	8
k63_859014	7318	7719	-1	9
k63_859014	7716	10262	-1	10
k63_859014	10353	12245	1	11
k63_859014	12399	13154	-1	12
k63_859014	13235	15994	-1	13
k63_859014	16215	17519	1	14
k63_859014	17516	19342	1	15
k63_859014	19359	20000	-1	16
k63_859014	20040	20591	-1	17
k63_859014	20777	21997	-1	18
k63_859014	22000	22857	-1	19
k63_859014	22870	23634	-1	20
k63_859014	23783	24562	1	21
k63_859014	24649	26496	1	22
k63_859014	26534	27646	1	23
k63_859014	27650	28699	1	24
k63_859014	28710	30332	1	25
k63_859014	30353	31282	1	26
k63_859014	31435	32124	-1	27
k63_859014	32319	32930	-1	28
k63_859014	32964	34343	-1	29
k63_859014	34355	35170	-1	30
k63_859014	35265	35918	1	31
k63_859014	36091	37110	-1	32
k63_859014	37107	38039	-1	33
k63_859014	38261	38554	1	34
k63_859014	38564	39715	1	35
k63_859014	39866	40384	1	36
k63_1180881	1	804	1	1
k63_1180881	818	1819	-1	2
k63_1180881	1958	3151	1	3
k63_1502374	2	163	1	1
k63_1502374	409	849	1	2
k63_1502374	902	1474	1	3
k63_1502374	1530	1625	-1	4
k63_1502374	1929	3473	-1	5
k63_1073700	1	1272	-1	1
k63_1073700	1429	2541	-1	2
k63_1073700	2795	3640	1	3
k63_1073700	3740	4777	-1	4
k63_1073700	4814	5926	-1	5
k63_1073700	6136	7134	1	6
k63_859313	98	1504	-1	1
k63_859313	1638	2630	1	2
k63_859313	2665	3318	1	3
k63_859313	3308	3973	1	4
k63_216530	3	776	1	1
k63_216530	973	2043	1	2
k63_216530	2064	2576	-1	3
k63_216530	2640	3602	-1	4
k63_1073787	316	702	-1	1
k63_1073787	858	1952	-1	2
k63_1073787	2276	3022	1	3
k63_1073787	3189	4574	1	4
k63_1073787	4781	5212	1	5
k63_1073787	5209	8379	1	6
k63_1073787	8459	10606	1	7
k63_1073787	10663	11490	-1	8
k63_966623	2	241	1	1
k63_966623	195	1103	1	2
k63_966623	1090	2454	1	3
k63_966623	2767	3945	-1	4
k63_966623	4127	4258	-1	5
k63_538818	87	920	-1	1
k63_538818	972	2297	-1	2
k63_538818	2455	3528	-1	3
k63_538818	3532	4467	-1	4
k63_538818	4479	5321	-1	5
k63_538818	5327	7291	-1	6
k63_538818	7317	7412	-1	7
k63_538818	7456	8805	-1	8
k63_538818	8822	10165	-1	9
k63_538818	10242	10769	-1	10
k63_538818	10830	11297	-1	11
k63_538818	11304	14237	-1	12
k63_538818	14444	16141	-1	13
k63_1073881	116	1258	-1	1
k63_1073881	1288	2244	-1	2
k63_1073881	2454	3428	-1	3
k63_1073881	3498	4454	-1	4
k63_1073881	4444	6210	-1	5
k63_1073881	6191	6307	-1	6
k63_1073881	6528	7085	1	7
k63_1073881	7082	8236	1	8
k63_1073881	8323	9612	1	9
k63_1073881	9719	10267	1	10
k63_1073881	10295	10555	-1	11
k63_1073881	10743	11303	1	12
k63_1073881	11509	12522	1	13
k63_1073881	12533	14200	1	14
k63_1395426	47	1561	-1	1
k63_1395426	1588	1965	-1	2
k63_1395426	2050	3192	-1	3
k63_1395426	3212	3337	-1	4
k63_752458	158	1141	1	1
k63_752458	1276	2187	1	2
k63_752458	2169	4127	1	3
k63_752458	4129	5628	1	4
k63_1288324	72	728	1	1
k63_1288324	703	1674	-1	2
k63_1288324	1765	3255	-1	3
k63_1288324	3252	4607	-1	4
k63_1288324	4675	6234	1	5
k63_1074054	1034	1795	-1	1
k63_1074123	72	1298	1	1
k63_1074123	1331	2785	1	2
k63_1074123	2782	5250	1	3
k63_1074123	5247	6185	1	4
k63_1074123	6390	7571	-1	5
k63_1074123	7681	9642	-1	6
k63_1074123	9677	10930	1	7
k63_1074123	10942	12369	1	8
k63_1074123	12362	13393	1	9
k63_1074123	13390	14079	-1	10
k63_1074123	14119	15309	-1	11
k63_1074123	15384	16550	-1	12
k63_1074123	16617	17429	-1	13
k63_1074123	17433	18305	-1	14
k63_1074123	18483	19445	-1	15
k63_1074123	19638	19859	1	16
k63_324197	170	1171	-1	1
k63_324197	1305	2198	1	2
k63_324197	2327	4366	1	3
k63_324197	4431	5396	-1	4
k63_324197	5530	5709	1	5
k63_324197	5735	8503	1	6
k63_324197	8525	8806	1	7
k63_324197	8817	9224	1	8
k63_324197	9402	9575	1	9
k63_859991	84	1316	-1	1
k63_859991	1494	1835	1	2
k63_1288699	185	661	1	1
k63_1288699	812	1768	-1	2
k63_1288699	1933	2700	1	3
k63_1288699	2709	4316	1	4
k63_1288699	4332	5126	1	5
k63_1288699	5132	7108	1	6
k63_1288699	7110	8015	1	7
k63_1288699	8029	9417	1	8
k63_1288699	9460	9627	1	9
k63_1288699	9594	10259	1	10
k63_1288699	10256	11086	-1	11
k63_1288699	11362	12891	1	12
k63_1288699	12888	15326	1	13
k63_967339	192	944	-1	1
k63_967339	985	1458	1	2
k63_967339	1509	3923	1	3
k63_967339	4034	4846	-1	4
k63_967339	4957	6078	-1	5
k63_967339	6156	8096	-1	6
k63_967339	8288	9022	-1	7
k63_967339	9048	10088	-1	8
k63_967339	10252	10977	1	9
k63_967339	10961	11593	1	10
k63_967339	11602	12144	1	11
k63_967339	12150	13337	1	12
k63_967339	13462	14775	-1	13
k63_967339	14793	15749	1	14
k63_967339	15746	16105	1	15
k63_967339	16337	16927	1	16
k63_967339	16962	17909	1	17
k63_967339	18059	19378	-1	18
k63_967339	19630	21147	-1	19
k63_967339	21333	22184	1	20
k63_967339	22740	23135	1	21
k63_967339	23802	24170	-1	22
k63_967339	24274	24702	1	23
k63_967339	24719	26110	-1	24
k63_967339	26286	27812	1	25
k63_967339	28019	28660	-1	26
k63_967601	2	235	-1	1
k63_967601	388	1194	-1	2
k63_967601	1191	1412	-1	3
k63_967601	1513	2226	-1	4
k63_967601	2248	2937	-1	5
k63_967601	3033	3740	-1	6
k63_3650	279	3905	-1	1
k63_3650	4282	4632	1	2
k63_3650	4673	5440	1	3
k63_3650	5446	5676	1	4
k63_3650	5685	6167	1	5
k63_3650	6249	6440	1	6
k63_3650	6625	7215	-1	7
k63_3650	7218	8561	-1	8
k63_3650	8583	9029	-1	9
k63_3650	9026	9481	-1	10
k63_3650	9795	12335	-1	11
k63_3650	12493	13809	-1	12
k63_3650	14294	14635	1	13
k63_3650	14820	15422	1	14
k63_3650	15456	17165	1	15
k63_3650	17299	17616	-1	16
k63_1503626	3	2087	-1	1
k63_1503626	2109	3359	-1	2
k63_1503626	3381	3578	1	3
k63_1503626	3593	3706	1	4
k63_539816	299	631	-1	1
k63_539816	1241	2146	1	2
k63_539816	2171	5884	1	3
k63_539816	5903	6094	1	4
k63_539816	6097	6459	1	5
k63_539816	6497	7219	-1	6
k63_539816	7234	7629	-1	7
k63_539816	7708	9918	1	8
k63_967802	253	735	1	1
k63_967802	728	1558	-1	2
k63_967802	1690	3186	1	3
k63_967802	3272	3832	1	4
k63_967802	3843	5738	1	5
k63_967802	5756	6256	-1	6
k63_967802	6300	6848	1	7
k63_967802	6845	7333	-1	8
k63_967802	7667	8458	1	9
k63_967802	8489	9244	-1	10
k63_967802	9336	10319	1	11
k63_967802	10352	11212	1	12
k63_967802	11369	12205	-1	13
k63_967802	12202	13029	-1	14
k63_967802	13026	13817	-1	15
k63_967802	13822	14547	-1	16
k63_967802	14723	15238	-1	17
k63_967802	15405	18170	-1	18
k63_967802	18167	19870	-1	19
k63_967802	19990	20172	-1	20
k63_967802	20383	20748	1	21
k63_967802	20733	20849	-1	22
k63_967802	20890	21033	-1	23
k63_967802	21048	21164	-1	24
k63_967802	21297	21563	1	25
k63_967802	21635	22549	1	26
k63_967802	22605	23207	-1	27
k63_967802	23472	23960	-1	28
k63_967802	24211	24684	1	29
k63_967802	24704	26524	1	30
k63_967802	26579	27823	1	31
k63_967802	27841	28092	1	32
k63_967802	28279	28641	-1	33
k63_967802	28747	29016	-1	34
k63_967802	29073	29864	-1	35
k63_967802	30120	31766	1	36
k63_860679	3	77	-1	1
k63_860679	74	652	-1	2
k63_860679	831	1442	1	3
k63_860679	1439	1825	1	4
k63_860679	1822	2460	1	5
k63_860679	2457	2999	1	6
k63_860679	2996	3721	1	7
k63_860679	3725	4483	1	8
k63_1396358	1	213	1	1
k63_1396358	254	1444	1	2
k63_1396358	1454	1999	-1	3
k63_1396358	2038	2658	-1	4
k63_1396358	2655	3500	-1	5
k63_1396358	3497	3970	-1	6
k63_1396358	4151	4699	1	7
k63_1396358	4708	6018	1	8
k63_1396358	6018	6791	1	9
k63_1396358	6832	7719	1	10
k63_1396358	7738	8265	1	11
k63_1396358	8288	9397	1	12
k63_1396358	9394	10245	1	13
k63_1396358	10375	11043	-1	14
k63_1396358	11129	11452	-1	15
k63_1396358	11523	12260	-1	16
k63_1396358	12299	12589	-1	17
k63_1396358	12683	13780	-1	18
k63_1396358	13770	14414	-1	19
k63_1396358	14427	15116	-1	20
k63_1396358	15172	16104	-1	21
k63_1396358	16343	17494	-1	22
k63_1396358	17578	18348	-1	23
k63_1396358	18345	19436	-1	24
k63_1396358	19433	20284	-1	25
k63_1396358	20281	21267	-1	26
k63_1396358	21434	21727	1	27
k63_1396358	21908	22411	1	28
k63_1396358	22408	23244	1	29
k63_1396358	23530	24144	1	30
k63_1396358	24287	24709	1	31
k63_1396358	24885	25229	1	32
k63_1396358	25429	26055	1	33
k63_1396358	26196	27344	-1	34
k63_1396358	27463	27936	-1	35
k63_1396358	28217	28627	1	36
k63_1396358	28835	29041	-1	37
k63_1396358	29053	29247	-1	38
k63_1396358	29384	29530	-1	39
k63_1396358	29923	30792	-1	40
k63_1396358	31226	32539	-1	41
k63_1074868	86	1249	-1	1
k63_1074868	1434	2276	-1	2
k63_1074868	2477	6079	1	3
k63_860871	343	798	-1	1
k63_860871	802	1482	-1	2
k63_1289387	1	882	1	1
k63_1289387	966	1775	1	2
k63_1289387	1718	3415	-1	3
k63_1289387	3415	3651	-1	4
k63_1289387	3742	6186	-1	5
k63_1289387	6190	7074	-1	6
k63_1289387	7084	9093	-1	7
k63_1289387	9090	9923	-1	8
k63_325140	156	1934	1	1
k63_325140	1921	2811	1	2
k63_325140	2906	3883	1	3
k63_325140	3983	4324	1	4
k63_325140	4368	4742	-1	5
k63_325140	4820	5119	-1	6
k63_325140	5116	5604	-1	7
k63_325140	5798	7870	1	8
k63_325140	8259	10169	1	9
k63_325140	10215	10847	1	10
k63_325140	10878	11276	1	11
k63_325140	11280	12536	1	12
k63_325140	12533	12784	1	13
k63_325140	12966	13421	1	14
k63_325140	13616	14962	1	15
k63_325140	15003	16829	1	16
k63_325140	16883	17068	1	17
k63_325140	17153	18028	-1	18
k63_325140	18114	18593	1	19
k63_325140	18631	19314	1	20
k63_1504043	319	1122	-1	1
k63_1504043	1265	2224	-1	2
k63_1504043	2293	2973	-1	3
k63_1504043	3035	3838	-1	4
k63_1504043	3848	4450	-1	5
k63_1504043	4456	6114	-1	6
k63_1504043	6107	8206	-1	7
k63_325226	261	1328	-1	1
k63_325226	1368	2834	-1	2
k63_325226	2847	3998	-1	3
k63_325226	4053	4946	-1	4
k63_325226	5242	6042	-1	5
k63_325226	6064	6630	-1	6
k63_325226	6684	7331	-1	7
k63_325226	7348	8379	-1	8
k63_1182428	2	205	-1	1
k63_1182428	306	1565	-1	2
k63_1182428	1615	1875	-1	3
k63_1182428	2042	4147	-1	4
k63_1182428	4303	4956	-1	5
k63_1182428	4947	5813	-1	6
k63_1182428	5830	7281	-1	7
k63_1182428	7310	8686	-1	8
k63_1182428	8686	10131	-1	9
k63_1182428	10121	12370	-1	10
k63_1182428	12360	13808	-1	11
k63_1182428	13808	14926	-1	12
k63_1182428	14926	15912	-1	13
k63_1182428	16052	16891	-1	14
k63_1182428	17231	18385	1	15
k63_1182428	18387	18881	1	16
k63_1182428	18890	19393	1	17
k63_1182428	19404	20267	-1	18
k63_1182428	20476	20700	1	19
k63_1182428	20739	21257	-1	20
k63_1182428	21254	22021	-1	21
k63_1182428	22104	22592	1	22
k63_1182428	22562	23014	-1	23
k63_1182428	23033	23980	-1	24
k63_432279	58	1479	-1	1
k63_432279	1479	2480	-1	2
k63_432279	2508	3299	-1	3
k63_432279	3334	3738	-1	4
k63_432279	3872	4267	1	5
k63_432279	4720	5442	1	6
k63_325366	3	536	-1	1
k63_325366	1376	2740	-1	2
k63_325366	3392	3535	-1	3
k63_325366	3898	4761	1	4
k63_325366	4761	5237	1	5
k63_325366	5355	6302	1	6
k63_325366	6299	7327	1	7
k63_325366	7281	9131	1	8
k63_325366	9231	9902	1	9
k63_325366	9899	10129	1	10
k63_325366	10126	10251	1	11
k63_325366	10593	10859	1	12
k63_325366	10887	11885	-1	13
k63_325366	12245	12703	-1	14
k63_1182622	2	271	1	1
k63_1182622	302	1393	1	2
k63_1182622	1380	2039	1	3
k63_1182622	2070	2366	1	4
k63_754063	326	604	-1	1
k63_754063	936	1847	-1	2
k63_754063	1844	3016	-1	3
k63_540671	97	1299	-1	1
k63_540671	1372	3624	-1	2
k63_540671	3724	4599	1	3
k63_540671	4810	5601	1	4
k63_218070	342	1712	1	1
k63_218070	2048	3637	1	2
k63_218070	3791	5053	1	3
k63_218070	5066	5515	1	4
k63_218070	5512	5904	1	5
k63_218070	5895	6962	1	6
k63_218070	6964	7473	1	7
k63_218136	122	1951	1	1
k63_218136	1948	2682	1	2
k63_218136	2759	3268	-1	3
k63_218136	3311	3940	-1	4
k63_540838	391	1521	-1	1
k63_540838	1972	2736	-1	2
k63_540838	2755	3402	-1	3
k63_540838	3399	3584	-1	4
k63_540838	3622	4836	-1	5
k63_540838	5350	6237	-1	6
k63_540838	6254	6433	-1	7
k63_4924	345	1661	-1	1
k63_4924	1724	2809	1	2
k63_4924	2802	3548	1	3
k63_4924	3707	4471	-1	4
k63_4924	4468	6249	-1	5
k63_4924	6246	6950	-1	6
k63_4924	6947	8152	-1	7
k63_4924	8149	8766	-1	8
k63_4924	8773	9768	-1	9
k63_325882	1	288	1	1
k63_325882	362	535	1	2
k63_325882	598	1641	-1	3
k63_325882	1667	2836	-1	4
k63_325882	2949	4580	-1	5
k63_325882	4694	5371	-1	6
k63_325882	5368	7347	-1	7
k63_325882	7380	9305	-1	8
k63_325882	9684	10472	-1	9
k63_325882	10572	12278	-1	10
k63_218398	3	185	1	1
k63_218398	364	2418	-1	2
k63_218398	2589	3398	1	3
k63_861818	1	303	-1	1
k63_861818	395	1543	-1	2
k63_861818	1695	2528	1	3
k63_861818	2525	3217	-1	4
k63_861818	3337	4044	-1	5
k63_861818	4097	5425	-1	6
k63_861818	5474	6082	-1	7
k63_861818	6153	7436	-1	8
k63_1075638	2	748	-1	1
k63_1075638	739	1962	-1	2
k63_1075638	2172	5777	-1	3
k63_5188	123	458	1	1
k63_5188	463	1176	-1	2
k63_5188	1223	1975	-1	3
k63_5188	1972	2478	-1	4
k63_5188	2718	3197	-1	5
k63_5188	3362	6469	-1	6
k63_5188	6681	7055	1	7
k63_5188	7097	7438	1	8
k63_5188	7452	8243	-1	9
k63_5188	8597	9610	1	10
k63_5188	9929	10258	1	11
k63_5188	10291	10971	-1	12
k63_5188	11051	11692	1	13
k63_5188	11817	12713	-1	14
k63_5188	12725	13381	-1	15
k63_5188	13533	13715	-1	16
k63_5188	14099	15544	1	17
k63_5188	15594	16016	-1	18
k63_5188	16189	16260	1	19
k63_754665	3	125	1	1
k63_754665	228	977	1	2
k63_754665	993	1475	1	3
k63_754665	1472	2590	1	4
k63_754665	2600	3796	1	5
k63_754665	3936	4271	1	6
k63_754665	4328	4660	1	7
k63_754665	4833	6224	1	8
k63_754665	6403	6894	1	9
k63_754665	6946	7176	1	10
k63_754665	7241	8377	-1	11
k63_754665	8531	9127	-1	12
k63_754665	9160	9420	-1	13
k63_754665	9681	9869	-1	14
k63_1504740	60	1229	-1	1
k63_1504740	1339	2259	1	2
k63_1504740	2261	3280	1	3
k63_1504740	3415	4200	-1	4
k63_1504740	4352	5311	1	5
k63_1504740	5335	7428	1	6
k63_1504740	7425	8240	1	7
k63_1504740	8313	9251	1	8
k63_1504740	9248	10594	-1	9
k63_1504740	10647	11519	-1	10
k63_1504740	11516	12349	-1	11
k63_1504740	12416	12958	1	12
k63_541223	3	926	-1	1
k63_541223	1226	2134	-1	2
k63_541223	2481	2756	1	3
k63_541223	2768	2881	1	4
k63_541223	2912	4027	1	5
k63_326559	3	1898	-1	1
k63_326559	1895	2737	-1	2
k63_326559	2829	4547	-1	3
k63_326559	4544	4999	-1	4
k63_326559	5141	5611	-1	5
k63_326559	5764	6768	1	6
k63_326559	6833	7150	1	7
k63_862411	2	1963	1	1
k63_862411	1986	3098	1	2
k63_862411	3140	3589	1	3
k63_862411	3804	5240	-1	4
k63_862411	5341	6078	1	5
k63_1505232	1	315	1	1
k63_1505232	514	1581	1	2
k63_1505232	1597	2619	1	3
k63_1505232	2623	3072	1	4
k63_1505232	3082	3675	-1	5
k63_1505232	3808	4635	1	6
k63_1505232	4708	4995	1	7
k63_969625	45	968	-1	1
k63_969625	971	1495	-1	2
k63_969625	1611	2672	1	3
k63_969625	2712	3305	-1	4
k63_969625	3325	3648	-1	5
k63_969625	3645	5339	-1	6
k63_969625	5747	6664	1	7
k63_969625	6886	8910	-1	8
k63_969625	9017	9910	1	9
k63_969625	9901	10485	1	10
k63_969625	10517	11104	1	11
k63_969625	11155	12306	1	12
k63_969625	12511	12717	-1	13
k63_5726	3	101	-1	1
k63_5726	145	765	-1	2
k63_5726	790	1989	-1	3
k63_5726	2133	2459	1	4
k63_5726	2769	4466	-1	5
k63_5726	4821	5042	-1	6
k63_5726	5079	6464	-1	7
k63_5726	6861	7415	1	8
k63_5726	7590	9143	-1	9
k63_5726	9163	11601	-1	10
k63_5726	11598	13391	-1	11
k63_219274	132	1328	1	1
k63_219274	1342	2241	-1	2
k63_219274	2509	3279	-1	3
k63_219274	4305	5519	1	4
k63_219274	5559	6641	1	5
k63_219274	6854	8698	-1	6
k63_862718	285	1301	1	1
k63_862718	1483	3720	1	2
k63_862718	3739	4182	1	3
k63_862718	4179	4379	1	4
k63_862718	4394	4771	1	5
k63_862718	4792	5283	1	6
k63_1290766	2	490	1	1
k63_1290766	621	1487	1	2
k63_1290766	1492	2073	-1	3
k63_1290766	2048	2518	-1	4
k63_1290766	2499	3689	-1	5
k63_1290766	3670	3960	-1	6
k63_1290766	4406	5254	1	7
k63_1290766	5286	6530	1	8
k63_1290766	6635	7618	1	9
k63_1290766	7622	7747	1	10
k63_1290766	7767	8027	-1	11
k63_755801	114	1745	1	1
k63_542188	1	945	1	1
k63_542188	1085	1852	-1	2
k63_542188	2049	3095	1	3
k63_542188	3092	3592	1	4
k63_542188	3599	4237	-1	5
k63_542188	4285	5253	1	6
k63_542188	5256	6284	-1	7
k63_542188	6292	6960	-1	8
k63_542188	6990	7316	-1	9
k63_542188	7433	8092	1	10
k63_1184237	182	937	-1	1
k63_1184237	1039	2235	1	2
k63_1184237	2301	3431	1	3
k63_1184237	3492	3785	-1	4
k63_1184237	4177	5514	1	5
k63_1184237	5728	6945	1	6
k63_1184237	7206	7451	-1	7
k63_1184237	7727	7936	-1	8
k63_1184237	8199	9080	-1	9
k63_1184237	9127	10662	-1	10
k63_1184237	10718	12820	1	11
k63_1184237	12825	13430	1	12
k63_1184237	13474	13701	1	13
k63_327150	2	748	1	1
k63_327150	781	2142	-1	2
k63_327150	2265	3071	1	3
k63_327150	3248	3961	-1	4
k63_327150	4095	4979	-1	5
k63_327150	5152	6438	-1	6
k63_327150	6501	7499	-1	7
k63_433916	507	1727	-1	1
k63_433916	1724	3118	-1	2
k63_433916	3115	3981	-1	3
k63_433916	3978	4316	-1	4
k63_1291405	187	1383	-1	1
k63_1291405	1530	2153	1	2
k63_1291405	2161	3549	-1	3
k63_1291405	3555	4538	-1	4
k63_1291405	4581	4826	1	5
k63_756355	1	561	1	1
k63_756355	754	2040	1	2
k63_756355	2037	2285	1	3
k63_1398708	10	540	-1	1
k63_1398708	802	1497	1	2
k63_1398708	1473	1808	1	3
k63_1398708	1999	2922	-1	4
k63_1398708	2935	4026	-1	5
k63_1398708	4028	4900	-1	6
k63_1398708	5137	6093	1	7
k63_1398708	6241	7059	-1	8
k63_1398708	7170	7778	1	9
k63_1398708	7947	8525	-1	10
k63_1398708	8561	9262	-1	11
k63_1398708	9270	10232	-1	12
k63_1398708	10222	11289	-1	13
k63_1398708	11393	12034	-1	14
k63_1398708	12065	12658	-1	15
k63_1398708	12658	13176	-1	16
k63_1398708	13301	14890	1	17
k63_1398708	15015	15665	1	18
k63_1398708	15682	17211	1	19
k63_1398708	17292	17921	-1	20
k63_1398708	18265	19503	1	21
k63_1398708	19649	20824	1	22
k63_1398708	20853	21578	1	23
k63_1398708	21734	23305	1	24
k63_1398708	23309	23779	-1	25
k63_1398708	24027	24848	1	26
k63_1398708	25169	25789	1	27
k63_1398708	25856	26008	1	28
k63_1398708	26045	26959	1	29
k63_1398708	26963	27757	1	30
k63_1398708	27815	28501	1	31
k63_1398708	28524	29990	1	32
k63_1398708	30001	30831	1	33
k63_1398708	30840	31436	1	34
k63_1398708	31420	33273	-1	35
k63_1398708	33306	35741	-1	36
k63_1398708	35755	36873	-1	37
k63_1398708	36938	38053	-1	38
k63_1398708	38300	38365	1	39
k63_756395	497	706	-1	1
k63_756395	1019	2056	1	2
k63_756395	2250	2354	-1	3
k63_970465	197	2617	-1	1
k63_970465	2759	3475	-1	2
k63_1505887	2	226	-1	1
k63_1505887	310	957	-1	2
k63_1505887	1051	1860	-1	3
k63_1505887	1870	3378	-1	4
k63_1505887	3419	3880	-1	5
k63_1505887	3877	4806	-1	6
k63_1505887	4940	5770	1	7
k63_1505887	5805	6596	-1	8
k63_1505887	6700	7476	-1	9
k63_1505887	7546	7959	1	10
k63_1505887	7987	8196	-1	11
k63_1505887	8203	8697	-1	12
k63_1505887	8796	9176	1	13
k63_1505887	9191	9976	-1	14
k63_1505887	10064	10441	-1	15
k63_1505887	10695	11618	-1	16
k63_1505887	11632	12390	1	17
k63_1505887	12553	12660	-1	18
k63_1505887	12664	13023	-1	19
k63_1505887	13035	14378	-1	20
k63_1505887	14707	15606	1	21
k63_1505887	15717	16949	-1	22
k63_1505887	16952	18202	-1	23
k63_1505887	18331	19563	1	24
k63_1505887	19684	20832	1	25
k63_1505887	20868	21161	1	26
k63_1505887	21174	22562	1	27
k63_1505887	22582	23253	1	28
k63_1505887	23441	23650	-1	29
k63_1505887	23760	24314	1	30
k63_1505887	24493	25047	1	31
k63_1505887	25044	25679	1	32
k63_1505887	25873	26067	-1	33
k63_1505887	26124	26354	-1	34
k63_1505887	26670	27416	-1	35
k63_1505887	27560	28060	-1	36
k63_1505887	28144	28344	-1	37
k63_1505887	28440	29024	1	38
k63_1505887	29008	29616	-1	39
k63_1505887	29770	29937	1	40
k63_863693	1	843	-1	1
k63_863693	1369	2568	-1	2
k63_863693	2669	4042	1	3
k63_863693	4120	5763	1	4
k63_863693	5769	6983	1	5
k63_863693	7046	9142	1	6
k63_863693	9161	10345	1	7
k63_863693	10485	11552	1	8
k63_863693	11657	12451	-1	9
k63_863693	12634	13095	-1	10
k63_863693	13183	14217	1	11
k63_1185001	124	1248	-1	1
k63_1185001	1257	2564	-1	2
k63_1185001	2733	3425	1	3
k63_863841	19	678	-1	1
k63_863841	680	1681	-1	2
k63_863841	1710	2570	-1	3
k63_863841	2579	3451	-1	4
k63_1399145	259	1575	1	1
k63_1399145	1619	2881	1	2
k63_1399145	2886	3899	1	3
k63_1399145	3896	4558	1	4
k63_1399145	4555	5253	1	5
k63_970933	2	283	1	1
k63_970933	313	1383	1	2
k63_970933	1490	1621	1	3
k63_220183	2	79	1	1
k63_220183	149	457	1	2
k63_220183	468	1301	1	3
k63_220183	1307	1927	1	4
k63_220183	1924	2217	1	5
k63_220183	2221	3048	1	6
k63_220183	3061	3339	1	7
k63_220183	3344	3724	1	8
k63_220183	3724	4407	1	9
k63_220183	4434	4850	1	10
k63_220183	4854	5051	1	11
k63_220183	5062	5298	1	12
k63_220183	5331	5699	1	13
k63_220183	5699	6022	1	14
k63_220183	6054	6596	1	15
k63_220183	6628	6933	1	16
k63_220183	6947	7345	1	17
k63_220183	7356	7889	1	18
k63_220183	7901	8263	1	19
k63_220183	8276	8824	1	20
k63_220183	8829	9023	1	21
k63_220183	9056	9577	1	22
k63_220183	9592	10932	1	23
k63_220183	10932	11591	1	24
k63_220183	11691	12059	1	25
k63_220183	12069	12461	1	26
k63_220183	12557	13573	1	27
k63_220183	13613	14035	1	28
k63_1077100	142	1788	-1	1
k63_1077100	1866	2525	1	2
k63_1077100	2537	3373	1	3
k63_1077100	3373	4152	1	4
k63_1077100	4149	4928	1	5
k63_1077100	5041	5568	1	6
k63_1077100	5773	6972	1	7
k63_1077100	7079	7714	-1	8
k63_1077100	7838	7960	1	9
k63_1077100	8026	9204	-1	10
k63_1077100	9223	9933	-1	11
k63_1077100	10167	10946	1	12
k63_1077100	11014	11976	-1	13
k63_1185575	3	3104	1	1
k63_1185575	3132	4355	1	2
k63_1185575	4407	5816	1	3
k63_1185575	5824	7041	1	4
k63_1185575	7108	7719	-1	5
k63_1185575	7716	8675	-1	6
k63_1185575	8754	9491	-1	7
k63_1185575	9512	10177	-1	8
k63_1185575	10267	12480	1	9
k63_7235	240	809	-1	1
k63_7235	1276	2280	-1	2
k63_7235	2308	2958	-1	3
k63_7235	3095	3943	-1	4
k63_7235	3940	4356	-1	5
k63_7235	4700	5722	-1	6
k63_7235	5902	8004	1	7
k63_7235	8396	9514	1	8
k63_7235	9511	11145	-1	9
k63_7235	11153	11917	-1	10
k63_7235	12097	13083	-1	11
k63_7235	13155	13457	-1	12
k63_7235	13811	14071	-1	13
k63_7235	14284	14994	1	14
k63_7235	15076	15726	1	15
k63_7235	15737	16732	-1	16
k63_7235	17014	17823	1	17
k63_864464	69	671	1	1
k63_864464	789	1571	1	2
k63_864464	1692	2771	-1	3
k63_7355	93	1232	1	1
k63_7355	1239	1880	-1	2
k63_7355	1895	2773	-1	3
k63_7355	2900	4510	1	4
k63_7355	4507	5277	-1	5
k63_7355	5402	6070	1	6
k63_7355	6067	7779	1	7
k63_7355	7776	8909	1	8
k63_7355	8916	9710	1	9
k63_7368	63	791	-1	1
k63_7368	830	2554	-1	2
k63_7368	2700	3281	-1	3
k63_7368	3309	4184	-1	4
k63_651184	246	2948	1	1
k63_651184	2969	5716	1	2
k63_651184	5768	7318	1	3
k63_651184	7399	7683	1	4
k63_651184	7696	7983	1	5
k63_651184	8044	9042	1	6
k63_651184	9065	10132	1	7
k63_651184	10240	10485	1	8
k63_114218	2	205	1	1
k63_114218	482	868	-1	2
k63_114218	1069	2388	1	3
k63_114218	2432	3076	1	4
k63_114218	3251	5287	1	5
k63_114218	5330	6241	1	6
k63_114218	6319	6600	1	7
k63_114218	6624	6947	1	8
k63_114218	7325	8056	1	9
k63_114218	8074	8721	1	10
k63_114218	8744	9955	1	11
k63_114218	9952	10794	1	12
k63_114218	10992	11945	1	13
k63_114218	11902	13218	1	14
k63_114218	13229	14809	-1	15
k63_114218	14892	15212	-1	16
k63_114218	15209	15388	-1	17
k63_543865	206	1342	1	1
k63_543865	1339	2511	1	2
k63_543865	2525	6361	1	3
k63_543865	6499	6981	-1	4
k63_543865	7215	7709	-1	5
k63_543865	7713	9422	-1	6
k63_543865	9495	10451	-1	7
k63_543865	10540	11622	1	8
k63_543865	11726	12370	-1	9
k63_543865	12401	13357	-1	10
k63_543865	13404	15299	-1	11
k63_543865	15588	16259	1	12
k63_543865	16307	16960	-1	13
k63_114381	408	965	-1	1
k63_114381	1139	1327	-1	2
k63_114381	1466	2689	-1	3
k63_114381	2686	2823	-1	4
k63_114381	2945	3715	1	5
k63_114381	3740	5743	-1	6
k63_114381	5947	6579	1	7
k63_114381	6552	6671	-1	8
k63_114381	7331	7504	1	9
k63_114381	7543	8307	1	10
k63_114381	8352	9452	-1	11
k63_114381	9618	10988	1	12
k63_114381	11167	11736	1	13
k63_114381	11780	12376	1	14
k63_114381	12479	13414	-1	15
k63_114381	13428	13802	-1	16
k63_114381	13859	15526	-1	17
k63_114381	15535	16821	-1	18
k63_114381	16977	18245	1	19
k63_221095	186	746	-1	1
k63_221095	795	1163	-1	2
k63_221095	1381	1713	-1	3
k63_221095	1700	2104	-1	4
k63_221095	2316	3023	-1	5
k63_221095	3096	3185	-1	6
k63_1400416	120	1034	1	1
k63_1400416	1385	2290	1	2
k63_1400416	2294	2839	1	3
k63_1078416	357	1598	1	1
k63_1078416	1613	1933	1	2
k63_1078416	1930	4854	1	3
k63_1078416	4856	5566	1	4
k63_1078416	5583	6212	1	5
k63_1078416	6305	7612	1	6
k63_1078416	7764	9164	1	7
k63_1078416	9395	10096	-1	8
k63_1078416	10161	10367	-1	9
k63_1078416	10402	12093	-1	10
k63_1078416	12244	12633	1	11
k63_1078416	12648	13562	-1	12
k63_1078416	13680	14381	1	13
k63_1078416	14408	15442	1	14
k63_1078416	15512	16306	1	15
k63_1400563	73	393	-1	1
k63_1400563	477	1220	1	2
k63_1400563	1365	2135	1	3
k63_1400563	2132	2374	1	4
k63_1400563	2510	3625	-1	5
k63_1400563	3746	4576	1	6
k63_1400563	4654	5265	1	7
k63_1400563	5349	6362	1	8
k63_1400563	6374	7072	-1	9
k63_1400563	7086	7721	-1	10
k63_1400563	7859	8767	1	11
k63_1400563	9127	9195	1	12
k63_1293250	94	969	-1	1
k63_1293250	1072	2379	-1	2
k63_1293250	2415	3350	1	3
k63_865369	311	1273	-1	1
k63_865369	1477	1689	-1	2
k63_865369	2692	3483	1	3
k63_865369	3501	3713	1	4
k63_865369	3710	4660	1	5
k63_865369	4663	5277	1	6
k63_865369	5326	5820	1	7
k63_865369	5796	6536	1	8
k63_865369	6560	7564	1	9
k63_865369	7685	8497	1	10
k63_865369	8753	8845	-1	11
k63_1507587	198	1862	1	1
k63_1507587	2481	2717	1	2
k63_1507587	2840	4243	1	3
k63_1507587	4240	5832	1	4
k63_1507587	5839	6615	1	5
k63_1507587	6612	7004	-1	6
k63_1507587	6998	7255	-1	7
k63_1507587	7252	7467	-1	8
k63_1507587	7505	8572	-1	9
k63_1507587	8626	9018	-1	10
k63_1507587	9124	10608	1	11
k63_1507587	10605	11690	-1	12
k63_1507587	11719	12531	-1	13
k63_1507587	12622	13095	-1	14
k63_1507587	13285	13875	1	15
k63_1507587	13883	14848	1	16
k63_1507587	14920	15786	1	17
k63_1507587	15848	17659	1	18
k63_1507587	17679	18416	1	19
k63_1507587	18562	19083	1	20
k63_1507587	19166	20569	-1	21
k63_1507587	20566	21243	-1	22
k63_1507587	21256	21675	-1	23
k63_1507587	21705	23159	-1	24
k63_1507587	23232	24620	-1	25
k63_1507587	24726	26132	-1	26
k63_1507587	26267	26977	1	27
k63_1507587	26989	28269	1	28
k63_1507587	28285	28713	-1	29
k63_8321	3	170	-1	1
k63_8321	246	662	-1	2
k63_8321	721	1380	-1	3
k63_8321	1496	3121	1	4
k63_544655	3	1181	1	1
k63_544655	1203	2030	-1	2
k63_544655	2104	3726	-1	3
k63_544655	3917	4552	1	4
k63_544655	4570	5049	1	5
k63_544655	5292	6302	-1	6
k63_544655	6489	7535	1	7
k63_544655	7640	7765	1	8
k63_544655	7936	9237	-1	9
k63_544655	9242	9613	-1	10
k63_544655	9630	10817	-1	11
k63_544655	10889	11089	-1	12
k63_544655	11242	11838	-1	13
k63_544655	11851	14721	-1	14
k63_544655	14757	14963	-1	15
k63_544655	15034	15642	-1	16
k63_544655	15823	16488	-1	17
k63_544655	16491	17090	-1	18
k63_544678	87	1100	-1	1
k63_544678	1203	2393	1	2
k63_544678	2497	2727	-1	3
k63_758578	3	212	1	1
k63_758578	236	1276	1	2
k63_758578	1273	3285	1	3
k63_758578	3519	5105	1	4
k63_758578	5640	7241	1	5
k63_758578	7294	8250	1	6
k63_758578	8268	9437	1	7
k63_758578	9434	11095	1	8
k63_758578	11106	11387	1	9
k63_1507967	9	413	-1	1
k63_1507967	421	1677	-1	2
k63_1507967	1697	2005	1	3
k63_115118	3	1655	-1	1
k63_115118	1716	3599	-1	2
k63_115118	3621	4076	-1	3
k63_115118	4303	5472	1	4
k63_1079059	87	632	-1	1
k63_1079059	1029	1628	1	2
k63_1079059	1519	2784	-1	3
k63_652539	79	393	1	1
k63_652539	514	1134	-1	2
k63_652539	1355	1501	1	3
k63_545396	99	1352	-1	1
k63_545396	1411	2382	-1	2
k63_545396	2490	3434	1	3
k63_545396	3540	5120	-1	4
k63_545396	5407	6066	1	5
k63_9328	3	98	-1	1
k63_9328	227	1084	1	2
k63_9328	1189	2484	-1	3
k63_9328	2597	4018	-1	4
k63_9328	4003	4695	-1	5
k63_9328	4692	5636	-1	6
k63_9328	6111	6515	1	7
k63_9328	6552	7286	-1	8
k63_9328	7413	8858	1	9
k63_9328	8937	9287	1	10
k63_9328	9322	12711	1	11
k63_9328	12708	13634	-1	12
k63_9328	13662	14792	-1	13
k63_9328	14860	15675	1	14
k63_222620	25	1110	-1	1
k63_222620	1223	2209	-1	2
k63_222620	2404	2877	1	3
k63_222620	3057	3476	-1	4
k63_866800	2	727	-1	1
k63_866800	787	2490	-1	2
k63_866800	2625	3116	1	3
k63_866800	3180	4937	1	4
k63_866800	5141	7393	1	5
k63_866800	7395	8279	1	6
k63_866800	8409	8681	1	7
k63_866800	8695	10245	-1	8
k63_866800	10266	11036	-1	9
k63_866800	11178	11876	1	10
k63_973688	103	600	-1	1
k63_973688	608	1603	-1	2
k63_973688	1600	2637	-1	3
k63_973688	2710	3276	1	4
k63_973688	3716	4066	-1	5
k63_973688	4312	5004	1	6
k63_973688	5225	5344	1	7
k63_9443	186	998	-1	1
k63_9443	1177	3174	1	2
k63_9443	3188	3634	1	3
k63_9443	3646	4767	1	4
k63_9443	4800	6227	-1	5
k63_9443	6295	7173	1	6
k63_9443	7519	7995	-1	7
k63_9443	8177	9058	-1	8
k63_9443	9055	9873	-1	9
k63_9443	9884	10747	-1	10
k63_9443	10782	11849	-1	11
k63_331352	1	1137	1	1
k63_331352	1474	2646	1	2
k63_331352	2652	2990	1	3
k63_331352	3265	3525	-1	4
k63_331352	3610	4059	-1	5
k63_1080289	554	1519	-1	1
k63_1080299	147	491	-1	1
k63_1080299	621	1838	1	2
k63_1080299	2028	2519	-1	3
k63_222941	116	1432	-1	1
k63_222941	1429	1977	-1	2
k63_222941	2060	3100	-1	3
k63_867244	1	255	-1	1
k63_867244	306	575	-1	2
k63_867244	747	1088	-1	3
k63_867244	1051	1386	-1	4
k63_1188429	3	2753	-1	1
k63_1295117	1	1305	-1	1
k63_974190	1	1083	1	1
k63_974190	1160	2989	1	2
k63_974190	2986	3420	1	3
k63_974190	3409	4341	-1	4
k63_974190	4478	4651	1	5
k63_974190	4903	5874	1	6
k63_974190	5919	6473	1	7
k63_974190	6476	7777	1	8
k63_974271	1	1272	1	1
k63_974271	1282	2316	1	2
k63_974271	2748	2930	-1	3
k63_223349	1	360	1	1
k63_223349	372	1154	1	2
k63_223349	1212	1817	1	3
k63_223349	1970	2389	-1	4
k63_1188845	25	675	-1	1
k63_1188845	678	1916	-1	2
k63_1188845	2069	2866	-1	3
k63_1188845	3099	3548	-1	4
k63_1188845	3506	4018	-1	5
k63_1188845	4148	5050	1	6
k63_1188845	5127	5729	1	7
k63_1081096	118	891	-1	1
k63_1081096	904	1698	-1	2
k63_1081096	1695	2537	-1	3
k63_1081096	2548	3333	-1	4
k63_1081096	3410	4429	-1	5
k63_1081096	4658	5287	1	6
k63_1081096	5399	7006	1	7
k63_1081096	7007	7105	-1	8
k63_1081096	7192	7500	-1	9
k63_1081096	7534	7722	-1	10
k63_654318	154	282	1	1
k63_654318	883	1215	1	2
k63_654318	1291	2094	-1	3
k63_1402987	214	1182	-1	1
k63_1402987	1285	2163	1	2
k63_1402987	2215	4149	-1	3
k63_1403033	3	254	1	1
k63_1403033	392	2395	1	2
k63_1403033	2423	4054	1	3
k63_975202	2	142	1	1
k63_975202	413	1327	1	2
k63_975202	1324	2247	-1	3
k63_975202	2388	2864	1	4
k63_975202	2876	3121	1	5
k63_975202	3148	4059	-1	6
k63_975202	4311	4400	1	7
k63_1189439	2	907	1	1
k63_1189439	933	1391	1	2
k63_1189439	1496	2452	-1	3
k63_1189439	2493	3254	-1	4
k63_1189439	3434	3733	1	5
k63_1189439	3764	5998	1	6
k63_1189462	107	1687	1	1
k63_1189462	1937	2530	1	2
k63_117880	2	97	1	1
k63_117880	170	1621	-1	2
k63_117880	1618	1791	-1	3
k63_1403581	103	654	-1	1
k63_1403581	698	5095	-1	2
k63_1403581	5172	6416	-1	3
k63_1403581	6545	7798	-1	4
k63_1403581	8304	9266	1	5
k63_1296346	3	1028	1	1
k63_1296346	1021	1725	1	2
k63_1296346	1722	2441	1	3
k63_547524	193	2955	1	1
k63_547524	2958	3917	1	2
k63_655178	50	202	-1	1
k63_655178	422	568	-1	2
k63_655178	920	1774	-1	3
k63_655183	207	4376	1	1
k63_655183	4388	5854	1	2
k63_655183	5857	6675	1	3
k63_655183	6834	8054	-1	4
k63_224805	130	1299	1	1
k63_224805	1351	3159	1	2
k63_224805	3518	4759	1	3
k63_224805	4791	5369	1	4
k63_224805	5577	6179	1	5
k63_1189972	2	379	1	1
k63_1189972	590	1834	-1	2
k63_1189972	1938	3098	-1	3
k63_1189972	3079	3747	-1	4
k63_655436	2	796	-1	1
k63_655436	931	2241	1	2
k63_655436	2491	2760	-1	3
k63_1082355	27	1322	1	1
k63_1082355	1345	2238	1	2
k63_548036	1	771	1	1
k63_548036	768	2525	1	2
k63_548036	2522	4267	1	3
k63_548036	4421	5311	1	4
k63_548036	5557	6396	1	5
k63_1296985	460	633	-1	1
k63_1296985	852	2309	1	2
k63_1296985	2397	3341	1	3
k63_1296985	3338	4696	1	4
k63_1296985	4768	6048	1	5
k63_333743	2	259	-1	1
k63_333743	352	513	-1	2
k63_333743	635	928	1	3
k63_333743	1004	1363	1	4
k63_333743	1360	2736	-1	5
k63_333743	2835	3632	1	6
k63_333743	3636	4832	1	7
k63_976267	211	1041	1	1
k63_976267	1054	1410	1	2
k63_976267	1442	2215	1	3
k63_976267	2370	2630	1	4
k63_976267	2975	3442	1	5
k63_976267	3447	4853	1	6
k63_1190641	150	1031	1	1
k63_1190641	1040	1276	-1	2
k63_1190641	1481	2197	-1	3
k63_1190641	2212	2817	-1	4
k63_1190641	2830	4059	-1	5
k63_1190641	4139	4768	-1	6
k63_1190641	4883	5731	-1	7
k63_1190837	1	369	-1	1
k63_1190837	366	1568	-1	2
k63_1190837	1828	2034	-1	3
k63_1190837	2089	2502	-1	4
k63_1190837	2499	2849	-1	5
k63_1190837	2850	3644	-1	6
k63_1190837	3652	3945	-1	7
k63_1190837	3942	4358	-1	8
k63_656034	55	861	-1	1
k63_656034	866	1786	-1	2
k63_656034	2154	3101	-1	3
k63_656034	3098	6055	-1	4
k63_656034	6109	7674	1	5
k63_1297443	188	418	1	1
k63_1297443	626	1810	1	2
k63_1297443	2029	3261	-1	3
k63_1297443	3710	4663	1	4
k63_1297443	4729	5016	1	5
k63_869489	2	739	1	1
k63_869489	757	1182	1	2
k63_869489	1195	1626	1	3
k63_869489	1623	2231	1	4
k63_869489	2332	3645	1	5
k63_12456	2	2176	1	1
k63_12456	2180	3496	1	2
k63_12456	3566	4765	1	3
k63_12456	4900	5574	-1	4
k63_869493	192	1166	-1	1
k63_869493	1184	2284	-1	2
k63_869493	2281	3270	-1	3
k63_869493	3303	4124	-1	4
k63_869493	4205	4696	1	5
k63_869493	4893	5285	-1	6
k63_869493	5316	6383	-1	7
k63_869493	6389	7921	-1	8
k63_869493	8153	10942	1	9
k63_869493	11092	11820	1	10
k63_869493	11965	13518	1	11
k63_335001	7	570	-1	1
k63_335001	691	2451	-1	2
k63_335001	2448	4226	-1	3
k63_335001	4292	5695	-1	4
k63_335001	5866	6087	-1	5
k63_656912	128	1102	1	1
k63_656912	1078	2307	1	2
k63_656912	2436	2747	-1	3
k63_870608	3	1322	-1	1
k63_870608	1336	2985	-1	2
k63_1298377	3	512	-1	1
k63_1298377	505	1212	-1	2
k63_1298377	1351	1803	-1	3
k63_1298377	2172	3473	1	4
k63_1298377	3495	3953	1	5
k63_1298377	3973	5064	1	6
k63_763554	98	1039	-1	1
k63_763554	1043	1696	-1	2
k63_763554	1693	2445	-1	3
k63_763554	2468	3745	-1	4
k63_1084548	598	1302	1	1
k63_1084548	1248	1892	-1	2
k63_1084548	2030	2851	1	3
k63_1084548	2888	4561	1	4
k63_1084548	4567	5097	1	5
k63_1084548	5165	5521	1	6
k63_440324	530	727	1	1
k63_440324	724	1176	1	2
k63_440324	1160	3097	1	3
k63_440324	3094	3738	1	4
k63_440324	3735	4304	1	5
k63_120362	90	3347	1	1
k63_120362	3392	3865	1	2
k63_120362	3894	4865	1	3
k63_120362	4981	5949	1	4
k63_120362	5977	6867	1	5
k63_335753	70	798	-1	1
k63_335753	1016	3040	1	2
k63_335753	3097	3501	1	3
k63_1298905	60	305	-1	1
k63_1298905	317	2620	-1	2
k63_1298905	2796	5462	1	3
k63_871259	453	2276	-1	1
k63_871259	2283	3641	-1	2
k63_871259	3846	4646	-1	3
k63_871259	4657	5547	-1	4
k63_871259	5544	6599	-1	5
k63_871259	6680	7774	-1	6
k63_871294	164	3544	-1	1
k63_871294	3950	4444	-1	2
k63_871294	4580	5071	1	3
k63_1193180	1	453	-1	1
k63_1193180	459	1523	-1	2
k63_1193180	1792	3096	-1	3
k63_1193180	3195	4142	-1	4
k63_1193180	4249	4680	1	5
k63_1193180	4687	4890	1	6
k63_1193180	4915	5655	-1	7
k63_1193180	5648	7741	-1	8
k63_1193180	7895	9934	1	9
k63_1193180	9931	10230	-1	10
k63_1085474	1	264	1	1
k63_1085474	261	1319	1	2
k63_1085474	1259	1459	1	3
k63_1085474	1558	2274	1	4
k63_1085474	2353	3120	1	5
k63_1085474	3131	3736	1	6
k63_978601	293	1303	-1	1
k63_978601	1347	1589	-1	2
k63_978601	1660	2472	-1	3
k63_978601	2572	2781	-1	4
k63_14528	191	988	-1	1
k63_14528	1043	2242	1	2
k63_14528	2322	3227	1	3
k63_14528	3202	4341	-1	4
k63_14528	4434	5597	-1	5
k63_14528	5628	8351	-1	6
k63_14528	8550	9782	1	7
k63_14528	9790	10341	1	8
k63_14528	10334	10744	1	9
k63_14528	11167	11439	-1	10
k63_14528	11512	12387	-1	11
k63_14528	12453	12635	1	12
k63_1406970	1	129	1	1
k63_1406970	147	1544	-1	2
k63_1406970	1654	2343	1	3
k63_1406970	2351	3259	-1	4
k63_1406970	3264	4793	-1	5
k63_1406970	5060	5779	1	6
k63_1406970	5786	6424	1	7
k63_1406970	6393	6695	1	8
k63_1406970	6697	7644	1	9
k63_1406970	7657	8229	1	10
k63_121170	173	952	-1	1
k63_121170	966	1421	-1	2
k63_121170	1418	2764	-1	3
k63_121170	2824	3942	-1	4
k63_121170	3959	5173	-1	5
k63_121207	172	2007	-1	1
k63_550950	2	787	-1	1
k63_550950	889	1149	-1	2
k63_550950	1249	1722	1	3
k63_1513884	2	841	-1	1
k63_1513884	944	1528	-1	2
k63_1513884	1548	1904	1	3
k63_1513884	1909	2838	-1	4
k63_1513884	2864	3340	-1	5
k63_1513884	3553	4674	1	6
k63_1513884	4918	5613	1	7
k63_1513884	5610	6419	1	8
k63_1513884	6423	7301	-1	9
k63_1513884	7406	8251	1	10
k63_1513884	8380	9600	1	11
k63_1513884	9611	10327	-1	12
k63_1086089	86	1246	-1	1
k63_1086089	1257	2750	-1	2
k63_1086089	2870	3112	1	3
k63_551442	1	846	-1	1
k63_551442	843	1331	-1	2
k63_551442	1328	2200	-1	3
k63_551442	2223	3005	-1	4
k63_551442	3027	4613	-1	5
k63_551442	4610	6625	-1	6
k63_551442	6864	7745	1	7
k63_551442	7906	9438	-1	8
k63_979200	1	840	-1	1
k63_979200	1704	2441	-1	2
k63_872644	3	1058	1	1
k63_872644	1141	1476	1	2
k63_658903	49	384	-1	1
k63_658903	489	2474	1	2
k63_658903	2833	3813	1	3
k63_658903	3810	5375	1	4
k63_658903	5581	6123	1	5
k63_658903	6069	6437	1	6
k63_1194315	3	476	1	1
k63_1194315	707	1483	-1	2
k63_1194315	1618	2643	-1	3
k63_1194315	2721	3047	-1	4
k63_1194315	3105	3911	-1	5
k63_1194315	3952	5556	-1	6
k63_1194315	5987	6418	1	7
k63_1194315	6523	6909	1	8
k63_1194315	6914	7351	1	9
k63_1194315	7534	8100	-1	10
k63_1194315	8189	8467	-1	11
k63_228963	3	521	1	1
k63_228963	540	794	1	2
k63_228963	799	3048	-1	3
k63_228963	3101	5776	-1	4
k63_228963	5789	6373	-1	5
k63_228963	6386	7516	-1	6
k63_228963	7528	8616	-1	7
k63_1194345	140	1411	1	1
k63_1514800	3	1091	-1	1
k63_1514800	1131	1742	-1	2
k63_1514800	1797	1988	-1	3
k63_765916	124	705	1	1
k63_765916	714	1826	1	2
k63_765916	1828	2277	1	3
k63_765916	2274	2780	1	4
k63_765916	2781	3731	1	5
k63_442764	1	78	-1	1
k63_442764	253	870	-1	2
k63_442764	867	1910	-1	3
k63_442764	1939	2793	-1	4
k63_442764	2797	3564	-1	5
k63_442764	3695	4240	1	6
k63_442764	4287	5111	1	7
k63_442764	5275	6588	-1	8
k63_442764	6787	8229	1	9
k63_442764	8320	9669	1	10
k63_442764	9900	10781	1	11
k63_442764	10793	11740	1	12
k63_442764	11728	12483	1	13
k63_442764	12470	13171	1	14
k63_1300600	805	1020	1	1
k63_1300600	1328	1597	1	2
k63_1300600	1970	2953	1	3
k63_1300600	3053	3841	1	4
k63_1300600	3969	5120	1	5
k63_1300600	5149	5787	1	6
k63_1300600	5780	6874	1	7
k63_1300600	6916	8460	1	8
k63_1300600	8457	9254	1	9
k63_1300600	9245	10009	1	10
k63_1300600	10193	10672	1	11
k63_1300600	10895	11695	1	12
k63_1300600	11718	11912	-1	13
k63_1300600	11991	12638	1	14
k63_1300600	12651	13412	-1	15
k63_1300600	13436	14308	-1	16
k63_1300600	14457	15476	-1	17
k63_1300600	15585	16895	-1	18
k63_1300600	17025	18494	1	19
k63_1300600	18498	18686	-1	20
k63_1300675	2	511	1	1
k63_1300675	563	1048	1	2
k63_1300675	1052	1753	1	3
k63_1300675	1782	3434	1	4
k63_873181	1	753	-1	1
k63_873181	915	1691	-1	2
k63_873181	1773	2165	-1	3
k63_873181	2178	2705	-1	4
k63_1087173	69	344	1	1
k63_1087173	326	472	1	2
k63_1087173	882	2276	1	3
k63_1087173	2337	2633	1	4
k63_1087173	2590	2895	-1	5
k63_1087173	3045	3515	1	6
k63_1087173	3526	4320	1	7
k63_1087173	4329	5240	1	8
k63_1087173	5237	6430	1	9
k63_1087173	6412	6519	1	10
k63_443072	601	948	1	1
k63_443072	1247	1438	-1	2
k63_443072	1435	2940	-1	3
k63_443072	3055	3510	-1	4
k63_443072	3537	5222	-1	5
k63_659999	3	668	-1	1
k63_659999	683	1561	-1	2
k63_659999	1678	2127	1	3
k63_659999	2341	2568	1	4
k63_659999	2594	3412	-1	5
k63_659999	3547	3798	-1	6
k63_230007	1	771	-1	1
k63_230007	869	2245	-1	2
k63_230007	2539	3606	1	3
k63_230007	3720	5255	1	4
k63_660236	3	731	1	1
k63_660236	746	943	1	2
k63_660236	945	1766	1	3
k63_660236	1812	3005	1	4
k63_660236	3077	4273	1	5
k63_873732	205	1374	1	1
k63_873732	1374	1781	1	2
k63_1195532	241	1527	-1	1
k63_1195532	1823	2263	1	2
k63_1195532	2264	5785	1	3
k63_1408898	139	1305	1	1
k63_1408898	1620	2366	-1	2
k63_1408898	2477	3814	1	3
k63_1408898	3936	5411	1	4
k63_1408898	5508	5591	1	5
k63_1195595	2	301	-1	1
k63_1195595	298	2175	-1	2
k63_1195595	2280	3500	1	3
k63_873990	2	1003	-1	1
k63_873990	987	2132	-1	2
k63_873990	2147	2662	-1	3
k63_443777	3	194	-1	1
k63_443777	435	1280	1	2
k63_443777	1303	2067	1	3
k63_443777	2129	3133	1	4
k63_443777	3150	3944	1	5
k63_443777	4041	5708	1	6
k63_443777	6000	7283	1	7
k63_443777	7800	8096	1	8
k63_1088416	1	1233	-1	1
k63_1088416	1432	1728	-1	2
k63_1088416	2211	3080	1	3
k63_1088416	3100	4410	1	4
k63_339286	1	162	-1	1
k63_339286	243	869	1	2
k63_339286	866	1354	1	3
k63_339286	1563	1742	1	4
k63_230789	24	851	-1	1
k63_230789	955	1926	-1	2
k63_230789	2043	2981	1	3
k63_230789	3222	5669	-1	4
k63_444027	1	1158	-1	1
k63_444027	1148	1852	-1	2
k63_444027	1868	3154	-1	3
k63_444027	3721	5247	1	4
k63_444027	5261	5485	1	5
k63_444027	5678	6688	1	6
k63_444027	6688	8289	1	7
k63_444027	8276	8983	1	8
k63_17070	129	899	1	1
k63_17070	896	1159	1	2
k63_17070	1084	2421	-1	3
k63_17070	2418	3098	-1	4
k63_17070	3098	3442	-1	5
k63_17070	3660	5192	1	6
k63_1088859	94	1872	-1	1
k63_1088859	1958	2425	-1	2
k63_1088859	2623	3528	-1	3
k63_1088859	3556	4674	-1	4
k63_1088859	4977	5789	1	5
k63_1088859	5770	6888	1	6
k63_1088859	7010	7369	-1	7
k63_1088859	7580	9889	-1	8
k63_1088859	10223	11437	-1	9
k63_661530	2	574	-1	1
k63_661530	571	1071	-1	2
k63_661530	1356	2069	-1	3
k63_661530	2075	3538	-1	4
k63_661530	3535	4203	-1	5
k63_661530	4212	5585	-1	6
k63_661530	5696	6799	-1	7
k63_661530	7042	8556	-1	8
k63_661530	8844	9518	-1	9
k63_661530	9521	10468	-1	10
k63_661530	10496	10771	-1	11
k63_661530	10768	11466	-1	12
k63_661530	11687	12628	1	13
k63_661530	12640	13377	1	14
k63_661530	13536	13769	1	15
k63_661530	13822	15081	1	16
k63_661530	15086	16078	1	17
k63_661530	16084	16860	-1	18
k63_661530	16979	17875	1	19
k63_661530	17887	18525	1	20
k63_661530	18500	19033	-1	21
k63_661530	19333	20190	-1	22
k63_661530	20183	21199	-1	23
k63_661530	21196	22476	-1	24
k63_661530	22614	24758	-1	25
k63_661530	24764	25858	-1	26
k63_661530	25868	26989	-1	27
k63_661530	27098	27949	-1	28
k63_661530	28143	29633	1	29
k63_661530	29659	30108	1	30
k63_661530	30112	32055	-1	31
k63_661530	32146	32568	1	32
k63_661530	32740	33393	-1	33
k63_661530	33381	34391	-1	34
k63_661530	34525	35703	1	35
k63_661530	35700	36245	1	36
k63_661530	36242	37336	1	37
k63_661530	37333	38016	1	38
k63_661530	38019	38798	1	39
k63_661530	38809	39978	-1	40
k63_661530	40128	41687	1	41
k63_231588	3	113	1	1
k63_231588	120	1004	-1	2
k63_231588	1115	1462	1	3
k63_231588	1459	1950	1	4
k63_768431	3	635	1	1
k63_768431	651	1262	1	2
k63_768431	1303	1551	-1	3
k63_17639	2	259	1	1
k63_17639	694	1692	1	2
k63_17639	1906	3489	-1	3
k63_17639	3482	4258	-1	4
k63_17639	4454	5509	1	5
k63_17639	5535	6914	-1	6
k63_17639	7011	7403	-1	7
k63_17639	7473	7838	-1	8
k63_661701	2	850	1	1
k63_661701	956	1849	-1	2
k63_661701	1911	2552	-1	3
k63_1089233	2	553	1	1
k63_1089233	592	987	1	2
k63_1089233	1021	1536	1	3
k63_1089233	1600	2946	-1	4
k63_1089233	3294	3716	-1	5
k63_1089233	3762	5066	-1	6
k63_1089233	5081	7399	-1	7
k63_1089233	7737	8366	-1	8
k63_1089233	8351	8884	-1	9
k63_1089233	8887	9678	-1	10
k63_1089233	9675	10418	-1	11
k63_1089233	10636	11232	1	12
k63_1089233	11426	11953	1	13
k63_1089233	11957	12556	1	14
k63_1089233	12553	14634	1	15
k63_1089233	14639	15088	1	16
k63_1089233	15085	16863	1	17
k63_982707	35	388	1	1
k63_982707	1071	1526	1	2
k63_982707	1519	2196	1	3
k63_982707	2224	2859	1	4
k63_982707	2840	3724	1	5
k63_982707	3762	4463	1	6
k63_982707	4467	5360	1	7
k63_875492	118	381	1	1
k63_875492	998	1777	-1	2
k63_875492	2100	3170	-1	3
k63_875492	3267	5264	-1	4
k63_875492	5911	6594	-1	5
k63_875492	6727	9117	-1	6
k63_875492	9114	10190	-1	7
k63_875492	10276	10641	-1	8
k63_875492	10654	10851	-1	9
k63_875492	11137	11820	-1	10
k63_875492	11922	12806	1	11
k63_875492	12866	13351	-1	12
k63_875492	13433	14350	-1	13
k63_875492	14759	14935	-1	14
k63_768810	2	109	-1	1
k63_768810	275	1663	-1	2
k63_768810	1702	3300	-1	3
k63_768810	3314	3718	-1	4
k63_768810	4015	4425	-1	5
k63_768810	4422	5051	-1	6
k63_768810	5205	5417	1	7
k63_1517616	2	490	1	1
k63_1517616	648	3278	1	2
k63_1517616	3362	3634	-1	3
k63_445308	2	205	-1	1
k63_445308	500	955	1	2
k63_445308	960	1682	1	3
k63_1089762	1	159	-1	1
k63_1089762	355	1854	1	2
k63_1089762	2037	3548	-1	3
k63_1089762	3855	4994	1	4
k63_1089762	5268	6074	1	5
k63_1089762	6071	6976	1	6
k63_1089762	7116	8060	1	7
k63_125346	11	1717	-1	1
k63_1197416	154	444	1	1
k63_1197416	456	788	1	2
k63_1197416	781	1668	1	3
k63_1197416	1676	2371	1	4
k63_1197416	2522	3730	-1	5
k63_1197416	3903	5036	-1	6
k63_1197416	5292	5810	-1	7
k63_1197416	5883	6353	-1	8
k63_662148	431	1720	-1	1
k63_662148	1788	2810	-1	2
k63_662148	2923	3141	1	3
k63_662148	3134	3880	1	4
k63_662148	3944	4459	1	5
k63_662148	4604	5836	-1	6
k63_662148	6156	6695	1	7
k63_662148	6838	7836	-1	8
k63_662148	8014	8730	-1	9
k63_662148	9068	10033	1	10
k63_662148	10294	11445	1	11
k63_662148	11554	12174	1	12
k63_662148	12171	14012	1	13
k63_662148	14033	14188	1	14
k63_662299	1	330	-1	1
k63_662299	382	1617	-1	2
k63_662299	1910	3160	1	3
k63_769256	455	1438	1	1
k63_769256	1448	1633	1	2
k63_1303905	3	2921	-1	1
k63_1303905	3171	4340	-1	2
k63_1303905	4337	5641	-1	3
k63_1303905	5767	6924	1	4
k63_1303905	6929	7327	-1	5
k63_662665	231	2549	-1	1
k63_662665	2768	3499	-1	2
k63_662665	3496	4140	-1	3
k63_662665	4137	5015	-1	4
k63_662665	5017	5697	-1	5
k63_662665	5854	6504	1	6
k63_662665	6537	7079	1	7
k63_662665	7236	9632	-1	8
k63_662665	9671	10939	-1	9
k63_662665	10936	11070	-1	10
k63_662665	11067	12485	-1	11
k63_662665	12516	13109	1	12
k63_662665	13129	15471	1	13
k63_662665	15547	15990	1	14
k63_662665	15997	16869	-1	15
k63_662665	16901	17842	-1	16
k63_662665	17842	18591	-1	17
k63_769514	1	720	1	1
k63_769514	736	1092	1	2
k63_769514	1382	1783	1	3
k63_769514	1820	1960	-1	4
k63_769514	2067	2438	-1	5
k63_769514	2539	3138	-1	6
k63_769514	3195	3491	-1	7
k63_769514	3819	4382	1	8
k63_769514	4554	6521	1	9
k63_769514	6536	6646	1	10
k63_769514	6819	7373	1	11
k63_769514	7541	8266	1	12
k63_769514	8291	9046	1	13
k63_769514	9182	9976	1	14
k63_769514	10067	10756	1	15
k63_769514	10770	11438	1	16
k63_769514	11447	12346	1	17
k63_769514	12362	12925	-1	18
k63_1198142	2	811	1	1
k63_1198142	828	2060	-1	2
k63_1198142	2491	3501	1	3
k63_1198142	3670	4596	-1	4
k63_1198142	4731	5282	-1	5
k63_1198142	5403	6080	1	6
k63_1198142	6191	6262	-1	7
k63_341353	1348	2775	-1	1
k63_341353	2987	3928	1	2
k63_341353	3903	4859	1	3
k63_341353	4856	5470	1	4
k63_341353	5478	6077	1	5
k63_341353	6082	6588	1	6
k63_341353	6585	7373	1	7
k63_341353	7370	8074	1	8
k63_341353	8356	8781	-1	9
k63_341353	8928	9182	-1	10
k63_341353	9234	9869	-1	11
k63_341353	9869	10411	-1	12
k63_341353	10416	10853	-1	13
k63_341353	11057	12169	1	14
k63_341353	12215	12652	1	15
k63_341353	12667	12771	1	16
k63_341353	12783	13019	1	17
k63_341353	13104	13481	1	18
k63_341353	13475	14500	-1	19
k63_341353	14581	16107	-1	20
k63_341353	16104	17255	-1	21
k63_341353	17368	18288	1	22
k63_341353	18412	18876	1	23
k63_341353	18917	19138	1	24
k63_341353	19394	20431	-1	25
k63_1411759	49	3531	-1	1
k63_1411759	3531	6488	-1	2
k63_1411759	6656	7360	-1	3
k63_1411759	7357	8388	-1	4
k63_1411759	8385	8888	-1	5
k63_1411759	8914	9633	-1	6
k63_1411759	9783	10829	1	7
k63_1411759	11152	12108	-1	8
k63_1198345	2	1039	1	1
k63_1198345	1317	2069	1	2
k63_1198345	2063	3262	1	3
k63_1198345	3278	4318	-1	4
k63_1198345	4446	4913	1	5
k63_126612	157	987	-1	1
k63_126612	1076	1801	-1	2
k63_126612	1798	3261	-1	3
k63_126612	3308	4252	-1	4
k63_126612	4948	6783	-1	5
k63_126612	6793	6942	-1	6
k63_126612	6952	7374	-1	7
k63_126612	8228	9319	1	8
k63_126612	9332	10543	1	9
k63_126612	10524	10715	-1	10
k63_126612	10755	11516	-1	11
k63_126612	11550	12110	-1	12
k63_126612	12551	13237	1	13
k63_126612	13237	13734	1	14
k63_126612	13915	14364	1	15
k63_1304372	104	844	1	1
k63_1304372	860	1339	1	2
k63_1304372	1288	2205	1	3
k63_1304372	2457	3221	-1	4
k63_1304372	3251	4393	-1	5
k63_1304372	4422	4796	-1	6
k63_1304372	5004	5171	1	7
k63_876642	2	79	1	1
k63_876642	296	493	1	2
k63_876642	496	1026	1	3
k63_876642	1112	1540	1	4
k63_876642	1545	2243	1	5
k63_876642	2571	3089	1	6
k63_876642	3151	3525	1	7
k63_876642	3631	7719	1	8
k63_876642	7808	12022	1	9
k63_876642	12328	12699	1	10
k63_876642	12713	13183	1	11
k63_876642	13214	15289	1	12
k63_876642	15387	15446	1	13
k63_1198493	3	1073	1	1
k63_1198493	1251	2174	-1	2
k63_769985	1	384	-1	1
k63_769985	381	1400	-1	2
k63_769985	1400	2602	-1	3
k63_769985	2607	3620	-1	4
k63_769985	3736	5772	-1	5
k63_769985	6303	7271	1	6
k63_769985	7261	8346	1	7
k63_769985	8515	9222	-1	8
k63_769985	9378	9542	-1	9
k63_769985	10048	11016	1	10
k63_769985	11058	11927	-1	11
k63_556431	1	1419	1	1
k63_770303	15	455	-1	1
k63_770303	468	1658	-1	2
k63_770303	1807	2811	-1	3
k63_770303	2931	5210	-1	4
k63_1412531	124	684	-1	1
k63_1412531	671	1345	-1	2
k63_1412531	1342	2766	-1	3
k63_1412531	2770	3669	-1	4
k63_1412531	4199	8242	1	5
k63_1412531	8232	8861	1	6
k63_1412531	8827	9012	-1	7
k63_1305107	1	357	-1	1
k63_1305107	380	2602	-1	2
k63_1305107	2701	3609	-1	3
k63_1305107	3609	3938	-1	4
k63_1199269	279	536	1	1
k63_1199269	568	1551	1	2
k63_1199269	1764	2183	1	3
k63_1199269	2188	2931	1	4
k63_1199269	3052	3396	1	5
k63_1199269	3473	4327	-1	6
k63_1199269	4327	5070	-1	7
k63_1199269	5067	6113	-1	8
k63_1199269	6110	7009	-1	9
k63_1199269	7078	8325	-1	10
k63_1199269	8465	9541	-1	11
k63_1199269	9693	10502	1	12
k63_1199269	10687	11007	-1	13
k63_1199269	11066	12085	-1	14
k63_19481	1	798	-1	1
k63_19481	1041	1790	1	2
k63_1092249	338	2317	-1	1
k63_1092249	2433	3557	1	2
k63_1092249	3731	4366	1	3
k63_1092249	4413	5168	1	4
k63_1092345	65	1060	-1	1
k63_1092345	1080	1556	-1	2
k63_1092345	1576	2268	-1	3
k63_1092345	2279	3058	-1	4
k63_877893	2	673	-1	1
k63_877893	811	1053	-1	2
k63_877893	1113	1394	-1	3
k63_877893	1583	2347	1	4
k63_878081	3	104	1	1
k63_878081	528	1652	1	2
k63_878081	1649	2803	1	3
k63_878081	2819	3922	1	4
k63_878081	3933	4925	1	5
k63_878081	5003	5062	1	6
k63_343911	2	970	1	1
k63_343911	967	2469	1	2
k63_343911	2469	3515	1	3
k63_343911	3574	3969	-1	4
k63_343911	4028	4120	-1	5
k63_1306045	164	646	-1	1
k63_1306045	770	2119	1	2
k63_1306045	2174	2584	1	3
k63_1306045	2599	2958	1	4
k63_1306045	2972	3817	1	5
k63_1306045	3833	4579	1	6
k63_1306045	4591	5769	1	7
k63_20402	1	390	-1	1
k63_20402	744	1973	-1	2
k63_20402	2104	2610	1	3
k63_128187	259	1617	-1	1
k63_1520527	184	978	-1	1
k63_1520527	1258	1680	1	2
k63_1520527	1700	2458	1	3
k63_1520527	2471	2908	1	4
k63_1520527	2919	4544	1	5
k63_1520527	4780	5520	-1	6
k63_1093258	217	1494	1	1
k63_1093258	1491	2246	1	2
k63_1093258	2451	3089	1	3
k63_557725	73	1605	1	1
k63_557725	1602	1832	1	2
k63_557725	1842	2426	1	3
k63_235320	1	960	1	1
k63_235320	1098	1937	1	2
k63_235320	1960	3633	1	3
k63_235320	3644	5743	1	4
k63_235320	5745	7055	1	5
k63_235320	7052	7804	1	6
k63_235320	7948	9333	-1	7
k63_235320	9517	10077	1	8
k63_235320	10110	10484	-1	9
k63_772135	3	464	-1	1
k63_772135	461	2377	-1	2
k63_1520765	1	909	-1	1
k63_1520765	931	1323	-1	2
k63_1520765	1320	2510	-1	3
k63_1520765	2541	3089	-1	4
k63_1520765	3100	3594	-1	5
k63_1520765	3591	4763	-1	6
k63_1520765	4803	5264	-1	7
k63_1520765	5261	5749	-1	8
k63_1520765	5746	7215	-1	9
k63_1520765	7172	9484	-1	10
k63_1520765	9838	10404	1	11
k63_1520765	10401	11342	1	12
k63_1520765	11665	12105	1	13
k63_1520765	12403	12573	1	14
k63_1520765	12678	12926	-1	15
k63_1520765	13064	13369	-1	16
k63_665448	3	725	1	1
k63_665448	795	1685	1	2
k63_665448	1689	2444	1	3
k63_665448	2455	3777	1	4
k63_1201066	1	492	-1	1
k63_1201066	606	1409	-1	2
k63_1201066	1426	2502	-1	3
k63_1201066	2663	3496	1	4
k63_21128	85	1509	1	1
k63_21128	1591	2424	1	2
k63_21128	2612	3130	-1	3
k63_21128	3273	5570	1	4
k63_235823	105	1370	1	1
k63_235823	1367	1657	-1	2
k63_1201172	216	1202	1	1
k63_1201172	1215	2942	1	2
k63_1201172	2927	3622	1	3
k63_1201172	3796	5136	1	4
k63_1201172	5328	6539	1	5
k63_772806	2	1294	1	1
k63_1307054	1	933	1	1
k63_1307054	930	2123	-1	2
k63_1307054	2265	2969	1	3
k63_1201231	125	415	-1	1
k63_1201231	506	1498	-1	2
k63_1201231	1738	5223	1	3
k63_1201231	5575	7047	1	4
k63_1521447	2	712	1	1
k63_1521447	723	1127	1	2
k63_1521447	1396	2316	1	3
k63_1521447	2327	2665	-1	4
k63_1521447	2749	3180	-1	5
k63_1521447	3216	4124	-1	6
k63_1521447	4275	5561	-1	7
k63_1521447	5561	6802	-1	8
k63_1521447	6808	8376	-1	9
k63_1521447	8452	8739	-1	10
k63_1521447	8865	9503	-1	11
k63_1521447	9485	12910	-1	12
k63_1521447	13012	13149	-1	13
k63_666249	3	1526	-1	1
k63_666249	1523	1969	-1	2
k63_666249	1959	2144	-1	3
k63_666249	2167	2946	-1	4
k63_666249	2953	3618	-1	5
k63_666249	3615	4268	-1	6
k63_666249	4543	5847	-1	7
k63_1201518	197	1903	1	1
k63_1201518	1919	2296	1	2
k63_1201518	2308	4266	1	3
k63_1201518	4318	4854	-1	4
k63_1201518	4851	5180	-1	5
k63_1201518	5326	6504	-1	6
k63_1201518	6506	7570	-1	7
k63_1201518	7674	8717	1	8
k63_1201518	8789	9202	-1	9
k63_1201518	9544	10218	1	10
k63_1201518	10517	11671	1	11
k63_879392	1	537	-1	1
k63_879392	553	1110	-1	2
k63_879392	1445	2548	1	3
k63_879392	2578	3567	-1	4
k63_879392	3704	3886	1	5
k63_879392	3902	4525	1	6
k63_879392	4688	4927	1	7
k63_879392	4924	6078	-1	8
k63_879392	6193	6513	-1	9
k63_879392	6620	6832	-1	10
k63_879392	7163	8458	1	11
k63_879392	8633	9421	1	12
k63_1201523	2	631	1	1
k63_1201523	775	2523	1	2
k63_1201523	2628	5321	1	3
k63_1201523	5328	5720	-1	4
k63_1201523	5797	7116	1	5
k63_1201523	7122	7904	1	6
k63_1201523	8067	9494	-1	7
k63_1201523	9627	10394	1	8
k63_1201523	10499	12283	1	9
k63_1201523	12385	12795	1	10
k63_1201523	13217	14770	1	11
k63_1201523	14872	15909	1	12
k63_1201523	15966	16862	1	13
k63_1201523	16859	17374	1	14
k63_1201523	17376	19268	1	15
k63_1201523	19282	20427	1	16
k63_1201523	20445	21341	-1	17
k63_129363	895	1512	1	1
k63_129363	1509	3698	1	2
k63_129363	3726	3965	1	3
k63_129363	3997	4335	1	4
k63_129363	4332	4673	1	5
k63_129363	4940	5359	1	6
k63_1307582	3	827	-1	1
k63_1307582	855	1847	-1	2
k63_1307582	1894	2370	-1	3
k63_129456	78	1226	-1	1
k63_129456	1241	2017	-1	2
k63_129456	2014	2871	-1	3
k63_129456	2874	3809	-1	4
k63_129456	3806	4903	-1	5
k63_129456	4931	6538	-1	6
k63_129456	6704	7141	-1	7
k63_129456	7167	7658	-1	8
k63_129456	7677	7970	-1	9
k63_129456	8109	8384	1	10
k63_129456	8533	8706	1	11
k63_129456	8726	11839	-1	12
k63_236642	3	164	1	1
k63_236642	320	448	1	2
k63_236642	548	1156	1	3
k63_236642	1207	1620	-1	4
k63_559249	1	3147	1	1
k63_559249	3159	3890	1	2
k63_559249	3896	4627	1	3
k63_559249	4624	5022	1	4
k63_559249	5047	7194	1	5
k63_559249	7309	8925	-1	6
k63_559345	2	319	1	1
k63_559345	434	1066	-1	2
k63_559345	1086	1319	-1	3
k63_559345	1495	1923	1	4
k63_559345	2147	2926	-1	5
k63_559345	2937	5036	-1	6
k63_346387	35	412	-1	1
k63_346387	427	1347	-1	2
k63_346387	1714	1965	1	3
k63_346387	1997	2350	1	4
k63_346387	2374	2814	-1	5
k63_346387	2923	3081	1	6
k63_666960	2	820	1	1
k63_666960	825	1817	-1	2
k63_666960	1837	2664	-1	3
k63_666960	2823	3302	1	4
k63_666960	3367	4773	1	5
k63_666960	4912	5409	1	6
k63_666960	5485	5676	1	7
k63_129884	118	1566	-1	1
k63_129884	1598	1777	-1	2
k63_129884	1885	2799	1	3
k63_129884	2980	3411	-1	4
k63_129884	3551	3898	1	5
k63_129884	4112	5035	-1	6
k63_129884	5032	6000	-1	7
k63_129884	6004	6990	-1	8
k63_129884	6987	7955	-1	9
k63_129884	7991	9403	-1	10
k63_666990	2	109	-1	1
k63_666990	432	893	-1	2
k63_666990	930	2300	-1	3
k63_666990	2399	3502	1	4
k63_666990	3548	4594	-1	5
k63_666990	4610	5239	-1	6
k63_666990	5439	5567	-1	7
k63_666990	5892	7028	1	8
k63_666990	7220	8596	-1	9
k63_666990	8844	11792	1	10
k63_666990	11817	12203	1	11
k63_666990	12218	12622	1	12
k63_666990	12788	13411	1	13
k63_666990	13470	14297	1	14
k63_666990	14369	15619	1	15
k63_236988	1	1257	-1	1
k63_236988	1357	2502	-1	2
k63_236988	2726	3040	-1	3
k63_236988	3113	3211	-1	4
k63_236988	3225	4904	-1	5
k63_236988	5021	5128	1	6
k63_880381	2	613	1	1
k63_880381	610	1569	1	2
k63_880381	1569	2576	1	3
k63_880381	2573	3580	1	4
k63_880381	3649	4023	-1	5
k63_880381	4188	5243	-1	6
k63_880381	5243	8533	-1	7
k63_880381	8534	9754	-1	8
k63_880381	9896	10822	1	9
k63_880381	11115	11366	1	10
k63_880381	11377	12264	1	11
k63_880381	12268	13008	1	12
k63_880381	13013	15472	-1	13
k63_880381	15724	16875	1	14
k63_880381	16980	17633	1	15
k63_880381	17620	20541	1	16
k63_880381	20538	22874	1	17
k63_880381	22871	23686	1	18
k63_880381	23702	24379	-1	19
k63_880381	24489	25250	1	20
k63_880381	25247	25990	-1	21
k63_880381	25990	26916	-1	22
k63_880381	27134	28093	-1	23
k63_880381	28111	28854	-1	24
k63_880381	28851	29705	-1	25
k63_1202602	1	306	1	1
k63_1202602	312	800	1	2
k63_1202602	1075	1518	1	3
k63_1202602	1612	1830	1	4
k63_1202602	1843	2442	1	5
k63_1202602	2439	3881	1	6
k63_1202602	3943	4095	1	7
k63_1202602	4673	4972	-1	8
k63_1202602	5027	6571	-1	9
k63_1095219	1	336	-1	1
k63_1095219	348	1622	-1	2
k63_1095219	1732	2637	1	3
k63_1095219	2678	3265	-1	4
k63_1095219	3338	4114	-1	5
k63_1095219	4120	5340	1	6
k63_1095219	5414	7339	1	7
k63_1095219	7470	7625	1	8
k63_774481	130	1527	-1	1
k63_1095376	326	1837	1	1
k63_880721	2	1195	-1	1
k63_880721	1681	2157	1	2
k63_880721	2150	3118	1	3
k63_880721	3115	3432	1	4
k63_880721	3443	5185	1	5
k63_880721	5172	6632	1	6
k63_880721	6629	8086	1	7
k63_880721	8099	9187	1	8
k63_880721	9192	10631	1	9
k63_880721	10628	11752	1	10
k63_880721	11749	12900	1	11
k63_880721	12897	14333	1	12
k63_880721	14330	15274	1	13
k63_880721	15271	16191	1	14
k63_880721	16179	17054	1	15
k63_880721	17094	18341	1	16
k63_880721	18432	20039	1	17
k63_1203008	2	820	1	1
k63_1203008	828	2414	1	2
k63_130614	3	1247	1	1
k63_130614	1297	1629	1	2
k63_130614	1931	2599	-1	3
k63_130614	2635	4071	-1	4
k63_130614	4397	4813	1	5
k63_1523140	126	638	-1	1
k63_1523140	780	1499	1	2
k63_1523140	1783	2574	-1	3
k63_450655	3	140	1	1
k63_450655	228	992	1	2
k63_450655	1047	1679	1	3
k63_450655	1793	2587	1	4
k63_450655	2612	2680	1	5
k63_775101	72	962	-1	1
k63_775101	968	1945	-1	2
k63_775101	1932	2186	-1	3
k63_23062	1	798	-1	1
k63_23062	828	1781	-1	2
k63_23062	1811	2764	-1	3
k63_23062	2809	3225	-1	4
k63_23062	3242	4246	-1	5
k63_23062	4302	4841	-1	6
k63_23062	5009	6025	-1	7
k63_23062	6172	6951	1	8
k63_23062	6966	7931	-1	9
k63_23062	8124	9128	1	10
k63_23062	9147	12281	1	11
k63_23062	12367	12474	1	12
k63_23062	12479	13423	-1	13
k63_23062	13470	13898	1	14
k63_667812	270	638	1	1
k63_667812	657	1877	-1	2
k63_667812	2115	2492	1	3
k63_667812	2500	3012	1	4
k63_667812	3040	3294	1	5
k63_1203519	463	1644	1	1
k63_1203519	1753	2580	1	2
k63_1203519	2650	3762	1	3
k63_989232	171	929	-1	1
k63_989232	1068	1358	1	2
k63_989232	1397	2905	1	3
k63_989232	2951	3940	1	4
k63_989232	4092	5006	1	5
k63_989232	5003	5413	1	6
k63_989232	5420	6226	1	7
k63_989232	6318	6749	1	8
k63_989232	7204	8016	1	9
k63_989232	8019	8630	1	10
k63_989232	8793	10475	-1	11
k63_989232	10884	11660	1	12
k63_1309357	3	338	-1	1
k63_1309357	338	2482	-1	2
k63_1309357	2980	3750	1	3
k63_1309357	3897	4454	-1	4
k63_238163	1	285	-1	1
k63_238163	433	1194	-1	2
k63_238163	1356	2576	1	3
k63_238163	2759	4087	1	4
k63_238163	4187	5323	1	5
k63_238163	5341	6585	1	6
k63_238163	6593	7885	1	7
k63_238163	7882	8955	1	8
k63_238163	8964	9833	1	9
k63_238163	10028	10378	1	10
k63_238163	10656	11645	1	11
k63_238163	11698	12204	1	12
k63_238163	12312	13832	1	13
k63_238163	13960	14649	1	14
k63_238163	14698	16416	1	15
k63_238163	16454	17695	1	16
k63_238163	17721	18089	1	17
k63_1096377	145	591	1	1
k63_1096377	684	1997	1	2
k63_1096377	2028	2489	1	3
k63_1096377	2482	3594	1	4
k63_1096377	3630	4232	1	5
k63_1096377	4239	5381	1	6
k63_1096377	5383	5835	1	7
k63_1096377	5832	6359	1	8
k63_1096377	6340	7323	1	9
k63_1096377	7455	9548	1	10
k63_1417201	2	2398	-1	1
k63_1417201	2454	2993	-1	2
k63_1096586	2	466	-1	1
k63_1096586	682	1452	-1	2
k63_1310162	193	942	1	1
k63_1310162	964	1473	1	2
k63_1310162	1470	2075	1	3
k63_1310162	2072	3130	1	4
k63_1310162	3123	3569	1	5
k63_1310162	3573	4316	1	6
k63_1310162	4313	4759	1	7
k63_1310162	4763	5671	1	8
k63_1310162	5724	7055	1	9
k63_1310162	7206	7760	1	10
k63_1310162	7924	8991	1	11
k63_451513	3	209	-1	1
k63_451513	224	3133	-1	2
k63_451513	3184	3564	-1	3
k63_451513	3636	4763	-1	4
k63_451513	5086	5604	-1	5
k63_451513	5651	5890	-1	6
k63_451513	6066	7028	1	7
k63_451513	7025	7471	1	8
k63_451513	7611	8093	-1	9
k63_451513	8169	10289	-1	10
k63_451513	10457	11023	1	11
k63_451513	11211	11810	-1	12
k63_451513	11827	13089	-1	13
k63_451513	13086	14504	-1	14
k63_451513	14597	15055	-1	15
k63_451513	15052	15393	-1	16
k63_451513	15521	17152	1	17
k63_451513	17229	17696	1	18
k63_451513	17972	19240	1	19
k63_451513	19314	19730	-1	20
k63_451513	19855	20538	-1	21
k63_451513	20710	21147	1	22
k63_451513	21223	21792	1	23
k63_451513	21792	22235	1	24
k63_451513	22232	22708	1	25
k63_669116	3	1283	-1	1
k63_669116	1286	1948	-1	2
k63_669116	2129	2629	1	3
k63_669116	3001	3369	1	4
k63_669116	3525	4883	1	5
k63_669116	4944	5867	-1	6
k63_669116	5989	6165	1	7
k63_669116	6231	7514	-1	8
k63_669116	7769	8710	-1	9
k63_1524826	1	900	-1	1
k63_1524826	1047	1391	1	2
k63_1524826	1644	3578	1	3
k63_776761	1	687	-1	1
k63_776761	703	1419	-1	2
k63_776761	1423	2220	-1	3
k63_776761	2220	3056	-1	4
k63_25046	61	465	-1	1
k63_25046	559	1032	-1	2
k63_25046	1047	2024	-1	3
k63_25046	2039	2740	-1	4
k63_25046	2807	4831	-1	5
k63_25046	5254	5490	1	6
k63_25046	5487	5843	1	7
k63_25046	5854	7176	1	8
k63_25046	7278	7880	-1	9
k63_25046	8115	9980	1	10
k63_25046	9977	10609	1	11
k63_25046	10662	11429	1	12
k63_25046	11441	12331	1	13
k63_25046	12544	13563	-1	14
k63_25046	13577	14092	-1	15
k63_25046	14079	14390	-1	16
k63_132994	187	1959	-1	1
k63_132994	2053	2976	-1	2
k63_132994	3028	3981	1	3
k63_132994	4107	5867	1	4
k63_132994	5882	6451	1	5
k63_132994	6731	7381	-1	6
k63_132994	7525	8388	1	7
k63_1418838	78	392	1	1
k63_1418838	476	1240	1	2
k63_1418838	1437	2630	1	3
k63_1418838	2632	3201	1	4
k63_1418838	3191	5497	1	5
k63_1418838	5622	5813	-1	6
k63_1418838	5851	6093	-1	7
k63_1418838	6455	7465	-1	8
k63_1418838	7505	8923	-1	9
k63_1418838	8968	9510	-1	10
k63_1418838	9744	10886	1	11
k63_1418838	11057	11476	1	12
k63_1418838	11667	12530	-1	13
k63_452612	102	932	1	1
k63_452612	964	2241	1	2
k63_452612	2310	2639	1	3
k63_452612	2938	3051	1	4
k63_1098166	191	1387	-1	1
k63_1098166	1389	2168	-1	2
k63_1098166	2237	3415	-1	3
k63_1098166	3547	6459	1	4
k63_1098166	6481	6849	-1	5
k63_1098166	7001	7396	1	6
k63_1098603	174	407	1	1
k63_1098603	362	1963	-1	2
k63_1098603	1953	2429	-1	3
k63_1098603	2527	3987	-1	4
k63_1098603	4201	4872	-1	5
k63_1098663	1	717	-1	1
k63_1098663	1136	1999	1	2
k63_1098663	2020	2646	1	3
k63_1098663	2643	3509	1	4
k63_1098663	3517	4149	1	5
k63_1098663	4153	4830	1	6
k63_1098663	5009	5518	-1	7
k63_1098663	5593	6102	-1	8
k63_1206674	218	1870	-1	1
k63_1206674	2030	2644	-1	2
k63_1206674	2844	3206	1	3
k63_1206674	3172	4062	-1	4
k63_1206674	4109	4621	-1	5
k63_1206674	4781	5548	1	6
k63_1206674	5568	6173	1	7
k63_1206674	6170	7381	-1	8
k63_1206674	7572	8531	1	9
k63_1206674	8497	9090	-1	10
k63_1206674	9100	9471	-1	11
k63_1206674	9547	10392	-1	12
k63_1206674	10535	11935	1	13
k63_1206674	11932	12690	-1	14
k63_1206761	1	1074	-1	1
k63_1206761	1868	2842	1	2
k63_1206761	3023	3442	1	3
k63_1206761	3596	4345	1	4
k63_671003	922	1221	1	1
k63_671003	1218	1541	1	2
k63_671003	1617	2504	1	3
k63_671003	2501	3556	1	4
k63_671003	3569	4066	1	5
k63_671003	4154	4801	-1	6
k63_671003	5207	5596	1	7
k63_671003	5598	5978	1	8
k63_671003	5987	7777	1	9
k63_671003	7820	8602	1	10
k63_671003	8684	9310	1	11
k63_671003	9377	9961	1	12
k63_671003	10063	10263	1	13
k63_671003	10260	10472	1	14
k63_671003	10550	11335	1	15
k63_671003	11348	12562	1	16
k63_671003	12567	13919	1	17
k63_671003	13910	14740	1	18
k63_671003	14796	15767	1	19
k63_671003	15936	16451	-1	20
k63_241808	2	859	-1	1
k63_241808	956	1351	-1	2
k63_241808	1650	2003	-1	3
k63_1207583	110	1036	1	1
k63_1207583	1053	2168	1	2
k63_1207583	2195	2806	1	3
k63_1312946	88	1491	-1	1
k63_1312946	1500	2624	-1	2
k63_1312946	2657	3355	-1	3
k63_1312946	3371	4315	-1	4
k63_1312946	4409	5632	1	5
k63_1312946	5802	6599	-1	6
k63_1312946	6609	8984	-1	7
k63_1312946	9382	10140	1	8
k63_1312946	10380	10589	1	9
k63_1312946	10618	10764	1	10
k63_1312946	11204	11596	-1	11
k63_1312946	12640	12699	1	12
k63_779215	2	964	-1	1
k63_779215	985	1614	-1	2
k63_779215	1642	2694	-1	3
k63_779215	2808	3695	-1	4
k63_779215	3692	5392	-1	5
k63_779215	5401	6687	-1	6
k63_779215	6684	7199	-1	7
k63_1527439	106	1233	-1	1
k63_1527439	1230	2426	-1	2
k63_993782	1	69	-1	1
k63_993782	249	2972	1	2
k63_993782	3003	3428	-1	3
k63_885237	1	453	1	1
k63_885237	1016	1261	1	2
k63_1421240	1	354	-1	1
k63_1421240	468	1685	-1	2
k63_1421240	1682	3385	-1	3
k63_1421240	3444	4232	-1	4
k63_1421240	4283	6424	-1	5
k63_1421240	6611	6880	-1	6
k63_1421240	6895	7791	-1	7
k63_1421240	7781	8182	-1	8
k63_1421240	8317	10923	-1	9
k63_1421240	10930	11574	-1	10
k63_1421240	11597	13219	-1	11
k63_1421240	13226	13723	-1	12
k63_1421240	13892	14161	1	13
k63_1421240	14130	14783	-1	14
k63_1421240	14861	16030	-1	15
k63_1421240	16260	16583	-1	16
k63_1421240	16909	18447	-1	17
k63_1421240	18470	19375	-1	18
k63_1421240	19372	19980	-1	19
k63_1421240	19977	20993	-1	20
k63_1421240	20990	22327	-1	21
k63_1421240	22574	23002	-1	22
k63_1421240	23093	23518	-1	23
k63_1421240	23610	23807	1	24
k63_1313534	41	946	-1	1
k63_1313534	1051	2235	1	2
k63_1313534	2434	3027	1	3
k63_1313534	3058	3618	1	4
k63_1313534	3883	5412	-1	5
k63_1313534	5523	5621	-1	6
k63_1313837	117	2075	1	1
k63_1313837	2098	2706	1	2
k63_1313837	2814	4169	1	3
k63_565494	82	231	1	1
k63_565494	565	1446	1	2
k63_565494	1453	2418	1	3
k63_565494	2415	3164	1	4
k63_565494	3364	3975	-1	5
k63_994178	141	554	-1	1
k63_994178	702	986	-1	2
k63_994178	1433	2191	1	3
k63_994178	2188	3246	1	4
k63_994178	3543	4349	1	5
k63_994178	4290	4454	-1	6
k63_994178	4619	5698	-1	7
k63_1314137	15	1238	-1	1
k63_1314137	1367	2104	1	2
k63_1314137	2101	3573	1	3
k63_1314137	3579	5030	1	4
k63_1314137	5076	7487	1	5
k63_1314137	7786	9219	1	6
k63_1314137	9249	9716	1	7
k63_455065	3	317	-1	1
k63_455065	559	1239	1	2
k63_455065	1420	2094	-1	3
k63_455065	2091	3020	-1	4
k63_455065	3017	4309	-1	5
k63_1422080	83	244	-1	1
k63_1422080	315	1604	1	2
k63_1422080	1622	2278	1	3
k63_1422080	2285	3949	1	4
k63_1422080	4072	4836	-1	5
k63_1422080	4912	5337	-1	6
k63_1422080	5591	6727	-1	7
k63_1422080	6724	8346	-1	8
k63_1101014	139	1026	-1	1
k63_1101014	1058	3304	-1	2
k63_1209399	73	1206	-1	1
k63_1209399	1357	1767	-1	2
k63_28913	3	230	-1	1
k63_28913	310	1251	1	2
k63_28913	1417	3531	-1	3
k63_28913	3528	4688	-1	4
k63_28913	4819	5631	1	5
k63_28913	5672	6619	1	6
k63_674440	683	1585	-1	1
k63_674440	1691	2821	1	2
k63_674440	3067	3399	-1	3
k63_1315375	3	233	-1	1
k63_1315375	542	1198	1	2
k63_1315375	1217	2584	1	3
k63_137644	1	462	1	1
k63_137644	496	1569	-1	2
k63_137644	1737	1823	1	3
k63_1209866	3	1334	1	1
k63_1209866	1342	2628	1	2
k63_1209866	2646	3635	1	3
k63_1209866	3649	5415	1	4
k63_675483	27	1220	1	1
k63_675483	1326	1709	1	2
k63_675483	1747	2379	-1	3
k63_675483	2631	3662	1	4
k63_675483	3746	4846	1	5
k63_675483	4999	6024	-1	6
k63_675483	6043	6462	-1	7
k63_675483	6777	7916	1	8
k63_675483	8030	8551	1	9
k63_675483	8680	10470	1	10
k63_675483	10486	10935	1	11
k63_675483	10960	11925	1	12
k63_675483	11944	12498	1	13
k63_675483	12646	13227	-1	14
k63_675483	13227	15494	-1	15
k63_675483	15730	16881	1	16
k63_675483	16945	17817	1	17
k63_675483	17831	18574	1	18
k63_675483	18739	19620	-1	19
k63_675483	19741	20175	-1	20
k63_675483	20326	20922	1	21
k63_675483	21114	21587	1	22
k63_675483	21590	22102	1	23
k63_675483	22268	23089	-1	24
k63_675483	23094	23618	-1	25
k63_675831	1	693	-1	1
k63_675831	1237	3033	-1	2
k63_1103112	139	558	-1	1
k63_1103112	625	3291	-1	2
k63_1103112	3299	5482	-1	3
k63_1103112	5486	6367	-1	4
k63_1211257	3	170	1	1
k63_1211257	194	622	1	2
k63_1211257	619	1200	1	3
k63_1211257	1202	2287	-1	4
k63_1211257	2347	3453	1	5
k63_1211257	3500	4684	-1	6
k63_1211257	4700	6805	-1	7
k63_1211257	6919	7089	-1	8
k63_568491	54	887	-1	1
k63_568491	896	1759	-1	2
k63_568491	1803	2357	-1	3
k63_568491	2425	3297	-1	4
k63_568491	3418	3753	1	5
k63_568491	3750	4034	1	6
k63_568491	4051	4692	1	7
k63_1211636	146	973	-1	1
k63_1211636	1154	1747	1	2
k63_568714	219	554	-1	1
k63_568714	843	1496	1	2
k63_569011	47	994	-1	1
k63_569011	1031	1531	-1	2
k63_676776	30	1067	-1	1
k63_676776	1287	2330	1	2
k63_676776	2350	4407	1	3
k63_676776	4448	5038	1	4
k63_676776	5040	5354	1	5
k63_676776	5354	5707	1	6
k63_676776	5704	6045	1	7
k63_676776	6170	6916	-1	8
k63_676776	7495	7785	1	9
k63_356091	2	343	1	1
k63_356091	345	1097	1	2
k63_356091	1108	1890	1	3
k63_356091	2063	2671	1	4
k63_356091	2719	2967	1	5
k63_247104	1	420	1	1
k63_247104	676	1485	1	2
k63_247104	1347	1766	-1	3
k63_247104	1825	1899	-1	4
k63_1425360	370	1122	-1	1
k63_1425360	1130	1519	-1	2
k63_1425360	1546	2151	-1	3
k63_458754	2	1171	-1	1
k63_458754	1326	2294	1	2
k63_677390	2	253	1	1
k63_677390	553	2076	1	2
k63_677390	2170	3147	1	3
k63_677390	3492	3857	1	4
k63_677390	3785	4885	-1	5
k63_247357	184	1095	1	1
k63_247357	1336	2691	1	2
k63_247357	2688	3515	1	3
k63_247357	3790	4260	1	4
k63_1425740	70	1194	1	1
k63_1425740	1440	1706	1	2
k63_1425740	1922	3133	1	3
k63_1425740	3173	4219	1	4
k63_1425740	4222	4329	1	5
k63_1425740	4364	4858	-1	6
k63_1425740	4871	5083	-1	7
k63_1425740	5199	6425	-1	8
k63_1425740	6422	6832	-1	9
k63_1425740	6856	7161	-1	10
k63_1425740	7282	9591	1	11
k63_1425740	9588	10691	-1	12
k63_1425740	10702	11805	-1	13
k63_1425740	11813	12916	-1	14
k63_1425740	12931	13308	-1	15
k63_1425740	13370	15562	-1	16
k63_1425740	15745	16515	1	17
k63_1425740	16523	16813	1	18
k63_785367	63	308	1	1
k63_785367	311	1771	1	2
k63_785367	1791	1904	1	3
k63_785367	2244	2378	1	4
k63_1104988	24	380	-1	1
k63_1104988	596	1225	-1	2
k63_1104988	1256	2860	-1	3
k63_1104988	3010	3747	-1	4
k63_1104988	3861	4559	1	5
k63_1104988	4556	5236	1	6
k63_32288	3	416	1	1
k63_32288	380	1867	1	2
k63_32288	2000	2824	1	3
k63_32288	2894	3145	1	4
k63_32288	3167	3712	-1	5
k63_1105633	571	1365	1	1
k63_1105633	1555	2226	1	2
k63_1105633	2233	4002	1	3
k63_1105633	4072	5064	1	4
k63_1105633	5061	5867	1	5
k63_1319814	108	1538	1	1
k63_1319814	1552	2766	1	2
k63_1319814	2759	3379	1	3
k63_1320193	115	1104	1	1
k63_1320193	1116	1748	-1	2
k63_1320193	1745	5488	-1	3
k63_1320193	5501	6529	-1	4
k63_1320193	6526	7089	-1	5
k63_891535	280	606	-1	1
k63_891535	877	1086	-1	2
k63_891535	1200	1496	-1	3
k63_891535	1956	3257	1	4
k63_891535	3550	4698	-1	5
k63_891535	4759	5400	-1	6
k63_891535	5430	7232	-1	7
k63_891535	7271	8272	1	8
k63_460754	53	1867	1	1
k63_460754	1896	3137	1	2
k63_460754	3246	3791	-1	3
k63_358987	3	326	-1	1
k63_358987	359	1174	-1	2
k63_358987	1219	2049	-1	3
k63_358987	2063	3016	-1	4
k63_358987	3198	4277	1	5
k63_358987	4293	4565	1	6
k63_572862	297	1166	1	1
k63_572862	1290	1817	1	2
k63_1000509	113	625	-1	1
k63_1000509	660	1226	-1	2
k63_1000509	1538	2008	1	3
k63_1000509	2014	2280	1	4
k63_1000509	2277	2603	1	5
k63_1000509	2603	3142	1	6
k63_1000509	3139	3555	1	7
k63_1000509	3557	3907	1	8
k63_1000509	3904	5385	1	9
k63_1000509	5382	6842	1	10
k63_1000509	6889	7095	1	11
k63_1000509	7085	8794	1	12
k63_1000509	8816	9439	1	13
k63_1000509	9604	10083	1	14
k63_1000509	10096	11943	1	15
k63_1000509	12043	12294	1	16
k63_1000509	12341	12559	1	17
k63_1321110	3	563	-1	1
k63_1321110	553	1575	-1	2
k63_1321110	1588	2421	-1	3
k63_1321110	2495	3733	-1	4
k63_1321110	3733	4722	-1	5
k63_1321110	4757	5521	-1	6
k63_1321110	5518	6339	-1	7
k63_1321110	6336	6557	-1	8
k63_892844	168	1553	1	1
k63_893118	114	1355	-1	1
k63_893118	1352	2065	-1	2
k63_359825	118	315	1	1
k63_359825	345	722	1	2
k63_359825	725	1498	1	3
k63_1001609	241	2322	-1	1
k63_251177	282	968	-1	1
k63_251177	1005	1433	-1	2
k63_251177	1430	2887	-1	3
k63_251177	2918	3292	-1	4
k63_251177	3584	4234	-1	5
k63_251177	4656	6485	-1	6
k63_251177	6566	8251	-1	7
k63_360618	270	764	-1	1
k63_360618	761	1498	-1	2
k63_682187	191	448	1	1
k63_682187	920	1399	1	2
k63_682187	1405	1923	1	3
k63_361153	67	1884	-1	1
k63_361153	2073	2396	1	2
k63_361153	2420	4735	1	3
k63_361153	4769	5362	1	4
k63_361153	5359	6168	1	5
k63_361153	6249	7415	-1	6
k63_361153	7450	7917	-1	7
k63_361153	8045	8842	1	8
k63_361153	8847	9848	1	9
k63_361153	9850	10761	1	10
k63_361153	10772	12007	-1	11
k63_361153	12041	12940	-1	12
k63_361153	12943	13620	-1	13
k63_361153	13718	13885	-1	14
k63_361153	13958	14443	-1	15
k63_682572	86	544	-1	1
k63_682572	541	1077	-1	2
k63_682572	1079	1516	-1	3
k63_252554	296	1123	-1	1
k63_252554	1139	2272	-1	2
k63_252554	2285	4069	-1	3
k63_1109828	2	1780	-1	1
k63_1109828	1780	1980	-1	2
k63_1109828	2179	2631	1	3
k63_1109828	2631	3854	1	4
k63_1109828	3916	4548	1	5
k63_1109828	4709	5587	-1	6
k63_1109828	5714	5971	1	7
k63_252925	3	2396	-1	1
k63_252925	2572	4149	-1	2
k63_252925	4146	5960	-1	3
k63_790909	211	1437	1	1
k63_790909	1446	2672	1	2
k63_790909	2691	3833	1	3
k63_790909	3830	4420	1	4
k63_790909	4417	5562	1	5
k63_790909	5635	6135	1	6
k63_790909	6132	8015	1	7
k63_790909	8012	9985	1	8
k63_790909	10001	10999	1	9
k63_790909	11001	12176	1	10
k63_683523	1	312	1	1
k63_683523	309	1010	1	2
k63_683523	1007	2620	1	3
k63_1003474	159	1703	1	1
k63_1003519	156	446	1	1
k63_1003519	459	1946	-1	2
k63_576166	95	1090	1	1
k63_576166	1202	2122	-1	2
k63_576166	2252	2719	1	3
k63_576166	2742	5501	-1	4
k63_576166	5791	6570	1	5
k63_576166	6574	7185	1	6
k63_576166	7207	7857	1	7
k63_576166	7880	9370	1	8
k63_791633	100	960	-1	1
k63_791633	964	1464	-1	2
k63_791633	1509	1739	-1	3
k63_791633	1851	2891	-1	4
k63_791633	2900	4585	-1	5
k63_791633	4907	5545	-1	6
k63_791633	5542	6336	-1	7
k63_791633	6346	7038	-1	8
k63_791633	7048	8073	-1	9
k63_791633	8060	8821	-1	10
k63_791633	8822	10600	-1	11
k63_791633	10597	11784	-1	12
k63_791633	11918	12256	1	13
k63_791633	12187	12345	-1	14
k63_1537438	2	1753	-1	1
k63_1537442	2	931	1	1
k63_1537442	935	2467	-1	2
k63_1537442	2651	3496	1	3
k63_36913	3	1499	-1	1
k63_147412	1	1503	-1	1
k63_147412	1835	2554	-1	2
k63_37201	84	203	1	1
k63_37201	322	1590	1	2
k63_37201	1714	4113	1	3
k63_37201	5102	5467	1	4
k63_37201	5458	6006	1	5
k63_37201	6030	6641	1	6
k63_37201	6634	7812	1	7
k63_37201	7809	8405	1	8
k63_37201	8405	9697	1	9
k63_37201	9708	11771	1	10
k63_37201	11764	12774	1	11
k63_37201	12791	13279	1	12
k63_37201	13327	13935	1	13
k63_37201	13935	14243	1	14
k63_37201	14249	16183	1	15
k63_37201	16194	17711	1	16
k63_37201	17721	19160	1	17
k63_37201	19157	19921	1	18
k63_37201	19918	20706	1	19
k63_37201	20703	22388	1	20
k63_37201	22402	22806	1	21
k63_37201	22810	23058	1	22
k63_37201	23055	23594	1	23
k63_37201	23630	24649	1	24
k63_37201	24593	25861	-1	25
k63_37201	25935	26825	-1	26
k63_37201	27090	28403	1	27
k63_37201	28411	29658	1	28
k63_37201	29651	30331	1	29
k63_37201	30464	33913	1	30
k63_37201	33973	34479	1	31
k63_465388	133	948	1	1
k63_465388	952	2376	1	2
k63_465388	2689	4083	1	3
k63_465388	4286	4993	-1	4
k63_465388	5033	6268	-1	5
k63_465388	6360	9170	1	6
k63_465388	9336	9800	1	7
k63_465388	9974	10087	-1	8
k63_465393	3	113	1	1
k63_465393	263	682	1	2
k63_465393	885	2597	1	3
k63_465393	2836	3885	-1	4
k63_465393	3885	6299	-1	5
k63_465393	6508	7089	1	6
k63_465393	7086	8120	1	7
k63_465393	8117	8932	1	8
k63_465393	8939	9418	1	9
k63_465393	9420	10619	1	10
k63_465393	10778	11467	1	11
k63_465393	11551	13605	-1	12
k63_465393	13842	15236	1	13
k63_465393	15323	16498	1	14
k63_577288	332	571	1	1
k63_577288	523	936	1	2
k63_577288	1155	1802	1	3
k63_577288	1817	2350	1	4
k63_577288	2358	3590	-1	5
k63_577288	3631	3963	-1	6
k63_577288	4148	4900	1	7
k63_577288	4973	5944	-1	8
k63_577288	5947	6939	-1	9
k63_577288	6947	8401	-1	10
k63_577288	8405	9529	-1	11
k63_577288	9637	10365	-1	12
k63_577288	10371	10616	-1	13
k63_577288	10628	11848	-1	14
k63_577288	11862	13397	-1	15
k63_577288	13488	13685	-1	16
k63_577288	13838	14383	-1	17
k63_577288	14499	16850	-1	18
k63_577288	16944	17540	-1	19
k63_577288	17533	20544	-1	20
k63_577288	20541	20822	-1	21
k63_577288	20836	22101	-1	22
k63_1004600	3	638	1	1
k63_1004600	713	2140	-1	2
k63_1004600	2137	3615	-1	3
k63_1004600	3704	4786	1	4
k63_1004600	4808	5530	1	5
k63_1004600	5608	6282	1	6
k63_1004600	6373	7251	-1	7
k63_1004600	7494	8228	-1	8
k63_1004600	8385	9206	1	9
k63_1004600	9203	9760	-1	10
k63_1004600	9757	10959	-1	11
k63_1004600	11096	11851	1	12
k63_1004600	11907	13385	1	13
k63_38129	1	1389	1	1
k63_38129	1427	3112	1	2
k63_38129	3109	3945	1	3
k63_38129	3939	4847	-1	4
k63_38129	4903	5211	1	5
k63_1433880	1	2250	-1	1
k63_1433880	2493	2810	1	2
k63_1433880	3283	5352	-1	3
k63_1433880	5432	5719	-1	4
k63_1433880	5852	6502	1	5
k63_1433880	6543	6947	-1	6
k63_1433880	7100	7999	1	7
k63_578146	1	780	1	1
k63_578146	982	1089	-1	2
k63_578146	1120	1227	-1	3
k63_578146	1370	2128	-1	4
k63_578146	2137	3201	-1	5
k63_578146	3383	3706	1	6
k63_578146	3703	3810	1	7
k63_578146	3910	4344	-1	8
k63_578214	3	2717	1	1
k63_578214	2770	3237	1	2
k63_578214	3267	3761	1	3
k63_578227	312	1190	-1	1
k63_578227	1300	2058	-1	2
k63_578227	2066	2863	-1	3
k63_578227	3009	3176	-1	4
k63_578227	3349	4068	1	5
k63_578227	4352	4678	-1	6
k63_1539261	1	1128	-1	1
k63_1539261	1133	1960	-1	2
k63_1539261	1967	2746	-1	3
k63_1539261	2764	3477	-1	4
k63_1539261	3482	3931	-1	5
k63_364567	2	481	-1	1
k63_364567	483	2372	-1	2
k63_364567	2547	3296	1	3
k63_364567	3381	3701	1	4
k63_364567	3796	5424	1	5
k63_149855	32	364	-1	1
k63_149855	655	1617	-1	2
k63_149855	1674	2195	1	3
k63_149855	2185	3003	1	4
k63_149855	2996	3793	1	5
k63_149855	3777	4946	-1	6
k63_149855	5325	5960	1	7
k63_149855	6176	6964	1	8
k63_149855	7047	7265	1	9
k63_149855	7410	8450	1	10
k63_149855	8529	9731	1	11
k63_149855	9734	11092	1	12
k63_149855	11122	11925	1	13
k63_149855	11940	12476	-1	14
k63_149855	12485	12970	-1	15
k63_149855	12948	13784	-1	16
k63_149855	13786	14496	-1	17
k63_149855	14508	15512	-1	18
k63_149855	15597	16238	-1	19
k63_149855	16369	17445	1	20
k63_149855	17446	17838	1	21
k63_149855	17894	18145	-1	22
k63_578661	244	1704	1	1
k63_466913	92	508	-1	1
k63_466913	513	1328	-1	2
k63_466913	1340	1819	-1	3
k63_466913	1816	3027	-1	4
k63_256517	2	1465	1	1
k63_256517	1428	3383	-1	2
k63_256517	3475	3969	-1	3
k63_256517	4001	5020	-1	4
k63_256517	5526	5765	1	5
k63_256517	5767	6108	1	6
k63_256916	612	938	1	1
k63_256916	935	1822	1	2
k63_256916	1990	3378	-1	3
k63_256916	3462	3536	1	4
k63_1540255	540	2087	-1	1
k63_1540255	2084	3178	-1	2
k63_1540255	3265	3924	1	3
k63_1540255	3991	5562	1	4
k63_1540255	5612	6625	1	5
k63_1540255	6622	7557	1	6
k63_1540255	7554	8552	1	7
k63_1540255	8549	9529	1	8
k63_686762	811	1170	1	1
k63_686762	1303	1701	-1	2
k63_686762	1935	2720	1	3
k63_686762	2734	3963	1	4
k63_1328853	237	416	-1	1
k63_1328853	679	2148	1	2
k63_1328853	2141	2767	1	3
k63_1328853	2775	4073	-1	4
k63_1435777	1	1482	1	1
k63_1435777	1716	1835	1	2
k63_580181	211	1236	1	1
k63_580181	1403	2470	1	2
k63_580181	2479	3156	1	3
k63_580181	3402	3947	1	4
k63_580181	4230	4934	1	5
k63_580181	4931	5062	1	6
k63_580181	5059	6357	-1	7
k63_580181	6439	7206	1	8
k63_580181	7225	7389	-1	9
k63_580181	7537	8454	1	10
k63_40862	1	111	-1	1
k63_40862	108	389	-1	2
k63_40862	400	1650	-1	3
k63_40862	1753	3840	-1	4
k63_40862	3868	4848	-1	5
k63_40862	4858	5871	-1	6
k63_40862	6063	6950	-1	7
k63_40862	7143	7859	1	8
k63_1541986	1	756	-1	1
k63_1541986	783	2237	-1	2
k63_1541986	2237	3712	-1	3
k63_1541986	3709	3996	-1	4
k63_1541986	4085	5545	1	5
k63_1541986	5542	6135	1	6
k63_1541986	6132	6980	1	7
k63_1541986	6977	7447	1	8
k63_1541986	7506	7787	1	9
k63_1541986	7804	8103	1	10
k63_1541986	8150	9553	1	11
k63_1541986	9550	10842	1	12
k63_1541986	10842	12392	1	13
k63_1329379	116	1519	-1	1
k63_1329379	1532	2602	-1	2
k63_41241	537	1778	1	1
k63_41241	2016	2201	1	2
k63_41241	2362	2463	1	3
k63_41241	3297	3407	1	4
k63_468700	49	1047	-1	1
k63_468700	1107	2315	-1	2
k63_468700	2318	3109	-1	3
k63_468700	3354	4178	-1	4
k63_468700	4261	4524	-1	5
k63_688653	72	770	-1	1
k63_688653	781	1806	-1	2
k63_688653	1833	2690	-1	3
k63_688653	2846	3253	1	4
k63_688653	3265	4584	1	5
k63_468868	1	441	1	1
k63_468868	449	1339	1	2
k63_468868	1430	3367	1	3
k63_468868	3387	4289	-1	4
k63_468868	4286	4711	-1	5
k63_468868	4954	6315	1	6
k63_468868	6357	6710	1	7
k63_468868	6714	7661	1	8
k63_41791	1	369	1	1
k63_41791	522	1274	1	2
k63_41791	1513	1722	1	3
k63_41791	1789	2964	1	4
k63_41791	2922	3680	-1	5
k63_41791	3670	5094	-1	6
k63_41791	5152	5892	-1	7
k63_41791	6161	6430	-1	8
k63_902195	1	744	-1	1
k63_902195	916	2052	1	2
k63_902195	2210	3097	1	3
k63_689854	50	766	-1	1
k63_689854	847	1035	-1	2
k63_689854	1075	1335	-1	3
k63_689854	1489	2727	1	4
k63_689854	2882	3007	1	5
k63_689854	3017	4603	-1	6
k63_689854	4608	5267	-1	7
k63_689854	5393	6871	1	8
k63_689854	7083	7379	1	9
k63_689854	7453	7848	1	10
k63_689854	7918	8457	1	11
k63_689854	8478	9608	1	12
k63_1223699	2	202	1	1
k63_1223699	251	1048	1	2
k63_1223699	1277	2425	1	3
k63_1543586	2	253	-1	1
k63_1543586	263	1612	-1	2
k63_1543586	1670	2512	-1	3
k63_1543586	2500	3294	-1	4
k63_798812	632	2068	-1	1
k63_798812	2180	2794	1	2
k63_798812	2930	3085	1	3
k63_1331194	2	2548	1	1
k63_1438306	57	794	-1	1
k63_1438306	918	1871	-1	2
k63_1438306	1864	2079	-1	3
k63_470205	3	383	-1	1
k63_470205	579	1724	1	2
k63_470205	1887	2825	-1	3
k63_470205	3294	3776	1	4
k63_470205	3786	4115	1	5
k63_470205	4195	5589	1	6
k63_470205	5596	5820	1	7
k63_470205	5827	9480	-1	8
k63_470205	9626	9826	1	9
k63_470205	9915	10667	-1	10
k63_470205	10812	11222	1	11
k63_260572	3	857	-1	1
k63_260572	876	1595	-1	2
k63_260572	1613	2503	-1	3
k63_1438903	191	874	1	1
k63_1438903	874	2058	1	2
k63_1438903	2157	3020	1	3
k63_1438903	3278	4396	1	4
k63_471622	382	1764	1	1
k63_471622	1776	2573	1	2
k63_471622	2560	2649	1	3
k63_471622	2639	3640	1	4
k63_471622	3594	4190	1	5
k63_471622	4187	4918	1	6
k63_471622	4934	5458	1	7
k63_471622	5583	5945	1	8
k63_44932	3	332	1	1
k63_44932	336	884	1	2
k63_44932	1135	1617	1	3
k63_44932	1604	3124	1	4
k63_44932	3740	3865	1	5
k63_44932	3875	4348	1	6
k63_44932	4548	4958	1	7
k63_44932	5029	5175	1	8
k63_44932	5211	5903	-1	9
k63_44932	5944	7086	-1	10
k63_44932	7124	8494	-1	11
k63_44932	8649	9896	-1	12
k63_44932	9964	10233	1	13
k63_1120107	3	2801	1	1
k63_1120107	2942	3289	1	2
k63_1120107	3308	4060	1	3
k63_1120107	4118	4342	1	4
k63_1120107	4392	4880	1	5
k63_1120107	4884	5375	1	6
k63_1120107	5456	5878	-1	7
k63_1013177	188	1222	1	1
k63_1013177	1219	2238	1	2
k63_1013177	2245	2775	1	3
k63_1013177	2772	4088	1	4
k63_1013177	4295	5401	1	5
k63_1013177	5578	5748	1	6
k63_1121741	2	127	1	1
k63_1121741	128	490	1	2
k63_1121741	720	1217	1	3
k63_1121741	1465	2385	1	4
k63_1121741	2382	3059	1	5
k63_1121741	3056	3313	1	6
k63_1121741	3310	3684	1	7
k63_1121741	3681	4313	1	8
k63_1121741	4314	5216	-1	9
k63_1121741	5337	5510	1	10
k63_1121741	5513	6559	1	11
k63_1121741	6554	7789	-1	12
k63_1121741	7833	8669	-1	13
k63_1121741	8795	10180	1	14
k63_1121741	10522	12930	1	15
k63_1121741	13121	13822	-1	16
k63_1121741	13910	14038	-1	17
k63_1121741	14300	14923	1	18
k63_1121741	14954	16321	1	19
k63_1121741	16460	17470	-1	20
k63_1121741	17817	18203	1	21
k63_1121741	18417	19049	-1	22
k63_1121741	19658	20044	1	23
k63_1121741	20099	20458	-1	24
k63_1121741	20628	21467	-1	25
k63_1121741	21596	22414	1	26
k63_1121741	22398	23735	1	27
k63_1121741	23894	24565	-1	28
k63_1336353	1	765	1	1
k63_1336353	1038	3413	-1	2
k63_1336353	3527	4396	1	3
k63_265263	30	2024	-1	1
k63_158589	102	1184	-1	1
k63_158589	1444	2085	1	2
k63_158589	2147	2392	-1	3
k63_1015474	1	372	-1	1
k63_1015474	392	1330	-1	2
k63_1015474	1425	2471	-1	3
k63_1015474	2456	4498	-1	4
k63_1015474	4729	5127	-1	5
k63_49333	1	900	-1	1
k63_49333	932	1909	-1	2
k63_49333	1993	2490	-1	3
k63_49333	2493	3431	-1	4
k63_1337824	94	2385	-1	1
k63_1337824	2444	2722	-1	2
k63_697467	112	2058	1	1
k63_697663	1	609	1	1
k63_697663	718	1785	1	2
k63_697663	1825	2253	1	3
k63_697663	2270	3478	-1	4
k63_697663	3475	4392	-1	5
k63_697663	4492	5277	1	6
k63_697663	5296	6435	1	7
k63_697663	6487	6861	1	8
k63_697663	6861	7664	1	9
k63_697663	7661	9142	1	10
k63_697663	9258	10448	-1	11
k63_697663	10461	11942	-1	12
k63_910615	290	811	-1	1
k63_910615	940	2475	1	2
k63_910615	2503	3942	1	3
k63_910615	4038	4388	-1	4
k63_910615	4458	5177	1	5
k63_1446584	1	1659	1	1
k63_1446584	1936	2634	1	2
k63_1446584	2642	2842	1	3
k63_1446584	2912	4159	1	4
k63_1339384	2	502	-1	1
k63_1339384	844	2163	1	2
k63_1339384	3054	3866	1	3
k63_1339384	3863	5689	1	4
k63_1339384	5694	6686	-1	5
k63_477983	1	1218	-1	1
k63_477983	1287	1754	-1	2
k63_477983	2491	3021	1	3
k63_477983	3154	4659	1	4
k63_377954	1	189	-1	1
k63_377954	317	1072	1	2
k63_377954	1075	2340	1	3
k63_699330	85	1002	1	1
k63_699330	1168	3051	1	2
k63_699330	3229	3690	1	3
k63_699330	4734	6137	-1	4
k63_699330	6257	7114	1	5
k63_699330	7111	7863	1	6
k63_699330	7860	8894	1	7
k63_699330	8881	9558	1	8
k63_162291	1	723	1	1
k63_162291	755	1633	-1	2
k63_162291	1630	2811	-1	3
k63_162291	2852	4243	-1	4
k63_162291	4328	5194	-1	5
k63_162291	5346	6272	1	6
k63_162291	6326	6463	1	7
k63_162291	6554	7261	1	8
k63_162291	7273	8007	1	9
k63_162291	8228	9013	1	10
k63_162291	9039	9179	1	11
k63_591773	2	205	-1	1
k63_591773	619	2718	-1	2
k63_378865	213	1403	-1	1
k63_378865	1502	1999	1	2
k63_1448302	237	1145	1	1
k63_1448302	1173	1982	1	2
k63_1340865	94	831	-1	1
k63_1340865	949	1320	1	2
k63_1340865	1317	2306	-1	3
k63_1340865	2303	3295	-1	4
k63_1340865	3443	5344	1	5
k63_1340865	5365	6138	1	6
k63_1340865	6454	6741	1	7
k63_1340865	6784	8088	1	8
k63_1340865	8069	11275	1	9
k63_1340865	11363	12778	1	10
k63_53670	66	1007	1	1
k63_53670	1284	2012	1	2
k63_1449135	2	292	1	1
k63_1449135	307	909	1	2
k63_1449135	916	1308	-1	3
k63_1449135	1308	1538	-1	4
k63_54308	220	753	1	1
k63_54308	707	1564	-1	2
k63_54308	1621	1827	-1	3
k63_480688	206	583	1	1
k63_480688	1000	1242	1	2
k63_480688	1245	4004	1	3
k63_480688	4120	5058	1	4
k63_480688	5447	7411	1	5
k63_480688	7527	7748	1	6
k63_480688	7769	8401	1	7
k63_480688	8534	8707	1	8
k63_480688	8859	9353	1	9
k63_480688	9476	9676	-1	10
k63_480688	9878	10435	-1	11
k63_480688	10674	11771	-1	12
k63_480688	12093	12803	1	13
k63_480688	12807	13658	1	14
k63_480688	13821	14306	1	15
k63_480688	14346	14510	1	16
k63_480688	14601	15188	-1	17
k63_480688	15223	15552	-1	18
k63_480688	15601	17484	-1	19
k63_480688	17674	18684	-1	20
k63_480693	255	1538	1	1
k63_480693	1806	2576	-1	2
k63_1129423	3	1109	1	1
k63_813379	1	903	-1	1
k63_813379	1149	1511	-1	2
k63_813379	1508	1768	-1	3
k63_813379	2092	2322	-1	4
k63_813379	2319	3140	-1	5
k63_382593	95	946	-1	1
k63_382593	1051	1878	1	2
k63_382593	1826	2986	-1	3
k63_382593	3173	3475	1	4
k63_382593	3498	5711	1	5
k63_382593	5755	6123	1	6
k63_482768	86	2443	-1	1
k63_482768	2433	3386	-1	2
k63_482768	3431	4795	-1	3
k63_482768	4815	6650	-1	4
k63_1238373	122	1243	-1	1
k63_1238373	1429	6273	-1	2
k63_1238373	6748	6969	1	3
k63_1238373	7227	7610	1	4
k63_1238373	7607	7870	1	5
k63_1238373	7892	9694	1	6
k63_1238373	9663	10340	1	7
k63_1238373	10352	11260	1	8
k63_1238373	11269	11961	1	9
k63_1238373	12019	12873	1	10
k63_1238373	12870	14024	1	11
k63_1238373	14044	14604	1	12
k63_1238373	14703	15437	-1	13
k63_1559166	2	988	1	1
k63_1559166	1431	3242	1	2
k63_1559166	3448	4416	1	3
k63_275859	307	1671	-1	1
k63_600399	3	866	-1	1
k63_600399	878	2323	-1	2
k63_600399	2657	3439	1	3
k63_600399	3719	4330	1	4
k63_600399	4605	5165	1	5
k63_600399	5179	5715	1	6
k63_600399	5749	6549	1	7
k63_600399	6560	7873	1	8
k63_600399	8044	8376	1	9
k63_600399	8392	8856	1	10
k63_1027595	2	1129	1	1
k63_1027595	1513	1917	1	2
k63_1027595	1947	3629	1	3
k63_1027595	3613	4476	1	4
k63_1135888	135	731	1	1
k63_1135888	740	1240	1	2
k63_1135888	1237	1722	1	3
k63_1349856	2	316	-1	1
k63_1349856	481	987	-1	2
k63_1349856	1029	2075	-1	3
k63_1349856	2181	3875	-1	4
k63_1350164	98	979	-1	1
k63_1350164	1035	2024	-1	2
k63_1350164	2235	2732	-1	3
k63_922566	3	836	1	1
k63_922566	864	1796	-1	2
k63_603048	3	80	1	1
k63_603048	253	462	1	2
k63_603048	528	1883	-1	3
k63_603048	1894	3216	-1	4
k63_603048	3216	3830	-1	5
k63_603048	3957	4514	-1	6
k63_603048	4773	5741	1	7
k63_603048	5825	7825	-1	8
k63_603048	7818	8720	-1	9
k63_603048	8717	9523	-1	10
k63_280263	3	971	1	1
k63_280263	1021	1425	1	2
k63_280263	1422	1724	1	3
k63_280263	1732	3513	1	4
k63_280263	3732	4115	1	5
k63_1138868	2	412	1	1
k63_1138868	409	1548	1	2
k63_1565188	2	1495	1	1
k63_1565188	1512	2660	-1	2
k63_1139789	3	467	1	1
k63_1139789	679	2010	-1	2
k63_1139789	2307	2486	-1	3
k63_491974	1	717	-1	1
k63_491974	714	1919	-1	2
k63_491974	1936	2097	-1	3
k63_491974	2116	2307	-1	4
k63_491974	2314	2670	-1	5
k63_927285	279	896	-1	1
k63_927285	1050	3695	1	2
k63_394054	1	570	1	1
k63_394054	575	1261	1	2
k63_394054	1412	3019	-1	3
k63_394054	3275	3382	-1	4
k63_1034487	161	625	-1	1
k63_1034487	760	1227	1	2
k63_1034487	1231	2763	1	3
k63_1034487	3260	4042	1	4
k63_1567545	141	1397	-1	1
k63_1567545	1528	2625	1	2
k63_1567545	2639	3292	-1	3
k63_1250110	2	1123	1	1
k63_1250110	1323	2786	1	2
k63_1250110	2940	3746	-1	3
k63_1250110	3997	5070	-1	4
k63_1250110	5067	5453	-1	5
k63_1250110	5498	5875	-1	6
k63_495814	1	918	-1	1
k63_495814	863	4459	-1	2
k63_495814	5329	5589	1	3
k63_495814	5935	6696	1	4
k63_495814	6799	6966	1	5
k63_495814	6970	7182	1	6
k63_495814	7257	7481	1	7
k63_827989	701	1282	1	1
k63_827989	1334	1831	1	2
k63_827989	1867	2412	1	3
k63_1360229	2	571	1	1
k63_1360229	718	1569	1	2
k63_1360229	1619	2413	1	3
k63_1360229	2413	4356	1	4
k63_1360229	4353	5060	1	5
k63_501439	1	1365	-1	1
k63_501439	1442	3058	1	2
k63_501439	3055	3912	1	3
k63_501439	3927	4958	1	4
k63_501439	5193	6218	1	5
k63_501439	6298	6882	-1	6
k63_501439	6959	7771	-1	7
k63_501439	7768	8115	-1	8
k63_1153255	2	97	1	1
k63_1153255	272	1651	1	2
k63_1153255	1623	2843	1	3
k63_1154213	3	896	1	1
k63_1154213	925	1818	1	2
k63_1154213	1868	2641	1	3
k63_621822	160	1650	-1	1
k63_621822	1741	2142	1	2
k63_621822	2169	3890	-1	3
k63_621822	3956	4867	-1	4
k63_621822	4879	5901	-1	5
k63_621822	5907	6221	-1	6
k63_621822	6275	7258	-1	7
k63_621822	7263	7517	-1	8
k63_297263	156	1277	1	1
k63_297263	1349	2275	1	2
k63_297263	2467	3147	1	3
k63_297263	3162	3719	1	4
k63_297263	3722	4456	1	5
k63_297263	4458	5147	1	6
k63_297263	5138	6322	1	7
k63_297263	6356	7489	1	8
k63_297263	7517	9787	1	9
k63_297263	9791	10357	1	10
k63_297263	10361	11386	1	11
k63_297263	11387	11854	1	12
k63_297263	11855	12658	1	13
k63_297263	12645	13472	1	14
k63_297263	13469	14641	1	15
k63_623394	394	663	1	1
k63_623394	703	1563	-1	2
k63_623394	1698	1787	1	3
k63_195191	23	790	-1	1
k63_195191	1133	3049	-1	2
k63_195191	3092	4315	-1	3
k63_195191	4317	5129	-1	4
k63_195191	5261	6685	1	5
k63_195191	6748	7980	1	6
k63_195191	8009	8290	-1	7
k63_837517	3	590	-1	1
k63_837517	657	980	-1	2
k63_837517	977	1909	-1	3
k63_837517	1896	2303	-1	4
k63_1049146	183	4769	-1	1
k63_196284	98	1600	1	1
k63_624262	100	2535	-1	1
k63_624262	2729	2932	1	2
k63_624262	3221	3364	1	3
k63_624262	3387	3530	1	4
k63_624262	3665	5212	1	5
k63_624262	5543	6214	1	6
k63_624262	6266	6874	-1	7
k63_624262	6867	9872	-1	8
k63_624262	9869	10150	-1	9
k63_624262	10164	10733	-1	10
k63_1157760	2	1099	-1	1
k63_1157760	1096	1833	-1	2
k63_1157760	1837	3702	-1	3
k63_1157760	3991	4395	1	4
k63_838920	1	153	-1	1
k63_838920	244	705	-1	2
k63_838920	878	1684	1	3
k63_508075	127	1578	1	1
k63_508075	1592	2899	-1	2
k63_508075	3013	3699	-1	3
k63_508075	3817	5031	-1	4
k63_625773	3	221	-1	1
k63_625773	218	805	-1	2
k63_625773	843	1853	1	3
k63_625773	1864	2745	1	4
k63_625773	2750	5476	1	5
k63_625773	5473	7569	1	6
k63_625773	7733	8491	-1	7
k63_625773	8501	8791	-1	8
k63_625773	8796	9083	-1	9
k63_625773	9164	10051	-1	10
k63_625773	10170	11384	-1	11
k63_625773	11496	12272	-1	12
k63_625773	12299	13795	-1	13
k63_625773	13788	14723	-1	14
k63_625773	14723	15439	-1	15
k63_625773	15441	15818	-1	16
k63_625773	15841	16635	-1	17
k63_625773	16701	17282	-1	18
k63_625773	17302	18207	-1	19
k63_1584834	2	553	1	1
k63_1584834	669	1334	1	2
k63_1584834	1353	1919	1	3
k63_1584834	1994	2596	1	4
k63_1584834	2925	3707	1	5
k63_949501	2	508	-1	1
k63_949501	486	1349	-1	2
k63_949501	1353	2039	-1	3
k63_949501	2143	4137	-1	4
k63_949501	4324	5199	1	5
k63_949501	5222	5695	1	6
k63_949501	5756	6640	1	7
k63_949501	6637	7281	-1	8
k63_949501	7318	7881	-1	9
k63_949501	8012	8524	1	10
k63_949501	8638	9204	1	11
k63_949501	9303	11453	1	12
k63_949501	11474	12079	1	13
k63_949501	12090	12686	1	14
k63_949501	12683	13441	1	15
k63_949501	13466	13873	1	16
k63_949501	13959	14654	1	17
k63_949501	14603	15340	1	18
k63_949501	15337	16245	1	19
k63_949501	16357	16620	1	20
k63_949501	16625	18925	1	21
k63_949501	18976	19734	1	22
k63_949501	19767	21986	1	23
k63_949501	21993	22550	1	24
k63_949501	22547	23269	-1	25
k63_949501	23304	25121	-1	26
k63_949501	25126	25626	-1	27
k63_949501	25995	26423	1	28
k63_949501	26575	27975	1	29
k63_949501	27986	28429	-1	30
k63_949501	28422	29234	-1	31
k63_949501	29363	30127	-1	32
k63_949501	30197	32569	-1	33
k63_949501	32645	33415	-1	34
k63_949501	33536	34693	1	35
k63_949501	34709	35572	1	36
k63_949501	35592	37133	-1	37
k63_949501	37184	38194	-1	38
k63_949501	38414	39553	1	39
k63_949501	39898	40269	-1	40
k63_949501	40437	40832	1	41
k63_628985	180	1199	-1	1
k63_628985	1542	2105	-1	2
k63_628985	2102	2554	-1	3
k63_304894	1	141	-1	1
k63_304894	574	2982	-1	2
k63_304894	3338	3532	-1	3
k63_304894	4023	5174	-1	4
k63_415400	353	775	1	1
k63_415400	945	1904	1	2
k63_415400	2051	2443	1	3
k63_415400	2474	3133	1	4
k63_415400	3187	4635	1	5
k63_415400	4722	4874	1	6
k63_415400	4973	8104	-1	7
k63_415400	8101	9339	-1	8
k63_415400	9336	9983	-1	9
k63_415400	10240	11070	-1	10
k63_1486658	3	287	-1	1
k63_1486658	404	2203	1	2
k63_1486658	2312	2590	-1	3
k63_1486658	2678	2809	1	4
k63_305918	3	602	1	1
k63_305918	626	2155	1	2
k63_305918	2188	4221	1	3
k63_1376556	89	361	-1	1
k63_1376556	409	1074	-1	2
k63_1376556	1252	1668	1	3
k63_1376556	1776	2639	-1	4
k63_1376556	2682	3857	-1	5
k63_1057137	3	1502	-1	1
k63_1057137	1847	3094	-1	2
k63_1057137	3223	3735	1	3
k63_1379271	155	916	1	1
k63_1379271	984	1322	-1	2
k63_1379271	1357	2562	-1	3
k63_739604	151	1047	-1	1
k63_739604	1167	2198	1	2
k63_739604	2195	3154	1	3
k63_739604	3124	3906	1	4
k63_739604	3918	4661	-1	5
k63_739604	4679	5344	-1	6
k63_739604	5550	6737	1	7
k63_739604	6737	7759	1	8
k63_739604	7756	8724	1	9
k63_739604	8839	8970	-1	10
k63_517014	1	249	-1	1
k63_517014	402	1124	-1	2
k63_517014	1117	2643	-1	3
k63_517014	2764	3936	1	4
k63_517014	4015	4662	-1	5
k63_517449	1	804	-1	1
k63_517449	801	2837	-1	2
k63_517449	3030	4148	1	3
k63_209457	3	176	1	1
k63_209457	185	1519	1	2
k63_209457	1523	2143	1	3
k63_209457	2198	3331	1	4
k63_209457	3365	5959	1	5
k63_209457	5984	8209	1	6
k63_424167	239	1216	-1	1
k63_424167	1298	1900	1	2
k63_424167	1970	2536	1	3
k63_424167	2572	3885	1	4
k63_640905	487	990	1	1
k63_640905	1325	4582	1	2
k63_640905	4649	4981	1	3
k63_640905	4978	6027	1	4
k63_427409	16	363	-1	1
k63_427409	505	1530	1	2
k63_427409	1543	2469	1	3
k63_427409	2669	2854	-1	4
k63_427409	2893	3456	-1	5
k63_427409	3673	5760	1	6
k63_427409	5831	6613	-1	7
k63_427409	6670	7191	-1	8
k63_427409	7188	8135	-1	9
k63_427409	8222	8743	-1	10
k63_427409	8747	9277	-1	11
k63_427409	9513	9728	-1	12
k63_427409	9737	9967	-1	13
k63_427409	10019	10471	-1	14
k63_427409	10602	11405	1	15
k63_427409	11438	11932	1	16
k63_427409	11934	13262	1	17
k63_427409	13325	14059	1	18
k63_427409	14020	14190	-1	19
k63_747091	1	552	-1	1
k63_747091	662	1300	1	2
k63_747091	1328	1813	1	3
k63_747091	1810	2715	1	4
k63_747091	2736	3065	-1	5
k63_747091	3155	6577	-1	6
k63_747091	6657	6923	-1	7
k63_747091	6993	8015	1	8
k63_213010	1	1515	-1	1
k63_213010	1696	2115	1	2
k63_213010	2371	3144	1	3
k63_213010	3211	3963	1	4
k63_213010	4195	4665	1	5
k63_213010	4802	7660	1	6
k63_213010	7653	8204	1	7
k63_213010	8256	9293	1	8
k63_213010	9290	10435	1	9
k63_213010	10679	10855	1	10
k63_106798	228	2645	-1	1
k63_106798	3004	4170	1	2
k63_214135	809	1387	-1	1
k63_214135	1529	2413	1	2
k63_214135	2437	2793	1	3
k63_214135	2851	3828	-1	4
k63_214135	4057	5859	1	5
k63_214135	6032	6196	1	6
k63_1068688	2	286	1	1
k63_1068688	320	1930	-1	2
k63_1069408	1	219	-1	1
k63_1069408	219	680	-1	2
k63_1069408	685	1443	-1	3
k63_1069408	1448	2191	-1	4
k63_1069408	2474	3406	1	5
k63_1069408	3403	4131	1	6
k63_1069408	4137	4454	1	7
k63_1069408	4508	5620	1	8
k63_530840	2	517	-1	1
k63_530840	514	1638	-1	2
k63_530840	1649	3079	-1	3
k63_530840	3235	3381	-1	4
k63_321156	117	536	1	1
k63_321156	868	1050	-1	2
k63_321156	1266	1910	1	3
k63_321156	1937	2881	-1	4
k63_321156	3054	3965	1	5
k63_321156	3996	4160	-1	6
