Contig	Start	End	Strand	Pos
k63_1142780	1	360	1	1
k63_1142780	380	874	-1	2
k63_1142780	916	1740	-1	3
k63_1350910	3	596	-1	1
k63_1350910	586	1524	-1	2
k63_624309	291	476	1	1
k63_624309	775	1008	-1	2
k63_624309	1112	1504	-1	3
k63_935392	1	792	1	1
k63_935392	1446	2387	1	2
k63_1454974	3	1145	-1	1
k63_1454974	1411	2568	-1	2
k63_1454974	2962	3258	1	3
k63_935598	1	1497	-1	1
k63_935598	1523	1861	-1	2
k63_935598	1928	2899	-1	3
k63_1247137	1	693	1	1
k63_1247137	936	1526	-1	2
k63_1247137	1658	1798	-1	3
k63_208814	575	2209	1	1
k63_208814	3342	3410	1	2
k63_312557	3	251	-1	1
k63_312557	369	1295	-1	2
k63_312557	1832	2914	-1	3
k63_521346	2	166	1	1
k63_521346	184	297	1	2
k63_521346	323	715	1	3
k63_521346	729	1112	1	4
k63_521346	1125	1751	1	5
k63_521346	1760	2410	1	6
k63_1352027	1	69	1	1
k63_1352027	244	1341	1	2
k63_1352027	1434	2312	-1	3
k63_417125	366	569	1	1
k63_417125	581	1993	1	2
k63_417125	2122	2952	1	3
k63_417125	3806	5308	1	4
k63_417125	5519	6097	1	5
k63_417125	6328	6762	1	6
k63_417125	6859	8979	-1	7
k63_417125	9428	10201	1	8
k63_417125	10276	10626	-1	9
k63_1247564	1	1089	-1	1
k63_1247564	1899	2648	-1	2
k63_105420	168	1133	1	1
k63_105420	1136	1849	1	2
k63_105420	1851	3770	1	3
k63_105420	3837	4823	1	4
k63_105420	5007	7364	-1	5
k63_1448	1	753	-1	1
k63_1448	805	2319	-1	2
k63_1352543	3	269	-1	1
k63_1352543	307	1302	-1	2
k63_1352543	1343	1852	-1	3
k63_1352543	2054	3595	-1	4
k63_1352543	3899	5002	1	5
k63_1352543	5114	5923	1	6
k63_1352543	6225	6464	1	7
k63_417654	51	1427	1	1
k63_417654	1517	2032	1	2
k63_417654	2145	2681	1	3
k63_417654	2776	3534	1	4
k63_1040504	9	1049	-1	1
k63_1040504	1220	2071	-1	2
k63_1248152	264	881	-1	1
k63_1248152	889	2082	-1	2
k63_1248152	2186	3343	-1	3
k63_1248152	3607	4533	-1	4
k63_833576	1	1194	1	1
k63_833576	1462	2610	1	2
k63_833576	2798	3145	1	3
k63_833576	3222	3833	1	4
k63_833576	3858	4814	-1	5
k63_833578	3	362	-1	1
k63_833578	417	527	-1	2
k63_833578	1014	1823	1	3
k63_209917	3	539	-1	1
k63_209917	809	1840	-1	2
k63_209917	2010	2210	-1	3
k63_209917	2267	2539	-1	4
k63_209917	2546	2866	-1	5
k63_209917	3007	4314	-1	6
k63_1872	60	401	1	1
k63_1872	417	1397	1	2
k63_1872	1397	2101	1	3
k63_1872	2160	2981	1	4
k63_1872	3072	4595	1	5
k63_1872	4624	4923	-1	6
k63_1144589	435	872	-1	1
k63_1144589	1311	2156	1	2
k63_1144589	2269	2688	1	3
k63_1144589	2681	2872	1	4
k63_1924	12	500	1	1
k63_1924	618	1085	-1	2
k63_1924	1116	1712	-1	3
k63_2028	1	558	1	1
k63_2028	551	1108	1	2
k63_2028	1585	2073	1	3
k63_2028	2077	2391	1	4
k63_210128	3	185	1	1
k63_210128	871	1317	1	2
k63_210128	1419	2564	-1	3
k63_1248489	1	1092	1	1
k63_1248489	1105	1494	1	2
k63_1248489	1669	3207	-1	3
k63_1248489	3450	4310	-1	4
k63_1248489	4831	5388	-1	5
k63_2200	2	736	-1	1
k63_2200	906	1472	-1	2
k63_1456587	62	1609	1	1
k63_1456587	1554	1670	1	2
k63_730323	128	559	-1	1
k63_730323	779	2101	-1	2
k63_730323	2587	2901	1	3
k63_730323	3372	3632	1	4
k63_1041260	1	1893	-1	1
k63_2473	3	533	1	1
k63_2473	686	1603	-1	2
k63_2473	1617	2543	-1	3
k63_937587	3	419	1	1
k63_937587	416	577	1	2
k63_937587	574	753	1	3
k63_937587	885	1046	1	4
k63_937587	1176	2270	1	5
k63_937587	2267	3391	1	6
k63_937587	3411	3638	-1	7
k63_937587	3635	3946	-1	8
k63_937587	4419	5447	-1	9
k63_1041611	59	1129	1	1
k63_1041611	1292	2092	-1	2
k63_314652	155	1129	1	1
k63_314652	1350	2378	1	2
k63_419092	3	923	-1	1
k63_419092	1264	1809	1	2
k63_1354013	2	1240	-1	1
k63_1354013	1293	2288	-1	2
k63_1354013	2380	2466	-1	3
k63_1457440	2	580	-1	1
k63_1457440	636	956	-1	2
k63_1457440	1035	1418	-1	3
k63_1457440	1442	1837	-1	4
k63_1457440	1837	2463	-1	5
k63_1249566	3	1214	-1	1
k63_1249566	1409	1783	-1	2
k63_315161	3	1547	1	1
k63_3399	400	1629	-1	1
k63_3399	1629	2462	-1	2
k63_1042300	75	446	-1	1
k63_1042300	764	907	-1	2
k63_1042300	1237	2211	-1	3
k63_1042300	2215	2685	-1	4
k63_1042300	2743	4575	-1	5
k63_1042300	4577	4873	-1	6
k63_1042300	4922	6559	-1	7
k63_1042300	7166	7306	-1	8
k63_1042300	7322	7984	-1	9
k63_628567	2	778	-1	1
k63_628567	967	1506	-1	2
k63_628567	1579	2514	-1	3
k63_3446	2	547	1	1
k63_3446	579	1310	-1	2
k63_315367	1	1644	1	1
k63_211669	3	770	-1	1
k63_211669	866	1138	1	2
k63_211669	1135	1965	-1	3
k63_211669	2339	2419	1	4
k63_1354549	267	1664	-1	1
k63_1354549	1680	2246	-1	2
k63_1354549	2502	3569	-1	3
k63_1354549	3569	4015	-1	4
k63_1354549	4414	5547	-1	5
k63_1249806	3	647	-1	1
k63_1249806	752	2182	-1	2
k63_524809	417	608	-1	1
k63_524809	826	1221	-1	2
k63_524809	1318	1659	-1	3
k63_419950	182	967	1	1
k63_419950	1461	2081	1	2
k63_525040	3	146	-1	1
k63_525040	440	1660	-1	2
k63_732033	1	294	-1	1
k63_732033	311	766	-1	2
k63_732033	857	2128	-1	3
k63_939388	148	1023	1	1
k63_939388	1165	1581	-1	2
k63_420680	3	1490	-1	1
k63_420680	1517	2476	-1	2
k63_1147237	27	1418	-1	1
k63_1147237	1373	2257	-1	2
k63_629798	1	195	-1	1
k63_629798	484	1416	-1	2
k63_629798	1856	3319	1	3
k63_629798	3393	4298	-1	4
k63_316447	222	1898	-1	1
k63_940027	2	88	-1	1
k63_940027	672	3146	1	2
k63_940027	3246	3632	1	3
k63_1147845	282	1001	1	1
k63_1147845	1120	1839	1	2
k63_1147845	1846	2145	1	3
k63_421475	1	510	1	1
k63_421475	745	2232	-1	2
k63_421475	2281	2529	-1	3
k63_1251579	3	161	-1	1
k63_1251579	158	1207	-1	2
k63_1251579	1579	3462	1	3
k63_1251579	3625	3951	-1	4
k63_1251579	4198	5244	-1	5
k63_1251579	5423	6013	-1	6
k63_940634	3	455	1	1
k63_940634	811	2016	1	2
k63_940634	2406	2825	1	3
k63_1460215	139	1473	1	1
k63_1460215	1543	1785	1	2
k63_1460215	1934	2215	1	3
k63_1460215	2471	3028	1	4
k63_1460240	3	1370	1	1
k63_1460240	1475	2032	1	2
k63_5645	287	1501	1	1
k63_5645	2026	4035	1	2
k63_733825	3	149	1	1
k63_733825	242	1399	1	2
k63_733825	1474	2691	-1	3
k63_733825	2935	4053	-1	4
k63_733825	4225	5259	-1	5
k63_940979	234	683	-1	1
k63_940979	888	1601	1	2
k63_940979	1598	3127	1	3
k63_5934	2	2035	1	1
k63_1357281	1	1212	1	1
k63_1357281	1172	1408	1	2
k63_734337	289	1359	-1	1
k63_734337	1495	2622	-1	2
k63_734337	2675	3247	-1	3
k63_734337	3287	3547	-1	4
k63_734337	3556	4956	-1	5
k63_734431	66	236	1	1
k63_734431	379	1419	-1	2
k63_838576	2	109	-1	1
k63_838576	135	941	-1	2
k63_838576	1007	1141	-1	3
k63_838576	1322	2170	-1	4
k63_214963	516	800	-1	1
k63_214963	957	1760	-1	2
k63_1045431	2	316	1	1
k63_1045431	369	788	1	2
k63_1045431	893	1354	1	3
k63_1045431	1462	2187	1	4
k63_734680	150	1301	1	1
k63_734680	1516	1818	-1	2
k63_734680	1802	2497	-1	3
k63_734712	3	1595	-1	1
k63_734712	1999	2697	1	2
k63_318702	1	753	-1	1
k63_318702	937	1314	1	2
k63_318702	1553	1729	1	3
k63_838852	1	300	1	1
k63_838852	450	1325	-1	2
k63_838852	1391	2272	-1	3
k63_838852	2476	3351	-1	4
k63_838852	3728	4459	1	5
k63_1045674	1	567	-1	1
k63_1045674	1190	1942	1	2
k63_6741	2	211	1	1
k63_6741	241	1497	1	2
k63_6741	1588	2451	1	3
k63_215247	265	1479	-1	1
k63_215247	1483	2859	-1	2
k63_215247	3236	3430	1	3
k63_1045869	2	1570	-1	1
k63_1045869	1593	2255	-1	2
k63_1045869	2330	2626	-1	3
k63_215482	2	1882	-1	1
k63_215482	2317	3159	-1	2
k63_215482	3270	3380	-1	3
k63_1358369	1	123	-1	1
k63_1358369	162	1292	-1	2
k63_942525	2	265	1	1
k63_942525	720	1502	1	2
k63_632641	417	1436	-1	1
k63_1461910	162	1019	1	1
k63_1461910	1068	2120	1	2
k63_1461910	2376	2540	1	3
k63_1046390	1	498	-1	1
k63_1046390	611	1321	1	2
k63_1046390	1480	1710	1	3
k63_1462055	3	539	1	1
k63_1462055	529	1068	1	2
k63_1462055	1481	1948	1	3
k63_1462055	1975	2199	1	4
k63_1150281	382	1413	1	1
k63_1150281	1485	2291	1	2
k63_1150281	2370	3275	1	3
k63_1150281	3323	4531	1	4
k63_319659	1	258	-1	1
k63_319659	601	1053	1	2
k63_319659	1116	2267	-1	3
k63_1046542	232	1527	1	1
k63_1046542	1534	2136	-1	2
k63_943043	2	73	-1	1
k63_943043	125	1489	-1	2
k63_1358963	3	1487	-1	1
k63_1359043	125	1249	1	1
k63_1359043	1440	2192	1	2
k63_319979	2	814	-1	1
k63_319979	932	1678	-1	2
k63_840093	3	194	-1	1
k63_840093	264	419	-1	2
k63_840093	467	1762	-1	3
k63_1462621	3	290	1	1
k63_1462621	333	602	-1	2
k63_1462621	682	1242	-1	3
k63_1462621	1376	1927	-1	4
k63_840139	1	552	1	1
k63_840139	549	1772	1	2
k63_840139	1774	2469	1	3
k63_840139	2470	2673	1	4
k63_424607	240	503	1	1
k63_424607	520	1206	1	2
k63_424607	1207	1818	1	3
k63_633705	2	163	1	1
k63_633705	174	329	1	2
k63_633705	409	1623	1	3
k63_633705	1851	2105	-1	4
k63_633705	2512	2751	1	5
k63_1463152	2	127	1	1
k63_1463152	185	1471	1	2
k63_1463152	1808	2263	-1	3
k63_1463152	2619	2759	1	4
k63_424992	3	704	1	1
k63_424992	1174	1509	-1	2
k63_1047621	419	847	-1	1
k63_1047621	938	1345	-1	2
k63_1047621	1468	2442	-1	3
k63_1047621	2442	2861	-1	4
k63_1047621	2890	4083	-1	5
k63_1360016	113	1372	1	1
k63_840875	303	1994	-1	1
k63_1254963	445	1629	-1	1
k63_217526	112	603	1	1
k63_217526	682	1686	1	2
k63_736968	2	781	1	1
k63_736968	799	1629	1	2
k63_736968	1744	2562	-1	3
k63_736968	2634	3155	-1	4
k63_944836	1	294	1	1
k63_944836	315	1358	1	2
k63_944836	1591	2568	1	3
k63_9023	1	2034	1	1
k63_9023	2050	2490	1	2
k63_9023	2474	2752	1	3
k63_1255483	2	142	1	1
k63_1255483	774	998	-1	2
k63_1255483	1541	2194	1	3
k63_425780	319	1704	1	1
k63_425780	1807	2028	1	2
k63_737536	3	1166	-1	1
k63_737536	1636	2367	1	2
k63_1360936	48	1049	-1	1
k63_1360936	1172	1750	-1	2
k63_1360936	1751	1978	-1	3
k63_114481	83	847	-1	1
k63_114481	987	1523	-1	2
k63_114481	1591	1818	-1	3
k63_114481	1836	2159	-1	4
k63_9457	1	609	-1	1
k63_9457	1114	2118	1	2
k63_9457	2233	3213	-1	3
k63_945333	1	726	-1	1
k63_945333	807	1766	-1	2
k63_945333	1770	2774	-1	3
k63_1361071	370	1638	1	1
k63_531628	255	1463	1	1
k63_531628	1454	2281	-1	2
k63_531628	2351	3397	-1	3
k63_531628	3556	3723	1	4
k63_218766	2	1075	-1	1
k63_218766	1258	1734	-1	2
k63_10311	2	499	1	1
k63_10311	697	3222	1	2
k63_635861	241	1878	-1	1
k63_635861	1910	1975	-1	2
k63_1049567	1	174	-1	1
k63_1049567	511	1647	1	2
k63_1049567	2186	2464	-1	3
k63_1465062	27	917	-1	1
k63_1465062	1619	3406	1	2
k63_1465062	3677	4063	1	3
k63_1465062	4322	5116	-1	4
k63_1465062	5262	5354	1	5
k63_427062	144	734	-1	1
k63_427062	983	1501	-1	2
k63_427062	1599	1703	-1	3
k63_1153577	1	201	1	1
k63_1153577	328	1146	1	2
k63_1153577	1385	2128	1	3
k63_219434	84	260	-1	1
k63_219434	582	1484	-1	2
k63_219434	1810	2847	-1	3
k63_219434	3172	3510	1	4
k63_10581	1	321	1	1
k63_10581	315	1307	1	2
k63_10581	1461	2252	-1	3
k63_10581	2551	3261	-1	4
k63_10581	3305	3418	-1	5
k63_1153766	1	69	1	1
k63_1153766	114	203	1	2
k63_1153766	205	2133	1	3
k63_1153766	2144	2653	1	4
k63_219561	2	1786	1	1
k63_219561	2151	3299	1	2
k63_219561	3372	3836	-1	3
k63_219561	3935	5023	-1	4
k63_219561	5851	5940	1	5
k63_115672	74	1303	1	1
k63_115672	1550	2143	-1	2
k63_115672	2306	2857	1	3
k63_115672	2955	3035	1	4
k63_10994	1	654	1	1
k63_10994	946	3207	1	2
k63_10994	3381	3713	1	3
k63_11055	3	284	1	1
k63_11055	570	1283	1	2
k63_11070	2	886	1	1
k63_11070	889	1497	1	2
k63_11070	1494	2237	-1	3
k63_11070	2240	3334	-1	4
k63_11070	3601	4629	-1	5
k63_11070	4626	6068	-1	6
k63_1465891	1	1368	-1	1
k63_1465891	1368	2276	-1	2
k63_1465891	2347	2688	-1	3
k63_427741	1	204	-1	1
k63_427741	412	1788	-1	2
k63_946940	85	954	-1	1
k63_946940	962	2053	-1	2
k63_946940	2108	2641	-1	3
k63_843696	3	701	-1	1
k63_843696	706	1575	-1	2
k63_843869	171	938	-1	1
k63_843869	1001	2248	-1	2
k63_843869	2252	3457	-1	3
k63_843869	3940	5043	-1	4
k63_843869	5440	6606	1	5
k63_947546	44	661	-1	1
k63_947546	733	1188	-1	2
k63_947546	1237	1503	-1	3
k63_947546	1596	2546	-1	4
k63_1363157	2	538	1	1
k63_1363157	652	1452	-1	2
k63_221090	107	1429	-1	1
k63_221090	1486	1749	-1	2
k63_1051193	15	812	-1	1
k63_1051193	825	1103	-1	2
k63_1051193	1203	2195	-1	3
k63_1051193	2198	3175	-1	4
k63_11995	1	450	1	1
k63_11995	564	2012	1	2
k63_11995	2522	3550	-1	3
k63_740199	275	877	1	1
k63_740199	890	1579	1	2
k63_740199	1634	1729	-1	3
k63_740199	1826	2443	-1	4
k63_1258574	2	181	-1	1
k63_1258574	197	1450	-1	2
k63_1258574	1468	1548	-1	3
k63_12285	94	1071	1	1
k63_12285	1352	3568	-1	2
k63_12285	3763	4203	-1	3
k63_12285	4400	4594	-1	4
k63_948356	2	232	-1	1
k63_948356	335	886	-1	2
k63_948356	964	1353	-1	3
k63_948356	1396	1533	-1	4
k63_638342	1	327	1	1
k63_638342	513	2798	-1	2
k63_1258966	424	1332	1	1
k63_1258966	1547	2443	1	2
k63_1258966	2616	3425	1	3
k63_1258966	3551	3940	1	4
k63_324842	208	1245	1	1
k63_324842	1505	2161	1	2
k63_324842	2262	2912	-1	3
k63_324842	2913	3533	-1	4
k63_534620	157	561	1	1
k63_534620	579	2153	1	2
k63_845533	1	972	1	1
k63_845533	1093	1311	1	2
k63_949015	3	1163	1	1
k63_949015	1163	1912	1	2
k63_741467	18	1058	-1	1
k63_741467	1091	1318	1	2
k63_741467	1771	2484	1	3
k63_741467	2504	2914	1	4
k63_741595	2	1684	1	1
k63_13491	2	313	-1	1
k63_13491	440	895	-1	2
k63_13491	941	2074	-1	3
k63_741810	117	368	1	1
k63_741810	721	921	1	2
k63_741810	918	1415	-1	3
k63_741810	1511	1891	-1	4
k63_741810	1888	2247	-1	5
k63_13801	1	135	-1	1
k63_13801	149	1693	1	2
k63_13801	2001	2954	1	3
k63_13801	3099	4013	-1	4
k63_119436	1	459	-1	1
k63_119436	456	2330	-1	2
k63_846328	2	808	1	1
k63_846328	805	2037	1	2
k63_846328	2125	2796	1	3
k63_430802	254	1204	-1	1
k63_1365632	1	294	-1	1
k63_1365632	387	1706	-1	2
k63_1365632	1966	2667	-1	3
k63_640166	3	1403	1	1
k63_640166	1375	1800	1	2
k63_640166	1748	1879	1	3
k63_1157806	1	1905	-1	1
k63_1157806	2104	2310	1	2
k63_14463	129	1163	1	1
k63_14463	1528	2121	1	2
k63_431322	3	77	1	1
k63_431322	172	996	1	2
k63_431322	1400	2170	1	3
k63_1053835	57	1916	-1	1
k63_1053835	2097	2162	1	2
k63_950439	3	464	1	1
k63_950439	527	1321	1	2
k63_950439	1466	1750	1	3
k63_1366010	103	294	1	1
k63_1366010	378	575	1	2
k63_1366010	606	893	1	3
k63_1366010	1029	1769	1	4
k63_1469897	2	934	-1	1
k63_1469897	931	2235	-1	2
k63_1469897	2238	2375	-1	3
k63_1054435	2	460	1	1
k63_1054435	600	1589	1	2
k63_1054435	1729	3009	1	3
k63_1054435	3111	4304	1	4
k63_1054545	3	536	-1	1
k63_1054545	694	1467	-1	2
k63_1054571	1	150	1	1
k63_1054571	212	1759	1	2
k63_1054571	1759	2334	1	3
k63_1470348	1	273	1	1
k63_1470348	439	681	1	2
k63_1470348	699	1763	1	3
k63_432189	2	112	1	1
k63_432189	171	305	1	2
k63_432189	329	586	-1	3
k63_432189	874	1143	1	4
k63_432189	1438	1557	1	5
k63_951356	1	363	-1	1
k63_951356	621	2183	1	2
k63_15549	152	409	-1	1
k63_15549	413	1846	-1	2
k63_1159118	57	422	1	1
k63_1159118	612	1511	-1	2
k63_1159118	1690	2316	1	3
k63_1159118	2313	2474	1	4
k63_641722	3	605	-1	1
k63_641722	608	1936	-1	2
k63_641722	1941	2384	-1	3
k63_641722	2563	2754	-1	4
k63_641722	2840	3367	-1	5
k63_641722	3367	3735	-1	6
k63_641722	3799	4389	-1	7
k63_641722	4379	4777	-1	8
k63_641722	4831	5016	-1	9
k63_641722	5070	5786	-1	10
k63_641722	5773	6093	-1	11
k63_641722	6093	6461	-1	12
k63_641722	6458	6970	-1	13
k63_1367278	3	1274	-1	1
k63_1367278	1286	2197	-1	2
k63_1367278	2328	2837	-1	3
k63_641996	1	462	-1	1
k63_641996	459	1355	-1	2
k63_641996	1430	2350	-1	3
k63_641996	2688	3308	-1	4
k63_328154	1	324	1	1
k63_328154	388	1563	1	2
k63_328154	1607	2608	-1	3
k63_1055323	2	547	1	1
k63_1055323	632	1735	1	2
k63_1055537	3	122	1	1
k63_1055537	578	940	-1	2
k63_1055537	1112	1549	-1	3
k63_1471476	2	505	1	1
k63_1471476	702	1541	1	2
k63_1471476	1620	2195	1	3
k63_1471476	2182	2679	1	4
k63_1262523	408	1652	-1	1
k63_1262523	1806	2393	-1	2
k63_744230	1	378	1	1
k63_744230	615	1076	1	2
k63_744230	1156	2322	1	3
k63_848597	3	827	-1	1
k63_848597	836	1099	-1	2
k63_848597	1185	2102	-1	3
k63_642755	2	664	-1	1
k63_642755	787	1764	1	2
k63_433686	181	1953	-1	1
k63_16995	1	228	1	1
k63_16995	322	1725	-1	2
k63_1160611	136	1323	-1	1
k63_1160611	1501	2091	1	2
k63_1472384	5	1213	-1	1
k63_1472384	1549	2346	-1	2
k63_1472384	2849	3739	1	3
k63_1472384	3732	4100	1	4
k63_17537	3	287	1	1
k63_17537	432	956	1	2
k63_17537	1046	1573	1	3
k63_17947	2	220	1	1
k63_17947	649	846	-1	2
k63_17947	1304	1627	-1	3
k63_17947	1673	1810	-1	4
k63_850167	1	81	-1	1
k63_850167	502	1521	1	2
k63_850167	1746	1829	-1	3
k63_954336	1	513	-1	1
k63_954336	949	1968	1	2
k63_954336	2137	2451	1	3
k63_954336	2607	2936	-1	4
k63_850177	2	94	1	1
k63_850177	310	645	1	2
k63_850177	662	1843	1	3
k63_850177	2185	3486	1	4
k63_850177	3837	4013	1	5
k63_850315	443	1492	1	1
k63_850315	1675	2754	-1	2
k63_330304	2	265	-1	1
k63_330304	462	1148	-1	2
k63_330304	1189	2235	-1	3
k63_330304	2476	2673	-1	4
k63_1473379	2	433	-1	1
k63_1473379	660	2372	-1	2
k63_330541	1	213	1	1
k63_330541	367	804	1	2
k63_330541	891	2636	1	3
k63_954843	485	1225	-1	1
k63_330662	1	309	1	1
k63_330662	323	1897	1	2
k63_1162251	1	792	1	1
k63_1162251	966	2375	1	2
k63_1162251	2433	3053	1	3
k63_644965	1	1830	-1	1
k63_435820	2	325	-1	1
k63_435820	424	837	-1	2
k63_435820	834	1820	-1	3
k63_435820	1970	2440	1	4
k63_435820	2444	4753	1	5
k63_436015	230	442	1	1
k63_436015	561	1073	1	2
k63_436015	1230	2000	-1	3
k63_645333	74	1426	-1	1
k63_645333	1496	1675	-1	2
k63_645344	3	557	1	1
k63_645344	758	1630	-1	2
k63_229472	3	1727	1	1
k63_541197	1	687	-1	1
k63_541197	902	1378	-1	2
k63_541197	1415	1615	-1	3
k63_852090	531	1388	1	1
k63_852090	1861	1947	-1	2
k63_1266339	1	207	1	1
k63_1266339	200	601	1	2
k63_1266339	632	1615	-1	3
k63_747978	274	1404	-1	1
k63_747978	1448	2848	-1	2
k63_747978	3002	3271	-1	3
k63_747978	3326	3883	-1	4
k63_1060014	3	2147	-1	1
k63_1060144	3	389	-1	1
k63_1060144	579	1031	-1	2
k63_1060144	1114	1503	-1	3
k63_1267033	1	3378	-1	1
k63_748628	3	800	1	1
k63_748628	811	2121	1	2
k63_748628	2260	3321	1	3
k63_748628	3497	4066	1	4
k63_748628	4068	4172	1	5
k63_957137	2	2401	-1	1
k63_957137	2528	2863	-1	2
k63_333075	3	305	-1	1
k63_333075	594	2036	-1	2
k63_957328	2	391	-1	1
k63_957328	451	786	-1	2
k63_957328	779	1000	-1	3
k63_957328	1120	1632	-1	4
k63_957328	2063	2467	1	5
k63_957328	2572	3060	1	6
k63_1267378	3	62	-1	1
k63_1267378	224	1633	-1	2
k63_333298	294	557	-1	1
k63_333298	675	1562	-1	2
k63_21634	3	845	1	1
k63_21634	929	2791	1	2
k63_21634	3454	3639	-1	3
k63_1267579	303	1448	1	1
k63_1267579	1606	1755	1	2
k63_749142	3	356	-1	1
k63_749142	359	1594	-1	2
k63_749142	1596	3077	-1	3
k63_749142	3074	3892	-1	4
k63_749142	4089	5549	-1	5
k63_749142	6057	6923	1	6
k63_1165269	1	552	1	1
k63_1165269	682	1071	1	2
k63_1165269	1212	2003	-1	3
k63_853620	3	281	1	1
k63_853620	281	916	1	2
k63_853620	975	1652	-1	3
k63_853620	1693	2391	-1	4
k63_648185	3	1334	1	1
k63_648185	1385	1573	1	2
k63_648185	1713	2324	1	3
k63_648185	2423	2500	-1	4
k63_334038	1	1125	1	1
k63_334038	1200	1781	1	2
k63_749738	80	328	1	1
k63_749738	704	3862	1	2
k63_648682	1	936	-1	1
k63_648682	1093	1893	-1	2
k63_648682	1906	2112	-1	3
k63_648682	2183	2449	-1	4
k63_750210	2	334	1	1
k63_750210	601	1707	1	2
k63_750210	1785	2135	1	3
k63_750210	2163	2309	1	4
k63_440481	289	1893	-1	1
k63_440481	1900	2346	-1	2
k63_1269435	1	1875	1	1
k63_855209	1	981	-1	1
k63_855209	1127	1915	-1	2
k63_750821	1	2415	-1	1
k63_750821	2689	3873	1	2
k63_855273	260	703	-1	1
k63_855273	952	2499	-1	2
k63_751039	163	678	-1	1
k63_751039	715	1203	-1	2
k63_751039	1240	1791	-1	3
k63_751039	2141	2692	1	4
k63_751039	2776	3018	1	5
k63_751039	3018	3494	1	6
k63_1478855	1	414	-1	1
k63_1478855	468	1148	-1	2
k63_1063111	477	659	-1	1
k63_1063111	768	1691	1	2
k63_1063111	1737	1946	1	3
k63_751547	1	372	-1	1
k63_751547	444	1694	-1	2
k63_751547	2109	3233	1	3
k63_751547	3670	4287	1	4
k63_751547	4377	4997	1	5
k63_1479249	1	1239	1	1
k63_1479249	1242	2096	1	2
k63_1479249	2253	2525	1	3
k63_1479368	3	548	1	1
k63_1479368	718	1749	-1	2
k63_856421	273	2324	-1	1
k63_856421	2664	2885	1	2
k63_1063914	3	143	1	1
k63_1063914	617	955	1	2
k63_1063914	980	1243	1	3
k63_1063914	1271	1798	1	4
k63_24686	1	972	1	1
k63_24686	1026	1340	1	2
k63_24686	1362	1601	1	3
k63_24686	1693	1887	-1	4
k63_1376419	157	1521	1	1
k63_1270978	3	1211	-1	1
k63_1270978	1389	3887	-1	2
k63_752210	2	187	1	1
k63_752210	154	411	1	2
k63_752210	456	803	1	3
k63_752210	986	1939	1	4
k63_337043	1	246	1	1
k63_337043	233	685	-1	2
k63_337043	732	1502	-1	3
k63_337043	1503	2054	-1	4
k63_337043	2096	2242	-1	5
k63_442357	3	557	-1	1
k63_442357	676	1584	-1	2
k63_1376968	2	1294	1	1
k63_1376968	1420	2397	-1	2
k63_337534	1	747	-1	1
k63_337534	1084	1521	1	2
k63_25803	3	539	-1	1
k63_25803	877	1701	1	2
k63_25803	1859	2089	-1	3
k63_442928	1	978	-1	1
k63_442928	1472	2188	1	2
k63_753326	1	792	1	1
k63_753326	1193	1450	-1	2
k63_753326	1484	1918	-1	3
k63_132453	3	251	1	1
k63_132453	282	1205	1	2
k63_132453	1288	1554	-1	3
k63_443553	99	1139	1	1
k63_443553	1369	1551	-1	2
k63_652718	1	1656	-1	1
k63_652718	1946	3625	-1	2
k63_236548	1	921	-1	1
k63_236548	1074	1340	-1	2
k63_236548	1831	2157	1	3
k63_236548	2270	2989	-1	4
k63_1378214	65	715	-1	1
k63_1378214	1124	1378	-1	2
k63_1378214	1630	3498	-1	3
k63_1481835	3	110	-1	1
k63_1481835	52	1902	-1	2
k63_1481835	2316	3134	1	3
k63_1481835	3264	3407	-1	4
k63_1273047	1	90	-1	1
k63_1273047	705	1976	1	2
k63_858905	2	1774	1	1
k63_858905	1829	2386	1	2
k63_133496	1	1089	1	1
k63_133496	1216	1560	1	2
k63_133496	1744	1974	-1	3
k63_133496	2113	2490	1	4
k63_859065	1	117	1	1
k63_859065	121	384	1	2
k63_859065	645	872	1	3
k63_859065	1122	1766	1	4
k63_1066576	1	144	1	1
k63_1066576	469	1038	1	2
k63_1066576	1053	1235	1	3
k63_1066576	1322	2278	1	4
k63_1066576	2382	2816	1	5
k63_1066576	2821	3081	1	6
k63_1066576	3426	3947	1	7
k63_754273	3	920	-1	1
k63_754273	1064	1687	1	2
k63_134257	1	459	-1	1
k63_134257	459	1610	-1	2
k63_548813	2	157	-1	1
k63_548813	782	1207	1	2
k63_548813	1250	1498	-1	3
k63_1482898	3	116	1	1
k63_1482898	175	1383	1	2
k63_1482898	1471	1707	-1	3
k63_1482915	38	628	1	1
k63_1482915	638	1066	1	2
k63_1482915	1074	1790	1	3
k63_28278	72	848	1	1
k63_28278	968	1807	1	2
k63_754993	3	1574	1	1
k63_754993	1728	2006	1	2
k63_755101	1	288	-1	1
k63_755101	421	1308	-1	2
k63_755235	3	1091	-1	1
k63_755235	1307	1513	1	2
k63_1172160	3	551	-1	1
k63_1172160	585	1304	-1	2
k63_1172160	1325	1615	-1	3
k63_1067895	1	537	-1	1
k63_1067895	744	1814	-1	2
k63_1172354	2	943	1	1
k63_1172354	1006	1989	-1	2
k63_1172354	1998	2291	-1	3
k63_445574	2	220	1	1
k63_445574	440	1036	1	2
k63_445574	1220	1504	1	3
k63_445574	1606	1920	1	4
k63_1483628	1	204	-1	1
k63_1483628	410	3016	1	2
k63_1483628	3080	3502	1	3
k63_1483628	3577	3762	-1	4
k63_549717	2	1834	1	1
k63_340943	3	866	1	1
k63_340943	1073	2032	1	2
k63_340943	2075	2311	1	3
k63_238822	1	2550	-1	1
k63_238822	2635	3765	-1	2
k63_238822	3762	4697	-1	3
k63_238822	4694	5176	-1	4
k63_1380570	108	1043	1	1
k63_1380570	1052	1723	1	2
k63_1380708	2	139	1	1
k63_1380708	272	1354	-1	2
k63_341225	2	166	-1	1
k63_341225	417	1301	-1	2
k63_655522	2	358	1	1
k63_655522	462	1478	-1	2
k63_655522	1560	2273	-1	3
k63_655522	2671	3000	-1	4
k63_756681	215	2485	1	1
k63_756681	2764	3459	-1	2
k63_756681	3905	4021	1	3
k63_1381320	3	278	-1	1
k63_1381320	578	1402	1	2
k63_1381320	1532	2173	1	3
k63_447055	2	355	1	1
k63_447055	485	1762	1	2
k63_966274	73	267	-1	1
k63_966274	518	1306	1	2
k63_966274	1269	1454	1	3
k63_966274	1427	1615	1	4
k63_966274	1891	2133	-1	5
k63_966274	2355	2717	1	6
k63_342136	521	1600	1	1
k63_342136	1773	1991	-1	2
k63_1276557	136	1617	-1	1
k63_1276558	685	1926	-1	1
k63_1276558	1929	2222	-1	2
k63_1069691	78	638	-1	1
k63_1069691	930	1409	1	2
k63_1069691	1406	1876	1	3
k63_31269	1	825	1	1
k63_31269	863	1918	-1	2
k63_447950	371	1462	1	1
k63_447950	1574	2518	1	2
k63_862767	168	617	1	1
k63_862767	654	1700	1	2
k63_862832	3	224	1	1
k63_862832	364	1182	1	2
k63_862832	1570	2412	1	3
k63_862832	2559	3317	1	4
k63_657707	1	489	1	1
k63_657707	574	1188	1	2
k63_657707	1695	2915	1	3
k63_657707	2896	3945	1	4
k63_658049	3	1445	-1	1
k63_658049	1502	1726	-1	2
k63_344277	1	180	1	1
k63_344277	348	1217	-1	2
k63_344277	1371	1919	-1	3
k63_658952	1	879	-1	1
k63_658952	945	1661	-1	2
k63_659058	372	1349	1	1
k63_659058	1665	2465	1	2
k63_450110	3	563	-1	1
k63_450110	675	1094	-1	2
k63_450110	1278	1571	-1	3
k63_1177025	3	233	-1	1
k63_1177025	287	1225	-1	2
k63_1177025	1339	2967	-1	3
k63_1177025	3024	3356	-1	4
k63_1177100	46	1656	1	1
k63_345216	9	2291	-1	1
k63_345216	2306	2782	-1	2
k63_345216	2785	3663	-1	3
k63_345216	3896	4198	1	4
k63_1385165	208	651	-1	1
k63_1385165	860	1549	-1	2
k63_1385165	1574	1990	-1	3
k63_969543	43	1848	-1	1
k63_345474	92	748	-1	1
k63_345474	859	1899	-1	2
k63_345474	2378	4576	-1	3
k63_1488627	595	783	1	1
k63_1488627	847	1155	1	2
k63_1488627	1304	2149	-1	3
k63_1488627	2234	3274	-1	4
k63_1488627	3321	4238	-1	5
k63_1488627	4444	4851	-1	6
k63_865269	1	441	1	1
k63_865269	583	1521	1	2
k63_865269	1806	2312	-1	3
k63_865269	2578	3069	-1	4
k63_865269	3118	4314	-1	5
k63_865269	4657	5547	1	6
k63_1279890	133	1425	-1	1
k63_1279890	1933	2265	-1	2
k63_865777	1	816	-1	1
k63_865777	813	1016	-1	2
k63_865777	1588	2154	1	3
k63_970410	3	335	-1	1
k63_970410	424	1149	-1	2
k63_970410	1177	1746	-1	3
k63_970410	1864	2067	-1	4
k63_451199	95	976	-1	1
k63_451199	976	1923	-1	2
k63_451199	1925	2362	-1	3
k63_761053	1	1044	1	1
k63_761053	1227	1520	-1	2
k63_970890	122	1468	-1	1
k63_970890	1471	1653	-1	2
k63_346662	19	1092	-1	1
k63_346662	1082	1756	-1	2
k63_346662	1758	2114	-1	3
k63_1489991	165	1430	-1	1
k63_761562	3	569	1	1
k63_761562	583	993	1	2
k63_761562	1041	1433	1	3
k63_761562	1646	1912	-1	4
k63_1178779	3	764	-1	1
k63_1178779	766	954	-1	2
k63_1178779	1252	1878	1	3
k63_1178779	1982	3058	-1	4
k63_142145	3	224	1	1
k63_142145	228	986	1	2
k63_142145	973	2343	1	3
k63_142145	2406	3497	1	4
k63_142145	3502	3924	1	5
k63_1178917	1	567	1	1
k63_1178917	606	1814	1	2
k63_244901	166	873	1	1
k63_244901	920	1792	1	2
k63_1490626	1	87	1	1
k63_1490626	84	575	1	2
k63_1490626	730	1671	-1	3
k63_347549	70	582	1	1
k63_347549	977	1894	-1	2
k63_347549	1914	2279	-1	3
k63_347549	2588	2776	1	4
k63_36491	3	1376	-1	1
k63_142923	2	289	1	1
k63_142923	1206	2720	1	2
k63_557002	339	740	1	1
k63_557002	857	1144	-1	2
k63_557002	1647	2054	1	3
k63_245903	1	258	1	1
k63_245903	707	1204	-1	2
k63_763110	181	2757	1	1
k63_763110	2744	3256	1	2
k63_763110	3622	3834	1	3
k63_972802	2	667	-1	1
k63_972802	816	1454	-1	2
k63_972802	1456	1680	-1	3
k63_1282757	2	643	1	1
k63_1282757	774	1658	1	2
k63_1282757	1655	3082	1	3
k63_1282757	3069	4076	1	4
k63_1282757	4412	5977	1	5
k63_1282757	5995	6783	1	6
k63_973148	3	608	-1	1
k63_973148	772	1488	-1	2
k63_973148	1592	1960	-1	3
k63_1180566	475	1416	1	1
k63_1492184	2	1132	1	1
k63_1492184	1236	1535	1	2
k63_144001	2	112	-1	1
k63_144001	122	970	-1	2
k63_144001	975	1700	-1	3
k63_144001	1705	1896	-1	4
k63_246715	451	1773	1	1
k63_1388825	1	912	1	1
k63_1388825	1117	2364	1	2
k63_1388825	2504	2887	1	3
k63_1389134	1	231	1	1
k63_1389134	234	557	1	2
k63_1389134	735	1607	1	3
k63_144463	1	771	-1	1
k63_144463	1226	1633	-1	2
k63_38345	1	1278	1	1
k63_38345	1366	2262	1	2
k63_38345	2358	2522	1	3
k63_559176	1	333	-1	1
k63_559176	474	2426	-1	2
k63_764786	1	1452	1	1
k63_1077704	463	1641	1	1
k63_870082	15	1205	1	1
k63_870082	1591	2514	1	2
k63_870082	2980	3399	1	3
k63_870082	3387	3839	1	4
k63_870082	4147	4353	1	5
k63_870082	4292	4690	1	6
k63_870082	4880	5704	1	7
k63_1390168	514	1908	1	1
k63_1390168	2135	3274	-1	2
k63_1390168	3509	3859	1	3
k63_1182487	1	807	1	1
k63_1182487	921	1634	-1	2
k63_1391050	56	700	-1	1
k63_1391050	1180	2136	1	2
k63_1183142	2	733	-1	1
k63_1183142	735	1796	-1	2
k63_1183142	1796	2299	-1	3
k63_870883	3	227	1	1
k63_870883	263	901	1	2
k63_870883	1136	1267	-1	3
k63_870883	1427	2803	-1	4
k63_870883	3049	4065	-1	5
k63_766055	1	300	1	1
k63_766055	446	2065	1	2
k63_766055	2217	2948	1	3
k63_870946	3	230	1	1
k63_870946	326	859	1	2
k63_870946	887	1861	1	3
k63_1078848	2	232	-1	1
k63_1078848	238	462	1	2
k63_1078848	352	1050	-1	3
k63_1078848	1192	1980	-1	4
k63_1078848	1977	2114	-1	5
k63_560743	837	1328	1	1
k63_560743	1433	1888	-1	2
k63_560743	1885	3030	-1	3
k63_351659	1	1131	-1	1
k63_351659	1528	2067	1	2
k63_351659	2118	2357	-1	3
k63_1079389	35	217	1	1
k63_1079389	416	874	1	2
k63_1079389	931	1365	1	3
k63_1079389	1742	1957	1	4
k63_1392011	1	267	1	1
k63_1392011	719	1066	1	2
k63_1392011	1171	1554	-1	3
k63_250000	2	1009	1	1
k63_250000	1269	2789	-1	2
k63_250000	2797	3462	-1	3
k63_976674	2	1144	-1	1
k63_976674	1203	2378	-1	2
k63_976674	2588	2737	1	3
k63_456902	156	470	1	1
k63_456902	527	1378	1	2
k63_456902	1207	1728	-1	3
k63_147556	3	1922	-1	1
k63_147556	2081	2431	-1	2
k63_147737	3	647	1	1
k63_147737	849	2093	1	2
k63_147737	2405	3016	1	3
k63_667622	1	270	1	1
k63_667622	251	1267	1	2
k63_667622	1343	1834	1	3
k63_1080335	39	248	1	1
k63_1080335	377	1459	1	2
k63_1496684	2	1348	-1	1
k63_1393394	3	701	1	1
k63_1393394	729	1046	1	2
k63_1393394	947	1534	-1	3
k63_251293	2	409	1	1
k63_251293	512	1681	1	2
k63_251293	1893	2312	1	3
k63_251293	2519	3739	1	4
k63_1497051	44	949	-1	1
k63_1497051	949	1560	-1	2
k63_1497051	1752	2462	-1	3
k63_1497051	2658	3323	-1	4
k63_1080954	1	1095	1	1
k63_1080954	1096	1782	1	2
k63_1080954	1742	3133	1	3
k63_1497380	2	787	-1	1
k63_1497380	1042	1428	1	2
k63_1497380	1425	1808	1	3
k63_458671	3	773	-1	1
k63_458671	867	2051	-1	2
k63_1186400	2	415	-1	1
k63_1186400	449	1309	-1	2
k63_1186400	1405	2076	-1	3
k63_1497928	1	369	-1	1
k63_1497928	579	1457	1	2
k63_1497928	1531	2520	1	3
k63_354499	1	126	1	1
k63_354499	367	1188	1	2
k63_354499	1445	1783	1	3
k63_354499	1884	2219	1	4
k63_354499	2273	2800	-1	5
k63_563976	1	816	1	1
k63_563976	980	1597	1	2
k63_1081987	3	1280	1	1
k63_1081987	1277	1891	1	2
k63_1081987	1923	2390	1	3
k63_1288397	1	138	1	1
k63_1288397	303	923	1	2
k63_1288397	1055	1741	-1	3
k63_1082296	178	1557	1	1
k63_1082296	1667	2407	1	2
k63_253171	2	2491	-1	1
k63_43384	2	523	-1	1
k63_43384	994	1977	1	2
k63_253407	1	1395	-1	1
k63_253407	1521	2477	-1	2
k63_253407	2477	3364	-1	3
k63_253407	3386	3646	-1	4
k63_460163	1	111	-1	1
k63_460163	132	500	-1	2
k63_460163	626	1483	-1	3
k63_460163	1678	2055	-1	4
k63_1187951	1	1080	-1	1
k63_1187951	1077	1457	-1	2
k63_1187951	1557	2438	-1	3
k63_1187951	2659	3261	1	4
k63_1187951	3506	3790	-1	5
k63_1187951	3871	4962	-1	6
k63_1187951	5017	6198	-1	7
k63_1187951	6396	6857	-1	8
k63_1499493	1	312	-1	1
k63_1499493	299	1360	-1	2
k63_1499493	1553	1666	-1	3
k63_1396046	2	1525	1	1
k63_1396046	1779	2870	1	2
k63_1396046	3103	4776	1	3
k63_1396046	5009	5410	-1	4
k63_1396046	5532	5951	-1	5
k63_1499726	1	636	-1	1
k63_1499726	970	1929	-1	2
k63_1499726	2203	2481	1	3
k63_1499726	2764	3705	-1	4
k63_1499726	3896	4417	-1	5
k63_671108	43	1260	-1	1
k63_671108	1263	2312	-1	2
k63_356150	3	485	-1	1
k63_356150	642	1631	-1	2
k63_356150	1761	2543	-1	3
k63_356150	2664	3731	-1	4
k63_876112	259	867	-1	1
k63_876112	1167	1874	1	2
k63_876112	1867	2421	1	3
k63_876112	2671	3450	-1	4
k63_876112	3751	4689	-1	5
k63_1290079	1	540	1	1
k63_1290079	640	918	1	2
k63_1290079	1036	1581	1	3
k63_1290079	1598	1849	-1	4
k63_152120	2	601	-1	1
k63_152120	668	1438	-1	2
k63_152120	1718	2404	-1	3
k63_152120	2757	3704	-1	4
k63_356437	1	357	1	1
k63_356437	451	1371	1	2
k63_356437	1507	2661	1	3
k63_356437	2780	2968	1	4
k63_356437	2997	3473	-1	5
k63_356437	3482	4405	-1	6
k63_44768	3	182	1	1
k63_44768	731	1120	1	2
k63_44768	1521	1769	1	3
k63_1083779	3	260	1	1
k63_1083779	644	1846	1	2
k63_876437	3	182	-1	1
k63_876437	219	830	-1	2
k63_876437	827	1387	-1	3
k63_876437	1403	1996	-1	4
k63_1290724	2	763	-1	1
k63_1290724	941	1654	-1	2
k63_876834	3	116	-1	1
k63_876834	265	705	-1	2
k63_876834	1065	1847	-1	3
k63_876834	1908	2522	-1	4
k63_876834	2679	2978	-1	5
k63_876834	2975	3304	-1	6
k63_1084475	3	266	-1	1
k63_1084475	324	1496	-1	2
k63_46105	1	171	1	1
k63_46105	174	863	1	2
k63_46105	876	1658	1	3
k63_46105	1822	2178	1	4
k63_46105	2383	2832	1	5
k63_567375	1	1344	-1	1
k63_567375	1471	1674	-1	2
k63_567375	1744	2040	-1	3
k63_46230	2	418	1	1
k63_46230	572	1576	1	2
k63_878223	3	1049	-1	1
k63_878223	1134	2759	-1	2
k63_878223	2763	3224	-1	3
k63_568096	3	473	-1	1
k63_568096	521	1483	-1	2
k63_568096	1540	1995	-1	3
k63_568314	2	190	1	1
k63_568314	382	1188	-1	2
k63_568314	1549	1869	1	3
k63_568314	1866	2564	1	4
k63_568314	2557	3033	-1	5
k63_1086160	3	365	1	1
k63_1086160	1008	1547	-1	2
k63_1191854	214	825	1	1
k63_1191854	1093	1488	1	2
k63_1086541	3	1769	-1	1
k63_569365	88	342	1	1
k63_569365	499	1428	1	2
k63_569365	1547	1738	1	3
k63_257712	343	978	-1	1
k63_257712	1124	2497	-1	2
k63_257712	2494	2886	-1	3
k63_360376	237	1232	1	1
k63_360376	1381	1968	-1	2
k63_775944	313	1323	1	1
k63_775944	1320	2324	1	2
k63_775944	2402	2869	-1	3
k63_1088004	1	330	1	1
k63_1088004	620	2464	1	2
k63_49300	2	961	-1	1
k63_49300	954	2093	-1	2
k63_1088255	3	326	-1	1
k63_1088255	391	1635	-1	2
k63_987517	2	625	1	1
k63_987517	606	1529	1	2
k63_987517	1559	2230	-1	3
k63_777585	1	633	1	1
k63_777585	635	1480	1	2
k63_777585	1501	1968	1	3
k63_260427	3	368	1	1
k63_260427	476	1279	1	2
k63_260427	1272	2711	1	3
k63_158818	105	617	1	1
k63_158818	645	3242	-1	2
k63_1296271	2	595	-1	1
k63_1296271	624	1688	-1	2
k63_261165	66	1523	1	1
k63_261165	1708	3093	1	2
k63_363162	2	1165	1	1
k63_363162	1173	2888	1	2
k63_52473	1	2154	-1	1
k63_363819	72	1151	1	1
k63_363819	1249	1647	1	2
k63_1197153	3	341	-1	1
k63_1197153	705	1556	1	2
k63_1197153	1804	2451	-1	3
k63_574335	1	516	-1	1
k63_574335	665	784	-1	2
k63_574335	900	1457	-1	3
k63_574335	1462	1647	-1	4
k63_989845	2	223	-1	1
k63_989845	689	1879	1	2
k63_1298106	221	775	1	1
k63_1298106	831	1502	-1	2
k63_885041	2	682	1	1
k63_885041	732	1577	1	2
k63_885364	3	1643	-1	1
k63_680804	87	1952	-1	1
k63_54121	3	101	1	1
k63_54121	282	1310	1	2
k63_54121	1605	2186	1	3
k63_54121	2312	2422	1	4
k63_1298999	3	122	1	1
k63_1298999	168	515	1	2
k63_1298999	905	1243	1	3
k63_1298999	1340	1624	-1	4
k63_1298999	1641	2309	-1	5
k63_1299148	1	348	1	1
k63_1299148	388	921	1	2
k63_1299148	871	1422	-1	3
k63_1299148	1496	2611	-1	4
k63_1299148	2960	3190	-1	5
k63_1299148	3548	4678	1	6
k63_681554	1	1641	1	1
k63_470936	3	656	-1	1
k63_470936	795	2393	-1	2
k63_1199342	1	1320	1	1
k63_1199342	1562	1699	1	2
k63_1510472	3	134	1	1
k63_1510472	666	1013	-1	2
k63_1510472	1279	2058	1	3
k63_576643	27	983	1	1
k63_576643	1058	1621	1	2
k63_1300732	305	1267	1	1
k63_1300732	1423	1914	1	2
k63_366989	3	923	-1	1
k63_366989	1286	1783	1	2
k63_56131	3	857	1	1
k63_56131	875	1777	-1	2
k63_56131	1943	2416	-1	3
k63_56131	2473	3210	-1	4
k63_56161	1	432	1	1
k63_56161	551	1438	-1	2
k63_56161	1477	2001	-1	3
k63_56161	2244	2381	1	4
k63_56161	2442	2708	1	5
k63_56161	2880	3758	-1	6
k63_56161	4413	5381	1	7
k63_56161	5533	5841	1	8
k63_56161	5980	6789	1	9
k63_56161	6856	7269	-1	10
k63_1511026	1	291	1	1
k63_1511026	405	1307	1	2
k63_1511026	1304	1720	1	3
k63_472136	386	1687	1	1
k63_164137	1	369	1	1
k63_164137	636	1049	1	2
k63_164137	1313	2017	1	3
k63_993067	1	117	-1	1
k63_993067	514	2544	-1	2
k63_993067	2639	3157	-1	3
k63_993067	3205	4092	-1	4
k63_993067	4444	5100	-1	5
k63_367609	3	569	-1	1
k63_367609	566	1255	-1	2
k63_367609	1634	2317	1	3
k63_1301941	3	1481	1	1
k63_1301941	1508	1819	1	2
k63_1301941	1904	2539	1	3
k63_1301941	2555	2884	1	4
k63_1409336	3	533	-1	1
k63_1409336	796	1119	-1	2
k63_1409336	1119	1568	-1	3
k63_57723	1	336	-1	1
k63_57723	314	1552	-1	2
k63_57723	1609	2442	-1	3
k63_684837	1	207	1	1
k63_684837	399	1403	1	2
k63_684837	1473	1574	-1	3
k63_57803	112	981	1	1
k63_57803	983	1750	1	2
k63_1512588	550	810	-1	1
k63_1512588	1238	2068	1	2
k63_1512588	2193	2468	-1	3
k63_579389	2	250	-1	1
k63_579389	632	1144	-1	2
k63_579389	1214	2062	-1	3
k63_785402	309	1175	1	1
k63_1410693	3	155	-1	1
k63_1410693	152	976	-1	2
k63_1410693	1118	1708	-1	3
k63_686366	1	1551	-1	1
k63_686366	1597	1992	-1	2
k63_686366	2052	2525	-1	3
k63_579952	3	662	1	1
k63_579952	666	1934	1	2
k63_579952	1988	2068	1	3
k63_786047	1	759	1	1
k63_786047	1004	1357	1	2
k63_786047	1427	2206	1	3
k63_579985	2	1081	1	1
k63_579985	1204	2664	-1	2
k63_996243	1	1497	-1	1
k63_475490	2	271	1	1
k63_475490	414	878	-1	2
k63_475490	972	1325	-1	3
k63_475490	1696	1881	-1	4
k63_787201	3	1034	-1	1
k63_787201	1544	3262	1	2
k63_787201	3550	5124	1	3
k63_476492	1	429	-1	1
k63_476492	1050	1493	-1	2
k63_476492	1695	2084	-1	3
k63_581999	176	544	1	1
k63_581999	712	1860	-1	2
k63_271408	3	1004	1	1
k63_271408	1085	1462	1	2
k63_271408	1582	1827	-1	3
k63_1516833	512	4138	1	1
k63_1516833	4329	4493	1	2
k63_373883	3	1727	1	1
k63_373883	1772	1993	1	2
k63_691122	117	1208	-1	1
k63_691122	1476	2273	-1	2
k63_1518427	286	1461	1	1
k63_479385	1	171	-1	1
k63_479385	381	1334	1	2
k63_479385	1334	2218	1	3
k63_479385	2223	2834	1	4
k63_1308389	2	613	-1	1
k63_1308389	999	2573	-1	2
k63_1308389	2735	2980	1	3
k63_1102472	3	1469	-1	1
k63_1000703	1	795	1	1
k63_1000703	889	1293	1	2
k63_1000703	1478	2104	-1	3
k63_1000703	2148	2966	-1	4
k63_1000703	2950	3318	-1	5
k63_274850	3	266	-1	1
k63_274850	341	1984	-1	2
k63_274850	2168	3061	-1	3
k63_274850	3058	4359	-1	4
k63_274850	4443	4901	-1	5
k63_1519884	228	2018	1	1
k63_1208609	33	341	-1	1
k63_1208609	450	890	-1	2
k63_1208609	1031	2446	-1	3
k63_1208609	2480	2965	-1	4
k63_1208609	2990	3436	-1	5
k63_1208609	3855	4559	-1	6
k63_792332	1	87	1	1
k63_792332	218	1255	-1	2
k63_792332	1339	1554	-1	3
k63_792332	1672	3051	-1	4
k63_792332	3302	3574	1	5
k63_1520580	1	183	1	1
k63_1520580	213	1247	1	2
k63_1520580	1497	1799	1	3
k63_376559	3	134	-1	1
k63_376559	464	1774	1	2
k63_376559	1867	2316	1	3
k63_376559	2428	3861	-1	4
k63_376559	4319	4699	1	5
k63_376559	4696	4827	1	6
k63_66822	3	1439	-1	1
k63_66822	1436	2359	-1	2
k63_586711	25	324	1	1
k63_586711	314	1417	1	2
k63_586711	1590	2054	-1	3
k63_1520970	270	1319	-1	1
k63_1520970	1367	2311	-1	2
k63_1209722	3	692	-1	1
k63_1209722	723	1652	-1	2
k63_793425	105	413	-1	1
k63_793425	433	1575	-1	2
k63_793425	1686	2186	-1	3
k63_1210386	1	279	-1	1
k63_1210386	381	1109	-1	2
k63_1210386	1197	2411	-1	3
k63_68208	650	1363	-1	1
k63_588821	2	148	1	1
k63_588821	185	646	1	2
k63_588821	972	1124	1	3
k63_588821	1211	1420	1	4
k63_588821	1499	1606	1	5
k63_1006028	3	1250	1	1
k63_1006028	1642	1848	-1	2
k63_279822	3	842	-1	1
k63_279822	1310	2182	-1	2
k63_279822	2925	3764	1	3
k63_697646	1	150	1	1
k63_697646	171	812	-1	2
k63_697646	796	1914	-1	3
k63_901605	1	573	1	1
k63_901605	657	2021	-1	2
k63_901605	2368	2736	1	3
k63_71377	1	840	-1	1
k63_71377	847	1626	-1	2
k63_485248	3	374	-1	1
k63_485248	489	1688	1	2
k63_486197	3	1283	-1	1
k63_486197	1280	1858	-1	2
k63_486197	1944	2741	-1	3
k63_179732	2	190	1	1
k63_179732	335	1336	-1	2
k63_179732	1719	1847	1	3
k63_73877	3	248	1	1
k63_73877	248	883	1	2
k63_73877	896	1546	1	3
k63_73953	3	134	-1	1
k63_73953	267	854	-1	2
k63_73953	854	1294	-1	3
k63_73953	1398	1517	-1	4
k63_1216474	85	858	-1	1
k63_1216474	1241	1477	1	2
k63_1216474	1648	2151	1	3
k63_1216474	2155	2751	1	4
k63_74559	12	296	1	1
k63_74559	313	1143	1	2
k63_74559	1261	1431	1	3
k63_74559	1436	1783	1	4
k63_74559	1787	1966	1	5
k63_800396	2	838	-1	1
k63_800396	1040	1672	-1	2
k63_800780	52	942	-1	1
k63_800780	1106	2056	1	2
k63_800780	2020	2361	1	3
k63_1318013	1	891	-1	1
k63_1318013	1129	1374	1	2
k63_1318013	1455	2762	1	3
k63_595414	3	770	1	1
k63_595414	864	1553	1	2
k63_595414	1588	2157	-1	3
k63_802147	1	1437	1	1
k63_802147	1689	1769	1	2
k63_385783	462	821	-1	1
k63_385783	1030	3006	1	2
k63_385783	3336	3698	1	3
k63_490738	3	491	-1	1
k63_490738	551	949	-1	2
k63_490738	1568	2320	-1	3
k63_490738	2436	3326	-1	4
k63_286408	1	1890	1	1
k63_1321741	1	591	-1	1
k63_1321741	664	1632	-1	2
k63_80291	3	407	-1	1
k63_80291	702	1508	1	2
k63_706549	3	173	-1	1
k63_706549	186	2150	-1	2
k63_910370	109	1395	1	1
k63_910370	1367	2704	1	2
k63_806085	182	1303	-1	1
k63_806085	1306	2325	-1	2
k63_806085	2385	3527	1	3
k63_806085	3659	4285	1	4
k63_1016198	106	438	1	1
k63_1016198	478	795	1	2
k63_1016198	832	1788	-1	3
k63_707041	170	1921	1	1
k63_707041	1973	2926	1	2
k63_707722	3	1076	-1	1
k63_707722	1429	1911	-1	2
k63_707722	2068	2307	-1	3
k63_707722	2334	2708	1	4
k63_707722	2733	2801	1	5
k63_1534922	263	1447	1	1
k63_390586	3	452	1	1
k63_390586	503	1147	1	2
k63_390586	1144	1524	1	3
k63_390586	1772	1942	-1	4
k63_83106	287	1522	-1	1
k63_1433645	186	995	-1	1
k63_1433645	1513	1680	1	2
k63_1433645	1800	2867	-1	3
k63_1434100	68	481	1	1
k63_1434100	584	1903	-1	2
k63_391961	3	971	-1	1
k63_391961	1348	2754	1	2
k63_391961	2870	3229	1	3
k63_496811	390	1448	-1	1
k63_190409	1	1068	1	1
k63_190409	1156	1728	1	2
k63_190409	1741	2358	1	3
k63_498934	365	1615	1	1
k63_498934	1912	2952	1	2
k63_498934	2945	3073	1	3
k63_811923	1	1077	1	1
k63_811923	1403	1636	1	2
k63_813014	1	990	-1	1
k63_813014	1305	2357	-1	2
k63_715133	82	1854	-1	1
k63_715133	1891	2202	-1	2
k63_715735	1	69	1	1
k63_715735	188	1951	1	2
k63_715735	2006	3253	1	3
k63_919914	85	876	-1	1
k63_919914	1140	1724	-1	2
k63_816701	2	1165	-1	1
k63_816701	1226	1660	-1	2
k63_299280	3	257	-1	1
k63_299280	350	625	-1	2
k63_299280	657	1079	-1	3
k63_299280	1089	1505	-1	4
k63_299280	1601	1987	-1	5
k63_1442219	2	175	-1	1
k63_1442219	901	1947	1	2
k63_1442219	2357	2728	1	3
k63_92722	2	1870	-1	1
k63_399871	3	62	-1	1
k63_399871	121	984	-1	2
k63_399871	1171	1500	-1	3
k63_719256	2	181	1	1
k63_719256	349	1065	1	2
k63_719256	1193	1792	1	3
k63_719256	1803	2210	1	4
k63_400428	3	995	1	1
k63_400428	1443	2006	1	2
k63_201490	1	324	1	1
k63_201490	423	2015	1	2
k63_820413	1	600	-1	1
k63_820413	758	1888	-1	2
k63_1133536	2	223	-1	1
k63_1133536	252	1055	-1	2
k63_1133536	1280	1876	1	3
k63_614165	3	506	-1	1
k63_614165	503	2023	-1	2
k63_614165	2010	2363	-1	3
k63_1337287	2	307	1	1
k63_1337287	319	1107	1	2
k63_1337287	1238	1543	1	3
k63_1337287	1583	1816	-1	4
k63_1550044	193	1251	1	1
k63_1550044	1346	2326	1	2
k63_1339098	140	1000	-1	1
k63_1339098	1254	1781	1	2
k63_1448949	3	797	1	1
k63_1448949	794	1276	-1	2
k63_1448949	1287	1547	-1	3
k63_618250	2	1648	-1	1
k63_618250	1867	2073	-1	2
k63_206441	119	841	-1	1
k63_206441	869	1528	-1	2
k63_206441	1554	1808	-1	3
k63_102653	1	105	-1	1
k63_102653	310	1644	-1	2
k63_102653	1704	2528	-1	3
k63_102863	1	1035	-1	1
k63_102863	1084	1629	-1	2
k63_102863	1637	2143	-1	3
k63_102863	2148	2399	-1	4
k63_102863	2632	2751	-1	5
k63_515709	1	600	1	1
k63_515709	630	809	1	2
k63_515709	969	1073	1	3
k63_411023	411	1424	1	1
k63_411023	1465	1707	-1	2
k63_411023	1738	2073	-1	3
k63_411023	2070	2213	-1	4
k63_934392	3	248	-1	1
k63_934392	344	1714	-1	2
k63_413199	137	247	1	1
k63_413199	299	1858	1	2
