Contig	Start	End	Strand	Pos
k63_772932	68	418	-1	1
k63_772932	435	2177	-1	2
k63_772932	2167	2433	-1	3
k63_772986	199	1092	-1	1
k63_772986	1289	2473	1	2
k63_772986	2537	2803	1	3
k63_772986	2917	3540	1	4
k63_96912	105	437	1	1
k63_96912	552	1661	-1	2
k63_96912	2007	3458	-1	3
k63_96912	3748	5019	1	4
k63_96912	5293	5400	1	5
k63_869711	1277	2761	1	1
k63_869711	2758	5349	1	2
k63_193648	874	4461	1	1
k63_1159694	273	527	1	1
k63_1159694	527	931	1	2
k63_1159694	950	2107	-1	3
k63_649	54	1376	1	1
k63_649	1660	1743	1	2
k63_483868	2	715	1	1
k63_483868	1194	1766	1	2
k63_870208	322	1692	1	1
k63_870208	1692	2417	1	2
k63_870208	3054	3869	1	3
k63_967135	223	765	1	1
k63_967135	908	1153	1	2
k63_967135	1147	1596	1	3
k63_967135	1800	3056	1	4
k63_967135	3179	3883	1	5
k63_967135	4136	4975	-1	6
k63_967135	5154	7496	1	7
k63_967135	7493	8023	1	8
k63_967135	8020	10071	1	9
k63_580923	3	623	-1	1
k63_580923	668	763	-1	2
k63_580923	1096	2154	1	3
k63_580923	2271	3383	1	4
k63_580923	3395	5155	1	5
k63_580923	5044	5289	-1	6
k63_194141	262	1281	1	1
k63_194141	1278	2084	1	2
k63_194141	2095	2514	1	3
k63_194141	2511	2915	1	4
k63_194141	3096	3488	-1	5
k63_194141	3490	3759	-1	6
k63_194141	3774	4034	1	7
k63_194141	4056	4478	1	8
k63_194141	4504	4743	1	9
k63_194141	5216	5863	-1	10
k63_194143	75	506	-1	1
k63_194143	580	1017	1	2
k63_194143	1064	3502	-1	3
k63_97769	1	318	1	1
k63_97769	297	1619	-1	2
k63_967382	2	94	1	1
k63_967382	290	517	-1	2
k63_967382	581	1246	-1	3
k63_967382	1273	2763	-1	4
k63_967382	2839	3021	-1	5
k63_1256760	2	91	1	1
k63_1256760	326	1213	-1	2
k63_1256760	1384	2265	-1	3
k63_1256760	2411	2503	1	4
k63_967569	2	1504	-1	1
k63_870866	407	1786	1	1
k63_870866	2141	4873	1	2
k63_870866	4908	5849	1	3
k63_870866	5852	6370	1	4
k63_870866	6367	6882	1	5
k63_870866	6885	7196	1	6
k63_870866	7213	7659	1	7
k63_870895	1	4815	-1	1
k63_97991	194	1591	-1	1
k63_97991	1689	3011	-1	2
k63_97991	3032	3844	-1	3
k63_97991	4072	4989	-1	4
k63_1664	140	1345	1	1
k63_1664	1349	2590	1	2
k63_1664	2613	3371	1	3
k63_194632	114	2447	1	1
k63_871317	263	1792	1	1
k63_871317	1826	2854	1	2
k63_871317	2953	3081	1	3
k63_871317	3386	4360	1	4
k63_871317	4695	7862	1	5
k63_871317	8119	8916	-1	6
k63_871317	8934	10133	-1	7
k63_871317	10130	10300	-1	8
k63_871317	10302	10526	-1	9
k63_871317	10669	11919	-1	10
k63_871317	12092	12685	1	11
k63_871317	12929	14335	-1	12
k63_871317	14411	15886	-1	13
k63_871317	16161	17324	1	14
k63_871317	17321	18544	1	15
k63_871317	18600	21113	-1	16
k63_871317	21268	23610	1	17
k63_1065398	3	482	1	1
k63_1065398	548	1609	-1	2
k63_1065398	1869	2825	-1	3
k63_1065398	2810	4738	-1	4
k63_1065398	4735	5256	-1	5
k63_1065398	5253	5576	-1	6
k63_1065398	5694	6527	-1	7
k63_1065398	6524	8635	-1	8
k63_1065398	8586	9041	-1	9
k63_1065398	9136	9702	1	10
k63_1065398	9860	12604	1	11
k63_1065398	12732	13673	1	12
k63_1065398	13681	14877	1	13
k63_968105	1	1284	-1	1
k63_968105	1281	1985	-1	2
k63_968105	2106	2492	1	3
k63_968105	2992	3252	-1	4
k63_968105	3450	4841	1	5
k63_968105	4863	6869	1	6
k63_968105	6880	7221	1	7
k63_968105	7259	8008	1	8
k63_968105	8358	9002	1	9
k63_968105	9280	10098	1	10
k63_292307	56	1018	-1	1
k63_292307	1505	4366	1	2
k63_292307	4573	5670	-1	3
k63_292307	5667	6398	-1	4
k63_98499	1	132	1	1
k63_98499	129	1355	1	2
k63_98499	1419	1871	1	3
k63_98499	2125	2982	1	4
k63_98499	3003	3077	-1	5
k63_871383	1	672	1	1
k63_871383	617	1240	-1	2
k63_871383	1244	2167	-1	3
k63_871383	2167	2955	-1	4
k63_2028	239	3370	1	1
k63_389166	107	370	1	1
k63_389166	387	761	-1	2
k63_389166	768	926	-1	3
k63_389166	1553	1807	1	4
k63_389166	1829	2062	-1	5
k63_1065562	75	1331	1	1
k63_1065562	1328	2272	1	2
k63_1065562	2265	3260	1	3
k63_1065562	3319	3417	-1	4
k63_2129	2	493	-1	1
k63_2129	839	1894	-1	2
k63_2129	1884	1979	-1	3
k63_2129	2091	3254	-1	4
k63_2129	3396	3650	-1	5
k63_678755	1	2811	-1	1
k63_678755	3524	3775	1	2
k63_389370	3	245	1	1
k63_389370	211	462	-1	2
k63_389370	411	1685	-1	3
k63_389370	1693	2487	-1	4
k63_389370	2999	6295	-1	5
k63_485756	156	2363	1	1
k63_485756	2638	3831	1	2
k63_485756	3945	4481	-1	3
k63_485756	4653	5615	1	4
k63_1355055	2	637	-1	1
k63_1355055	717	2747	-1	2
k63_968637	569	1618	-1	1
k63_1257617	2	169	-1	1
k63_1257617	201	1091	-1	2
k63_1257617	1133	1546	-1	3
k63_1257617	1922	2689	-1	4
k63_1257617	3072	3455	1	5
k63_1257617	3463	4272	1	6
k63_1257617	4320	4859	-1	7
k63_1355159	178	828	1	1
k63_1355159	1075	3177	1	2
k63_1355159	3379	4260	1	3
k63_292866	122	643	1	1
k63_292866	736	1884	-1	2
k63_292866	2052	3821	1	3
k63_292866	3814	4530	-1	4
k63_292866	4538	5278	-1	5
k63_292866	5278	6390	-1	6
k63_292866	6509	7069	-1	7
k63_292939	57	1427	-1	1
k63_292939	1495	2124	1	2
k63_292939	2183	2467	1	3
k63_292939	2443	3024	1	4
k63_292939	3121	4590	-1	5
k63_292939	4667	5302	-1	6
k63_292939	5425	6183	-1	7
k63_292939	6491	7318	-1	8
k63_292939	7415	9964	-1	9
k63_292955	71	1786	-1	1
k63_292955	2081	3886	-1	2
k63_292955	3922	4047	-1	3
k63_292994	2	1180	1	1
k63_1257749	3	605	-1	1
k63_1257749	618	2219	-1	2
k63_1257749	2646	3122	1	3
k63_1257749	3119	4051	1	4
k63_1257749	4089	4388	-1	5
k63_1355384	80	706	-1	1
k63_1355384	1096	1395	1	2
k63_1355384	1414	1590	1	3
k63_1355384	1722	2648	1	4
k63_1355384	2689	3615	1	5
k63_1355384	3612	4346	1	6
k63_1355384	4545	4778	1	7
k63_1355384	4842	6056	1	8
k63_1355384	6133	7131	1	9
k63_1355384	7137	7760	1	10
k63_1355384	7757	8653	1	11
k63_1355384	8688	9044	-1	12
k63_1355384	9174	10514	-1	13
k63_1355384	10637	11497	1	14
k63_1355479	64	1104	-1	1
k63_1355479	1246	3663	-1	2
k63_1355479	3669	4523	-1	3
k63_1355479	4737	6026	-1	4
k63_1355479	6179	7054	-1	5
k63_1355479	7240	8208	-1	6
k63_1355479	8352	9200	-1	7
k63_775510	2	274	1	1
k63_775510	1041	1826	-1	2
k63_390045	2	1216	1	1
k63_1161668	57	2330	-1	1
k63_1161668	2489	2887	-1	2
k63_1161668	3079	3462	1	3
k63_1161668	3594	4049	1	4
k63_969008	189	1481	1	1
k63_969008	1469	1924	-1	2
k63_969008	1894	2094	-1	3
k63_969008	2426	3040	-1	4
k63_486497	2	406	1	1
k63_486497	592	735	1	2
k63_486497	855	1727	-1	3
k63_486497	1856	3496	1	4
k63_486497	3727	4077	-1	5
k63_486497	4083	4508	-1	6
k63_486497	4505	4771	-1	7
k63_486497	5199	6713	-1	8
k63_486497	6713	7525	-1	9
k63_1355653	463	1248	1	1
k63_1355653	1498	2091	1	2
k63_1258008	2	208	-1	1
k63_1258008	217	462	-1	2
k63_1258008	477	1814	-1	3
k63_1258008	2097	5039	-1	4
k63_1258008	5178	9701	-1	5
k63_583674	2	94	-1	1
k63_583674	230	763	1	2
k63_583674	1054	2187	1	3
k63_583674	2204	2383	1	4
k63_583674	2569	2943	-1	5
k63_583674	2957	3229	-1	6
k63_583674	3273	5357	-1	7
k63_583674	5354	7264	-1	8
k63_583674	7537	9570	-1	9
k63_583674	9563	11962	-1	10
k63_583674	12512	13144	1	11
k63_583674	13145	14236	-1	12
k63_583674	14283	15176	-1	13
k63_583674	15547	15864	1	14
k63_583674	16243	16512	1	15
k63_583674	16528	17718	1	16
k63_583674	18024	18515	1	17
k63_583674	18636	19334	1	18
k63_583674	19437	20753	1	19
k63_583674	21037	21849	1	20
k63_583674	22037	22534	1	21
k63_583674	22548	22955	1	22
k63_583674	22968	23903	-1	23
k63_583674	23997	24593	1	24
k63_583674	24657	25322	1	25
k63_583674	25342	26217	1	26
k63_583674	26239	27270	-1	27
k63_583674	27326	28366	-1	28
k63_583674	28541	29542	1	29
k63_583674	29575	30282	-1	30
k63_583674	30351	31304	-1	31
k63_583674	31466	32593	1	32
k63_583674	32654	32761	1	33
k63_1161954	3	281	1	1
k63_1161954	235	1485	-1	2
k63_1161954	1478	1702	-1	3
k63_1161954	1890	2216	1	4
k63_775805	283	639	1	1
k63_775805	815	1477	1	2
k63_775805	1470	2120	1	3
k63_775805	2424	2585	1	4
k63_583680	1	354	1	1
k63_583680	455	1408	1	2
k63_583680	1443	2597	-1	3
k63_583680	2842	4095	-1	4
k63_583680	4332	6029	-1	5
k63_583680	6173	9238	-1	6
k63_583680	9333	10490	-1	7
k63_583680	10733	11716	1	8
k63_583680	11984	12421	1	9
k63_583680	12418	13647	1	10
k63_583680	13690	15762	-1	11
k63_583680	15777	17051	-1	12
k63_583680	17203	17493	1	13
k63_583680	17534	18832	1	14
k63_583680	19176	19898	1	15
k63_583680	19931	21526	1	16
k63_583680	21520	22482	-1	17
k63_583680	22492	22683	1	18
k63_583680	22677	22982	-1	19
k63_583680	23018	23830	-1	20
k63_1161970	244	825	-1	1
k63_1161970	1057	1161	1	2
k63_1161970	1164	1520	1	3
k63_1355861	545	2590	1	1
k63_1355861	2723	4000	-1	2
k63_1355861	4141	4704	1	3
k63_1355861	4713	6113	1	4
k63_1355861	6181	7914	-1	5
k63_1355861	8005	9180	1	6
k63_1355861	9204	10337	1	7
k63_1355861	10647	12131	1	8
k63_1355861	12563	12808	-1	9
k63_1355861	12906	13721	1	10
k63_1355861	13733	14698	1	11
k63_1355861	14700	17018	1	12
k63_1355861	17030	18004	1	13
k63_775995	1	540	-1	1
k63_775995	537	1466	-1	2
k63_775995	1532	1753	-1	3
k63_775995	1768	2361	-1	4
k63_390687	1	201	-1	1
k63_390687	458	1441	1	2
k63_390687	1542	5036	1	3
k63_390687	5039	8497	1	4
k63_390687	8558	9646	1	5
k63_390687	9695	12811	1	6
k63_390687	12879	17693	1	7
k63_293839	214	2172	1	1
k63_1067150	58	354	-1	1
k63_1067150	619	1326	1	2
k63_1067150	1377	2465	-1	3
k63_1067150	2567	3583	-1	4
k63_1067150	3601	4092	-1	5
k63_1067150	4092	5870	-1	6
k63_1067150	5971	6054	1	7
k63_100144	94	1086	-1	1
k63_100144	1134	2585	-1	2
k63_100144	2810	4282	-1	3
k63_100144	4279	5739	-1	4
k63_100144	5736	7025	-1	5
k63_776242	1	1272	1	1
k63_776242	1348	2463	1	2
k63_3662	1	165	1	1
k63_3662	448	2028	1	2
k63_3662	2250	2468	1	3
k63_3662	2597	3445	1	4
k63_3662	3497	4654	1	5
k63_3662	4740	8507	1	6
k63_3662	8608	8967	1	7
k63_1356322	3	107	-1	1
k63_1356322	382	1215	-1	2
k63_1356322	1269	1730	1	3
k63_1356322	1960	2868	-1	4
k63_1356322	2856	3437	-1	5
k63_1356322	3689	4756	1	6
k63_1356322	4756	5757	1	7
k63_1356322	5894	6829	1	8
k63_1356322	6970	7341	1	9
k63_1356322	7338	7550	1	10
k63_1356322	8153	8449	1	11
k63_1356322	8446	8823	1	12
k63_1356322	9176	10435	1	13
k63_1356322	10704	12131	1	14
k63_1356322	12194	12592	-1	15
k63_873251	3	1043	-1	1
k63_873251	1330	2046	-1	2
k63_873251	2069	2818	-1	3
k63_873251	3094	4224	-1	4
k63_873251	4240	5058	-1	5
k63_776405	629	790	-1	1
k63_776405	948	2486	-1	2
k63_776429	539	2086	-1	1
k63_776429	2083	3177	-1	2
k63_776429	3264	3923	1	3
k63_776429	3990	5561	1	4
k63_776429	5611	6624	1	5
k63_776429	6621	7556	1	6
k63_776429	7553	8551	1	7
k63_776429	8548	9528	1	8
k63_873615	3	1217	-1	1
k63_873615	1272	1565	-1	2
k63_873615	1586	1864	-1	3
k63_391373	67	1038	1	1
k63_391373	1196	2524	1	2
k63_391373	2527	3525	1	3
k63_391373	3789	5435	1	4
k63_391373	5447	6310	1	5
k63_391373	6307	8739	1	6
k63_391373	8844	9923	1	7
k63_1356743	3	1643	1	1
k63_1356743	1835	3049	-1	2
k63_1356743	3053	3478	-1	3
k63_1356743	3745	4980	1	4
k63_776798	3	1316	1	1
k63_776798	1313	2095	1	2
k63_776798	2343	2660	-1	3
k63_776798	2879	3259	1	4
k63_776798	3256	4338	1	5
k63_776798	4456	4749	-1	6
k63_776798	4952	6211	1	7
k63_776798	6201	7181	1	8
k63_776798	7156	7236	1	9
k63_100855	2	334	-1	1
k63_100855	512	1348	1	2
k63_100855	1345	1920	1	3
k63_1259191	108	2204	-1	1
k63_1259191	2390	2926	-1	2
k63_1259191	2926	3315	-1	3
k63_1259191	3361	3957	-1	4
k63_1259191	4189	5088	1	5
k63_874046	26	1615	-1	1
k63_874181	2	688	-1	1
k63_874181	892	2661	1	2
k63_874181	2789	3526	-1	3
k63_295172	1	1260	1	1
k63_295172	1396	2466	-1	2
k63_295172	2520	2594	-1	3
k63_776983	34	648	-1	1
k63_776983	645	1469	-1	2
k63_776983	1445	2317	-1	3
k63_101274	1	1719	1	1
k63_4906	98	1435	-1	1
k63_4906	1568	2491	-1	2
k63_4906	2510	3037	-1	3
k63_4906	3275	4012	1	4
k63_4906	4390	4728	-1	5
k63_4906	5063	5632	-1	6
k63_4906	5639	7450	-1	7
k63_4906	7600	8010	-1	8
k63_4906	8007	8294	-1	9
k63_4906	8298	8930	-1	10
k63_4906	9245	10747	-1	11
k63_681118	129	1580	-1	1
k63_392438	3	719	-1	1
k63_392438	846	1844	-1	2
k63_197262	2	76	-1	1
k63_197262	63	1220	-1	2
k63_197262	1217	2542	-1	3
k63_197262	2539	3621	-1	4
k63_197262	3621	5117	-1	5
k63_197262	5114	6142	-1	6
k63_586037	154	588	1	1
k63_586037	615	2183	1	2
k63_586037	2363	2713	1	3
k63_681617	277	1239	1	1
k63_681617	1322	1687	-1	2
k63_681617	1684	2469	-1	3
k63_681617	2457	3674	-1	4
k63_1068924	2	262	1	1
k63_1068924	255	1733	-1	2
k63_1068924	1968	2186	-1	3
k63_1068924	2573	4729	1	4
k63_1068924	4781	5323	-1	5
k63_1068924	5695	7818	1	6
k63_1068924	7922	8590	1	7
k63_1068924	8622	9386	1	8
k63_1068924	9383	10303	1	9
k63_1068924	10300	10959	1	10
k63_489097	10	1830	-1	1
k63_489097	1875	2183	-1	2
k63_586192	76	300	-1	1
k63_586192	297	1133	-1	2
k63_586192	1312	1590	-1	3
k63_586192	1619	2263	-1	4
k63_586192	2260	2970	-1	5
k63_586192	2967	3203	-1	6
k63_586192	3302	3628	1	7
k63_1260035	2	322	1	1
k63_1260035	592	1122	1	2
k63_1260035	1324	1878	1	3
k63_1260035	2191	4905	-1	4
k63_1260035	5364	5879	-1	5
k63_1068965	182	1381	1	1
k63_1068965	1385	2506	1	2
k63_1068965	2548	3345	1	3
k63_1068965	3437	3514	1	4
k63_1357981	194	1066	-1	1
k63_1357981	1273	2415	-1	2
k63_1357981	2402	3307	-1	3
k63_1357981	3304	3411	-1	4
k63_681735	3	395	1	1
k63_681735	574	2400	-1	2
k63_681735	2581	3693	-1	3
k63_681735	3804	4055	1	4
k63_681735	4052	4360	1	5
k63_5637	112	666	-1	1
k63_5637	781	3453	1	2
k63_5637	3827	5299	1	3
k63_971517	2	643	1	1
k63_971517	1031	1846	-1	2
k63_971517	2160	2954	-1	3
k63_971517	3108	3671	1	4
k63_586392	109	981	-1	1
k63_681905	130	1029	1	1
k63_681905	1137	1730	-1	2
k63_681905	2011	2379	1	3
k63_681905	2372	3229	1	4
k63_681905	3506	4177	1	5
k63_681913	1	828	1	1
k63_681913	809	1432	1	2
k63_681913	1482	1814	-1	3
k63_681913	1811	2086	-1	4
k63_681913	2297	2371	1	5
k63_393120	79	924	1	1
k63_393120	1037	1672	1	2
k63_393120	1669	2043	1	3
k63_393120	2128	2787	-1	4
k63_393120	2762	3133	-1	5
k63_393120	3137	5086	-1	6
k63_393120	5307	6215	1	7
k63_393120	6505	6678	-1	8
k63_393120	6760	7056	1	9
k63_393120	7160	8260	1	10
k63_393120	8418	10109	1	11
k63_393120	10097	12112	1	12
k63_393120	12126	12908	1	13
k63_393120	12912	13010	1	14
k63_1164286	78	1103	1	1
k63_1164286	1334	2440	-1	2
k63_197974	61	1176	1	1
k63_102349	102	773	-1	1
k63_102349	906	1799	-1	2
k63_102349	2239	3033	1	3
k63_586876	1	177	-1	1
k63_586876	1147	2055	1	2
k63_682269	2	412	1	1
k63_682269	546	2048	1	2
k63_682269	2420	2827	1	3
k63_682269	2831	3532	1	4
k63_682286	1	189	-1	1
k63_682286	380	751	-1	2
k63_682286	1220	1999	1	3
k63_682286	1992	2750	1	4
k63_682286	2804	2977	-1	5
k63_682290	194	2578	1	1
k63_682290	2617	3261	-1	2
k63_682290	3274	3909	-1	3
k63_682290	3916	5169	1	4
k63_682290	5512	6684	-1	5
k63_682290	6835	7482	-1	6
k63_682290	7501	9420	-1	7
k63_682290	9435	10175	-1	8
k63_682290	10179	11108	-1	9
k63_682290	11092	11790	-1	10
k63_682290	11808	13616	-1	11
k63_682290	13613	14062	-1	12
k63_682290	14526	14885	-1	13
k63_682290	15209	15574	1	14
k63_682290	15597	16625	-1	15
k63_682290	16794	16913	1	16
k63_682290	16965	17240	1	17
k63_682290	17260	17517	1	18
k63_682290	17597	17881	1	19
k63_682290	17908	18141	-1	20
k63_682290	18150	18617	-1	21
k63_296944	31	477	-1	1
k63_296944	617	2131	-1	2
k63_296944	2124	6728	-1	3
k63_296946	1	135	1	1
k63_296946	222	710	1	2
k63_296946	947	1447	1	3
k63_296946	1493	2479	-1	4
k63_296946	2637	3170	1	5
k63_296946	3167	4492	1	6
k63_296946	4503	4898	1	7
k63_296946	4877	5698	1	8
k63_296946	5695	6165	1	9
k63_296946	6162	7817	1	10
k63_296946	8090	8395	1	11
k63_296946	8435	10348	1	12
k63_296946	10445	11419	-1	13
k63_296946	11547	12005	1	14
k63_296946	12091	13503	1	15
k63_296946	13824	14351	1	16
k63_296946	14724	16082	-1	17
k63_296946	16222	18705	1	18
k63_296946	18796	19137	1	19
k63_6537	3	392	-1	1
k63_6537	569	1384	1	2
k63_6537	1489	3243	1	3
k63_6537	3240	5027	1	4
k63_6537	5518	6876	-1	5
k63_876481	119	652	-1	1
k63_876481	720	2207	-1	2
k63_876481	2321	3205	1	3
k63_876481	3387	5639	1	4
k63_876481	5699	6709	1	5
k63_876481	6706	8151	1	6
k63_876481	8148	9098	1	7
k63_972530	1	150	1	1
k63_972530	147	380	1	2
k63_972530	756	974	-1	3
k63_972530	1644	1850	-1	4
k63_972639	1	162	-1	1
k63_972639	186	2735	-1	2
k63_972639	2732	4603	-1	3
k63_972639	4695	6497	1	4
k63_972639	6667	7104	1	5
k63_972639	7224	8288	1	6
k63_972639	8317	9420	1	7
k63_972639	9422	9856	1	8
k63_972639	9962	10975	-1	9
k63_972639	11174	11650	-1	10
k63_198610	2	136	1	1
k63_198610	198	812	-1	2
k63_198610	828	1028	1	3
k63_198610	1306	2700	1	4
k63_198610	2947	4110	1	5
k63_198610	4107	6743	1	6
k63_198610	6961	7068	1	7
k63_198610	7072	7431	1	8
k63_198610	7457	8644	1	9
k63_198610	8647	9468	1	10
k63_198610	9524	10360	1	11
k63_198610	10377	10514	1	12
k63_103026	2	109	-1	1
k63_103026	218	1231	-1	2
k63_103026	1405	1599	1	3
k63_297353	701	1699	1	1
k63_297353	1696	2667	1	2
k63_297353	2664	3590	1	3
k63_297353	3686	4750	-1	4
k63_297353	4782	5789	-1	5
k63_297353	6215	7138	1	6
k63_972771	1	87	1	1
k63_972771	249	1880	1	2
k63_972771	1877	2848	1	3
k63_1070302	289	1275	-1	1
k63_1070302	2110	2388	1	2
k63_1070302	2400	2510	1	3
k63_7096	1	90	1	1
k63_7096	650	2032	1	2
k63_103405	1	864	1	1
k63_103405	1033	1710	1	2
k63_1261409	2	91	-1	1
k63_1261409	333	2303	1	2
k63_1261409	2300	3295	1	3
k63_1261409	3158	3775	-1	4
k63_1261409	4161	5018	-1	5
k63_682915	1	561	-1	1
k63_682915	706	1110	1	2
k63_682915	1401	2084	1	3
k63_682915	2081	4591	1	4
k63_682915	4595	4966	1	5
k63_587744	3	572	1	1
k63_587744	838	2073	-1	2
k63_587744	2070	2168	-1	3
k63_973170	1	1467	1	1
k63_973170	1439	1966	-1	2
k63_973170	2072	5086	-1	3
k63_973170	5123	5380	-1	4
k63_973170	5724	5936	1	5
k63_973170	5905	6129	1	6
k63_973170	6139	6741	1	7
k63_973170	6823	6930	1	8
k63_1165622	3	185	-1	1
k63_1165622	631	1107	-1	2
k63_1165622	1068	1385	-1	3
k63_1165622	1382	1780	-1	4
k63_1165622	1969	2565	1	5
k63_1165622	2611	3444	1	6
k63_1165622	3788	3988	1	7
k63_1165622	4110	4541	-1	8
k63_1165622	4732	4863	1	9
k63_1165622	4876	4980	1	10
k63_1165622	5134	5754	1	11
k63_1165622	6127	10185	1	12
k63_1165622	10522	10824	1	13
k63_1165622	11077	11520	1	14
k63_1165622	11965	12174	-1	15
k63_1165622	12410	13864	-1	16
k63_1165622	13970	14710	-1	17
k63_1165622	14771	15295	-1	18
k63_1165622	15582	16178	1	19
k63_973478	241	615	1	1
k63_973478	615	1817	1	2
k63_973478	1932	4472	1	3
k63_973478	4469	4813	1	4
k63_973478	4982	5590	1	5
k63_973478	5677	6186	1	6
k63_973478	6183	7049	1	7
k63_779156	264	356	1	1
k63_779156	466	765	1	2
k63_779156	844	2217	1	3
k63_779156	2513	2617	1	4
k63_779156	2620	2829	1	5
k63_779156	2874	3308	1	6
k63_779156	3522	4127	1	7
k63_779156	4213	4449	1	8
k63_1261775	2	400	1	1
k63_1261775	397	693	1	2
k63_1261775	1014	1622	-1	3
k63_1359992	143	913	-1	1
k63_1359992	933	1421	-1	2
k63_1359992	1422	1937	-1	3
k63_298289	184	3180	-1	1
k63_878040	2	799	1	1
k63_878040	792	1664	1	2
k63_878040	1585	2436	-1	3
k63_878040	2493	3140	-1	4
k63_1360267	1	693	1	1
k63_1360267	936	2657	-1	2
k63_1360267	2943	3872	-1	3
k63_1360267	3941	5695	1	4
k63_1360267	5720	8113	-1	5
k63_1360267	8404	8715	-1	6
k63_1360267	8976	9683	1	7
k63_1360267	9844	10344	1	8
k63_1360267	10347	11657	-1	9
k63_1360267	11654	13177	-1	10
k63_1360267	13245	14261	1	11
k63_1360267	14548	15423	-1	12
k63_1360267	15661	16077	1	13
k63_1360267	16080	16430	1	14
k63_1360267	16462	17622	1	15
k63_1360267	17628	17846	1	16
k63_1071612	3	4895	-1	1
k63_1071612	5044	5886	1	2
k63_1071612	5894	7417	1	3
k63_1071612	7571	8353	-1	4
k63_1071612	8427	8528	-1	5
k63_974324	147	452	-1	1
k63_974324	766	2133	1	2
k63_491744	2	223	1	1
k63_491744	336	2222	-1	2
k63_491744	2219	4951	-1	3
k63_491744	5021	8290	-1	4
k63_878578	49	399	1	1
k63_878578	595	930	1	2
k63_878578	939	2636	-1	3
k63_878578	2749	3123	-1	4
k63_878578	3380	3772	1	5
k63_878578	3813	5564	1	6
k63_878578	5979	6716	1	7
k63_878578	6737	7306	1	8
k63_878578	7363	7920	1	9
k63_878578	7917	8981	1	10
k63_878578	8978	9655	1	11
k63_878578	9652	10089	1	12
k63_878578	10201	10902	1	13
k63_878578	10899	12236	1	14
k63_878578	12293	12823	1	15
k63_878578	12854	13696	1	16
k63_878578	13693	14355	1	17
k63_878578	14352	14909	1	18
k63_1262673	1	1098	1	1
k63_1262673	1058	1966	1	2
k63_1262673	1953	3317	1	3
k63_1262673	3286	3534	1	4
k63_491950	502	720	1	1
k63_491950	810	1037	-1	2
k63_491950	1056	1253	-1	3
k63_491950	1485	2669	-1	4
k63_491950	3207	3587	-1	5
k63_491950	3867	4013	-1	6
k63_491950	4000	4386	-1	7
k63_1072126	349	1023	-1	1
k63_1072126	1002	1157	-1	2
k63_1072126	1257	2480	1	3
k63_1072126	2477	3982	1	4
k63_1072126	3986	4507	1	5
k63_492182	50	1147	-1	1
k63_492182	1231	1440	-1	2
k63_492182	1720	2043	1	3
k63_492182	2139	2465	-1	4
k63_492182	2595	3611	-1	5
k63_492182	3604	4200	-1	6
k63_780637	2	322	-1	1
k63_780637	505	942	1	2
k63_780637	939	1046	1	3
k63_780637	1131	1370	1	4
k63_780637	1382	1912	-1	5
k63_780702	2	1660	1	1
k63_780702	1673	2296	1	2
k63_492379	59	676	-1	1
k63_492379	708	1691	-1	2
k63_492379	1688	2320	-1	3
k63_492379	2420	2920	-1	4
k63_492379	2961	3326	-1	5
k63_9384	30	482	-1	1
k63_9384	713	2053	-1	2
k63_9384	2370	2618	1	3
k63_9384	2615	3580	1	4
k63_105464	178	936	-1	1
k63_105464	1047	1919	1	2
k63_105464	1991	3976	1	3
k63_105464	3997	4905	-1	4
k63_105464	4905	6836	-1	5
k63_105464	6882	7214	-1	6
k63_105464	7198	8340	-1	7
k63_105464	8333	9340	-1	8
k63_105464	9341	10141	-1	9
k63_879404	3	698	-1	1
k63_879404	695	1654	-1	2
k63_879404	1750	2676	1	3
k63_879404	2816	3373	1	4
k63_9538	2	115	-1	1
k63_9538	458	1513	1	2
k63_9538	1524	2090	1	3
k63_9538	2182	3054	-1	4
k63_9538	3565	3717	1	5
k63_9538	3704	4690	1	6
k63_9538	4968	5489	1	7
k63_9538	5662	7353	-1	8
k63_9538	7383	7757	-1	9
k63_9538	8097	9806	-1	10
k63_9538	10186	10554	-1	11
k63_589807	45	1193	-1	1
k63_589807	1181	1744	-1	2
k63_589807	1737	2579	-1	3
k63_589807	2576	3379	-1	4
k63_589807	3457	4509	1	5
k63_589807	4816	5040	1	6
k63_589807	5037	5360	1	7
k63_589863	58	900	-1	1
k63_589863	1068	3101	-1	2
k63_589863	3117	3338	-1	3
k63_589863	3335	3484	-1	4
k63_589863	4535	4771	1	5
k63_589863	4785	6203	1	6
k63_589863	6609	6974	1	7
k63_300198	167	397	-1	1
k63_300198	517	2847	-1	2
k63_9791	149	787	-1	1
k63_9791	784	1422	-1	2
k63_9791	1419	1898	-1	3
k63_9791	1879	2775	-1	4
k63_9791	2781	3656	-1	5
k63_9791	3653	4231	-1	6
k63_300270	1	510	1	1
k63_300270	507	854	1	2
k63_300270	927	2549	1	3
k63_1167730	386	784	-1	1
k63_1167730	888	1346	-1	2
k63_1167730	1392	1781	-1	3
k63_1167730	2235	3329	1	4
k63_1167730	3425	4468	1	5
k63_1167730	4523	5386	-1	6
k63_1167730	5383	6297	-1	7
k63_1167730	6390	6872	1	8
k63_1167730	6869	7471	1	9
k63_1167730	7566	9470	1	10
k63_1167730	9644	9808	1	11
k63_1167730	9837	10823	-1	12
k63_1167730	10847	11122	-1	13
k63_1167730	11122	12312	-1	14
k63_1167730	12869	13687	1	15
k63_1167730	13789	15459	1	16
k63_1167770	3	635	1	1
k63_1167770	648	1433	-1	2
k63_1167770	1538	1996	1	3
k63_493016	172	1104	1	1
k63_493016	1135	2319	1	2
k63_493016	2262	2669	1	3
k63_493016	2662	3984	1	4
k63_493016	4112	4333	1	5
k63_493016	4355	5908	1	6
k63_493016	5941	7410	-1	7
k63_493016	7472	8482	-1	8
k63_684983	3	941	1	1
k63_684983	902	1981	1	2
k63_106045	1	1185	1	1
k63_106045	1182	2117	1	2
k63_106045	2118	2792	1	3
k63_106045	2698	3441	-1	4
k63_106045	3562	4071	-1	5
k63_106045	4068	4436	-1	6
k63_106045	4754	7885	1	7
k63_106045	7859	9454	-1	8
k63_106045	9534	10625	1	9
k63_106045	10665	12023	1	10
k63_106045	12020	12541	1	11
k63_106045	12566	13159	1	12
k63_106045	13271	14365	1	13
k63_685029	1	132	1	1
k63_685029	543	1655	1	2
k63_685029	1642	3018	-1	3
k63_685029	3064	3948	1	4
k63_781494	332	1114	-1	1
k63_781494	1117	3465	-1	2
k63_781494	3479	3955	-1	3
k63_781494	4004	4510	-1	4
k63_781494	4594	5247	1	5
k63_781494	5483	5947	1	6
k63_781494	5944	6225	1	7
k63_781494	6218	7057	1	8
k63_781494	7100	7981	1	9
k63_781494	7957	8412	1	10
k63_10198	334	567	1	1
k63_10198	655	1074	-1	2
k63_10198	1103	2836	-1	3
k63_10198	2829	3905	-1	4
k63_10198	3999	4250	-1	5
k63_10198	4325	4684	-1	6
k63_10198	5267	6214	1	7
k63_10198	6406	7827	1	8
k63_10198	7829	9238	1	9
k63_10198	9332	9934	-1	10
k63_10198	10097	10861	1	11
k63_10198	10922	11434	-1	12
k63_10198	11487	12743	-1	13
k63_10198	12733	13140	-1	14
k63_10198	13528	14007	-1	15
k63_10198	14189	14329	1	16
k63_10198	14326	14781	1	17
k63_10198	14810	15718	1	18
k63_10198	15715	17265	-1	19
k63_10198	17352	17936	1	20
k63_10198	17933	18325	1	21
k63_106176	152	1279	-1	1
k63_106176	1276	1842	-1	2
k63_106176	1844	2443	-1	3
k63_106176	2687	4342	1	4
k63_106176	4249	4683	-1	5
k63_106176	4688	4987	-1	6
k63_106253	172	1059	-1	1
k63_106253	1283	1786	1	2
k63_201582	87	1661	-1	1
k63_201582	1658	1927	-1	2
k63_201582	2235	2471	-1	3
k63_880331	1	1134	-1	1
k63_880331	1491	1676	-1	2
k63_10374	3	104	1	1
k63_10374	314	1114	1	2
k63_10374	1111	1932	1	3
k63_10374	2014	3012	1	4
k63_1362490	3	155	1	1
k63_1362490	266	730	-1	2
k63_1362490	709	1038	-1	3
k63_1362490	1140	1274	1	4
k63_1362490	1274	1696	1	5
k63_1362490	1735	1986	1	6
k63_685391	3	1112	-1	1
k63_685391	1359	1889	1	2
k63_685391	2119	2973	1	3
k63_106769	1	849	-1	1
k63_106769	978	2105	-1	2
k63_106769	2162	2434	-1	3
k63_106769	2434	2832	-1	4
k63_201972	225	581	-1	1
k63_201972	921	2534	1	2
k63_201972	2489	3193	1	3
k63_201972	3343	4644	1	4
k63_201972	4684	7089	1	5
k63_201972	7244	7516	1	6
k63_201972	7594	9498	1	7
k63_201972	9638	10612	1	8
k63_201972	10609	11103	1	9
k63_201972	11203	11922	1	10
k63_201972	11948	13450	-1	11
k63_201972	13797	14654	1	12
k63_201972	14732	15055	-1	13
k63_201972	15184	16206	1	14
k63_201972	16203	17207	1	15
k63_201972	17248	17889	1	16
k63_201972	17894	19057	-1	17
k63_201972	19222	19773	-1	18
k63_201972	19856	23545	-1	19
k63_1362791	131	1255	1	1
k63_1362791	1470	2387	-1	2
k63_201975	102	626	-1	1
k63_201975	854	1651	-1	2
k63_10826	2	1117	-1	1
k63_10826	1114	1641	-1	2
k63_10826	1701	5579	-1	3
k63_1264696	3	2447	1	1
k63_1264696	2936	6136	1	2
k63_10846	1	600	-1	1
k63_10846	597	704	-1	2
k63_10846	650	1507	-1	3
k63_10846	1583	1780	1	4
k63_10846	2344	4659	-1	5
k63_1264714	86	553	-1	1
k63_1264714	1161	1658	-1	2
k63_1264714	2457	2783	1	3
k63_106901	250	2616	1	1
k63_1363173	49	1050	1	1
k63_1363173	1008	1301	1	2
k63_1363173	1321	1896	1	3
k63_1363173	1908	3356	1	4
k63_1363173	3675	5042	1	5
k63_1363173	5029	5715	1	6
k63_1363173	5801	7048	1	7
k63_1363173	7252	8319	1	8
k63_1363176	3	590	1	1
k63_1363176	614	910	-1	2
k63_1363176	924	1766	-1	3
k63_1363189	56	478	-1	1
k63_1363189	475	1869	-1	2
k63_1363189	1866	2993	-1	3
k63_1363189	3044	3520	1	4
k63_1363189	3517	3786	1	5
k63_1363189	3802	4293	1	6
k63_1363189	4426	5682	1	7
k63_1363189	5718	6068	-1	8
k63_1363189	6588	6992	-1	9
k63_1169244	1	435	-1	1
k63_1169244	435	737	-1	2
k63_1169244	784	1545	-1	3
k63_1169251	3	1085	-1	1
k63_1169251	1105	2202	-1	2
k63_1169251	2208	3302	-1	3
k63_1169251	3308	6130	-1	4
k63_1169251	6189	7589	1	5
k63_1169251	7717	9096	1	6
k63_1169251	9220	9480	1	7
k63_1074700	1	333	-1	1
k63_1074700	330	824	-1	2
k63_1074700	849	1961	1	3
k63_782986	150	881	-1	1
k63_782986	1210	1605	-1	2
k63_782986	1615	4089	1	3
k63_782986	4120	6726	1	4
k63_591549	1	411	-1	1
k63_591549	408	1475	-1	2
k63_591549	1472	4411	-1	3
k63_591549	4401	5321	-1	4
k63_591549	5540	6391	1	5
k63_1169396	66	257	1	1
k63_1169396	375	1184	1	2
k63_1169396	1177	2850	1	3
k63_1169396	2850	3263	1	4
k63_1169396	3235	3726	1	5
k63_494353	76	885	-1	1
k63_494353	842	1393	-1	2
k63_494353	1500	2483	-1	3
k63_1074944	1	159	-1	1
k63_1074944	220	1776	1	2
k63_202934	386	1852	-1	1
k63_202934	1893	2687	-1	2
k63_202934	2693	3433	-1	3
k63_202934	3590	5377	1	4
k63_202934	5374	5541	1	5
k63_1265661	1	147	-1	1
k63_1265661	330	1442	-1	2
k63_1265661	1508	3163	-1	3
k63_1265661	3176	3556	-1	4
k63_1265661	3553	4155	-1	5
k63_783358	40	1812	-1	1
k63_783358	1867	3447	-1	2
k63_783358	3514	3894	-1	3
k63_783358	3910	4578	-1	4
k63_783358	4635	6371	-1	5
k63_783358	6441	7595	-1	6
k63_783358	7809	9110	-1	7
k63_494789	78	1250	-1	1
k63_494789	1497	1652	1	2
k63_12036	58	231	1	1
k63_12036	400	1047	1	2
k63_12036	1144	2538	-1	3
k63_12036	2607	3542	1	4
k63_12036	3949	4269	1	5
k63_12036	4388	4999	1	6
k63_12036	4972	5631	1	7
k63_12036	5600	6781	1	8
k63_108133	3	503	-1	1
k63_108133	490	1197	-1	2
k63_108133	1185	1658	-1	3
k63_12062	1	1848	1	1
k63_1075440	1	204	-1	1
k63_1075440	797	2179	1	2
k63_1363999	394	717	1	1
k63_1363999	714	1973	1	2
k63_1363999	2027	2239	1	3
k63_1363999	2501	2779	1	4
k63_12218	93	1085	-1	1
k63_12218	1078	2016	-1	2
k63_12218	2013	2195	-1	3
k63_1170066	1	285	-1	1
k63_1170066	419	904	1	2
k63_1170066	1124	1378	-1	3
k63_1170066	1600	1746	1	4
k63_978480	60	335	-1	1
k63_978480	1015	1563	-1	2
k63_978480	1560	2231	-1	3
k63_978480	2494	3645	1	4
k63_978480	3677	3820	1	5
k63_978480	3868	5124	1	6
k63_978480	5357	5734	1	7
k63_108442	401	937	1	1
k63_108442	1436	1540	-1	2
k63_108442	1718	2200	1	3
k63_783749	1	249	1	1
k63_783749	335	1888	-1	2
k63_783749	1920	3068	-1	3
k63_783749	3184	3870	1	4
k63_783749	3867	4460	1	5
k63_783749	4486	4617	-1	6
k63_783749	4838	7261	-1	7
k63_1364158	1	153	-1	1
k63_1364158	563	1129	1	2
k63_1364158	1216	1917	1	3
k63_1364158	2075	2251	-1	4
k63_1364158	2416	2556	1	5
k63_1364158	2558	3019	1	6
k63_1364158	3465	3728	1	7
k63_1364158	3755	3982	-1	8
k63_1364158	3988	4626	1	9
k63_1364158	4654	5238	-1	10
k63_1364158	5418	6803	1	11
k63_1364158	6877	7107	-1	12
k63_1364158	7654	9312	-1	13
k63_1170217	2	808	-1	1
k63_1170217	811	1314	-1	2
k63_1170217	1952	2680	-1	3
k63_1170217	2945	3325	1	4
k63_1170217	3462	3836	1	5
k63_1170217	3875	4732	1	6
k63_1170217	4873	5778	-1	7
k63_1170217	5825	6250	-1	8
k63_1170217	6377	7282	-1	9
k63_1170217	7489	8724	1	10
k63_1170217	8759	9958	1	11
k63_1170217	9955	10695	1	12
k63_1170217	10692	11540	1	13
k63_1170217	11777	12715	1	14
k63_495276	3	2111	1	1
k63_495276	2406	2561	1	2
k63_495276	2841	4031	1	3
k63_495276	4639	5553	-1	4
k63_495276	5557	6450	-1	5
k63_1266398	70	174	1	1
k63_1266398	165	845	1	2
k63_1266398	835	1428	1	3
k63_1266398	1528	1803	-1	4
k63_1266398	1941	2381	-1	5
k63_1266398	2381	2905	-1	6
k63_1266398	2907	3266	-1	7
k63_1266398	3310	4512	-1	8
k63_1266398	4509	5645	-1	9
k63_1266398	5626	6372	-1	10
k63_1266398	6369	7862	-1	11
k63_1266398	7962	9476	-1	12
k63_883141	180	1784	-1	1
k63_883141	1995	2999	-1	2
k63_883141	3497	5563	-1	3
k63_303743	149	1573	-1	1
k63_303743	1698	2765	-1	2
k63_303743	2876	4636	-1	3
k63_303743	4615	6906	-1	4
k63_303743	6878	9088	-1	5
k63_303743	9091	10143	-1	6
k63_303743	10140	11135	-1	7
k63_303743	11171	12115	-1	8
k63_303743	12363	13502	1	9
k63_592707	1	78	-1	1
k63_592707	183	1457	-1	2
k63_784256	3	422	1	1
k63_784256	470	1696	-1	2
k63_784256	1721	2005	1	3
k63_784256	2023	2256	-1	4
k63_784256	2334	2621	1	5
k63_784256	2704	3540	1	6
k63_784256	3528	4925	1	7
k63_784256	4915	5736	1	8
k63_784256	5870	6565	1	9
k63_883468	150	248	-1	1
k63_883468	1082	1639	1	2
k63_883468	1819	2271	1	3
k63_883468	2445	3269	-1	4
k63_883468	3403	3942	1	5
k63_883468	4085	5101	1	6
k63_1364925	2	1117	1	1
k63_1364925	1211	1981	1	2
k63_1364925	2045	2233	1	3
k63_1364925	2230	2673	1	4
k63_109320	2	85	-1	1
k63_109320	368	6130	1	2
k63_109320	6127	8565	1	3
k63_109320	8623	10515	-1	4
k63_400069	3	2138	-1	1
k63_304295	1	339	1	1
k63_304295	195	500	-1	2
k63_304295	562	747	1	3
k63_304295	876	1091	1	4
k63_304295	1202	2527	1	5
k63_304295	2534	2692	1	6
k63_304295	3798	4004	-1	7
k63_883758	1	630	-1	1
k63_883758	737	1360	1	2
k63_883758	1357	1995	1	3
k63_884101	272	1090	-1	1
k63_884101	1118	1957	1	2
k63_884101	2095	2448	1	3
k63_884101	2776	3150	-1	4
k63_109913	3	1310	-1	1
k63_109913	1543	2490	1	2
k63_109913	2439	3431	1	3
k63_109913	3524	4690	1	4
k63_109913	4716	5447	-1	5
k63_109913	5463	8135	-1	6
k63_13830	171	1250	1	1
k63_13830	1255	1770	1	2
k63_13830	1906	2310	-1	3
k63_1365793	1	69	1	1
k63_1365793	80	1282	1	2
k63_1365793	1380	1598	-1	3
k63_1365793	1620	1898	-1	4
k63_1365793	1946	3508	-1	5
k63_1365793	3525	4220	-1	6
k63_110083	2	1303	-1	1
k63_110083	1475	2449	1	2
k63_496379	88	942	1	1
k63_496379	939	1172	1	2
k63_496379	1182	2108	1	3
k63_593704	436	786	-1	1
k63_593704	808	1482	-1	2
k63_593704	1764	2612	-1	3
k63_593704	2924	4858	1	4
k63_688097	3	155	1	1
k63_688097	171	1484	1	2
k63_688097	1532	2248	-1	3
k63_688097	2457	4559	1	4
k63_688097	4765	5088	1	5
k63_688097	5154	5801	1	6
k63_688097	5798	6415	1	7
k63_688097	6412	6798	1	8
k63_688097	6844	7671	1	9
k63_688097	7675	7950	1	10
k63_688097	8145	8477	1	11
k63_688097	8496	9152	1	12
k63_688097	9196	9606	1	13
k63_688097	9658	9858	1	14
k63_688097	9851	10222	1	15
k63_688097	10227	10595	1	16
k63_688097	10637	10951	1	17
k63_688097	10954	11493	1	18
k63_688097	11500	11805	1	19
k63_688097	11816	12202	1	20
k63_688097	12252	12794	1	21
k63_688097	12794	13180	1	22
k63_688097	13194	13697	1	23
k63_688097	13743	13958	1	24
k63_688097	13955	14401	1	25
k63_688097	14401	15774	1	26
k63_688097	16042	16398	1	27
k63_688097	16418	16810	1	28
k63_688097	16780	17436	1	29
k63_688097	17466	18449	1	30
k63_688097	18550	18954	1	31
k63_688097	19121	19780	-1	32
k63_688097	19821	21011	-1	33
k63_688097	21061	22113	-1	34
k63_688097	22141	23262	-1	35
k63_688097	23264	25219	-1	36
k63_688097	25324	25815	-1	37
k63_688097	25755	26228	-1	38
k63_688097	26332	26961	-1	39
k63_688097	27064	27750	-1	40
k63_688097	27751	28542	1	41
k63_688097	28724	29251	-1	42
k63_688097	29509	32487	1	43
k63_593823	567	1778	1	1
k63_1366125	2	460	1	1
k63_1366125	491	1591	1	2
k63_1366129	1	2118	1	1
k63_1366129	2250	2681	1	2
k63_593918	2	1123	1	1
k63_593918	1146	1859	1	2
k63_593918	1856	2221	1	3
k63_593918	2384	3307	1	4
k63_593918	3330	3749	-1	5
k63_593918	3762	4781	-1	6
k63_593918	5078	5785	1	7
k63_204939	516	1502	1	1
k63_204939	1793	2044	1	2
k63_204939	2419	2502	1	3
k63_401351	59	436	-1	1
k63_401351	639	1649	1	2
k63_401351	1770	2192	-1	3
k63_401351	2344	2643	-1	4
k63_401351	2868	3635	-1	5
k63_401351	3641	3736	-1	6
k63_305639	45	638	-1	1
k63_305639	918	1763	1	2
k63_305639	1864	3486	-1	3
k63_1078189	2	238	1	1
k63_1078189	546	1058	1	2
k63_1078189	1370	2428	-1	3
k63_1078189	2511	3377	-1	4
k63_1078189	3551	4075	1	5
k63_1078189	4072	4782	1	6
k63_1078189	4782	4874	1	7
k63_688624	93	1448	-1	1
k63_688635	2	193	1	1
k63_688635	237	677	-1	2
k63_688635	721	1665	-1	3
k63_688635	1662	2096	-1	4
k63_688635	2093	3184	-1	5
k63_688635	3181	3645	-1	6
k63_1267808	75	1151	-1	1
k63_1267808	1230	1553	1	2
k63_1267808	1762	1977	1	3
k63_1267808	1998	2459	1	4
k63_1267808	2490	4235	1	5
k63_1267808	4366	5805	1	6
k63_205399	424	1191	-1	1
k63_205399	1188	2687	-1	2
k63_205399	2799	2945	-1	3
k63_111482	136	1209	1	1
k63_111482	1233	1502	1	2
k63_111482	1566	1916	1	3
k63_885604	1	1776	-1	1
k63_885604	1835	4267	-1	2
k63_885604	4436	5380	-1	3
k63_885604	5509	6393	1	4
k63_785911	2	145	1	1
k63_785911	341	1936	1	2
k63_402120	1	246	-1	1
k63_402120	259	1194	-1	2
k63_402120	1247	1462	-1	3
k63_402120	2410	2841	1	4
k63_402120	2853	3047	-1	5
k63_402120	3122	3538	1	6
k63_402120	3570	3638	1	7
k63_594771	197	676	1	1
k63_594771	649	2832	1	2
k63_1172659	77	949	-1	1
k63_1172659	1100	1234	1	2
k63_1172659	1265	1570	1	3
k63_1172659	1596	1892	1	4
k63_1172659	1885	2247	1	5
k63_1268170	527	1156	1	1
k63_1268170	1153	1365	-1	2
k63_1268170	1390	1536	1	3
k63_1268170	1533	1850	1	4
k63_1268170	2067	2978	-1	5
k63_1268170	3108	3668	1	6
k63_1268170	3665	4567	1	7
k63_1268170	4704	7430	1	8
k63_1268170	7430	9028	1	9
k63_1268170	9125	9679	-1	10
k63_1268170	9718	10200	1	11
k63_1268170	10251	10640	-1	12
k63_1172667	2	2020	1	1
k63_1172667	2017	3048	1	2
k63_1172667	3007	3747	-1	3
k63_1172667	3744	4286	-1	4
k63_1172667	4283	5389	-1	5
k63_1172667	5594	6193	1	6
k63_497509	1	1671	1	1
k63_981742	1	417	1	1
k63_981742	396	1652	1	2
k63_981742	1870	2322	1	3
k63_981742	2334	2846	1	4
k63_402391	128	670	1	1
k63_402391	675	1973	-1	2
k63_402391	2263	2358	1	3
k63_689123	97	1344	-1	1
k63_689123	1463	2830	-1	2
k63_689123	3263	3691	1	3
k63_689123	3777	4877	1	4
k63_689123	4874	5521	-1	5
k63_689123	5518	5994	-1	6
k63_689123	6010	7035	-1	7
k63_689123	7178	9298	1	8
k63_689123	9328	9894	1	9
k63_689123	9899	10480	1	10
k63_689123	10432	11841	-1	11
k63_689123	11944	12918	-1	12
k63_205850	69	209	-1	1
k63_205850	580	1014	1	2
k63_205850	992	1615	1	3
k63_205850	1794	2600	1	4
k63_205850	2468	2881	-1	5
k63_402409	2	595	1	1
k63_402409	637	1227	1	2
k63_402409	1224	1874	1	3
k63_402409	1944	2717	1	4
k63_402409	2714	2854	1	5
k63_402409	2865	3317	1	6
k63_402409	3422	6982	1	7
k63_402409	6998	7912	1	8
k63_402409	7914	10007	1	9
k63_402409	9997	10614	1	10
k63_402409	10626	11708	-1	11
k63_402409	11872	13980	1	12
k63_402409	14017	14619	-1	13
k63_402409	14753	15628	1	14
k63_402409	15764	16312	1	15
k63_402409	16386	16769	1	16
k63_786274	1	432	-1	1
k63_786274	520	1107	-1	2
k63_786274	1110	1679	-1	3
k63_786274	1762	2031	-1	4
k63_786274	2496	3557	-1	5
k63_786274	3872	5209	1	6
k63_786274	5369	5833	1	7
k63_786274	5857	6672	1	8
k63_786274	6669	7904	1	9
k63_786274	7912	8694	1	10
k63_786274	8706	9098	1	11
k63_786274	9421	11067	-1	12
k63_786274	11211	12632	1	13
k63_786274	12691	13701	1	14
k63_1367502	1	162	-1	1
k63_1367502	314	1591	-1	2
k63_1367502	1609	2097	-1	3
k63_1367502	2094	3845	-1	4
k63_1367502	3868	4551	-1	5
k63_1367502	4554	5042	-1	6
k63_1367502	5393	6043	1	7
k63_1367502	6107	7057	1	8
k63_1367502	7054	8307	1	9
k63_1367502	8304	9497	1	10
k63_1367502	9501	10349	1	11
k63_1367502	10346	11404	1	12
k63_1367502	11411	12487	1	13
k63_1367502	12570	12704	1	14
k63_1367502	12780	13229	1	15
k63_1367502	13299	13601	1	16
k63_1367502	13598	14497	1	17
k63_1367502	14569	15087	1	18
k63_1367502	15120	16076	-1	19
k63_1367502	16225	16680	1	20
k63_402458	1	66	-1	1
k63_402458	418	915	1	2
k63_402458	1042	1854	-1	3
k63_402458	1851	2966	-1	4
k63_497653	135	533	-1	1
k63_497653	533	1276	-1	2
k63_497653	1323	1742	-1	3
k63_497653	2099	3196	1	4
k63_497653	3481	4557	1	5
k63_1172963	99	2288	-1	1
k63_1172963	2529	3224	-1	2
k63_1172963	3292	4125	-1	3
k63_1172963	4284	5396	1	4
k63_1172963	6016	6141	1	5
k63_1172963	6164	6937	-1	6
k63_1172963	6945	7565	-1	7
k63_402579	3	110	-1	1
k63_402579	312	2048	-1	2
k63_1173027	3	353	1	1
k63_1173027	546	665	1	2
k63_1173027	1034	1129	1	3
k63_1173027	1151	1510	1	4
k63_1079530	33	878	-1	1
k63_1079530	1105	2271	1	2
k63_1079530	2536	3546	-1	3
k63_982106	266	889	1	1
k63_982106	998	1633	1	2
k63_497924	3	650	-1	1
k63_497924	730	2607	1	2
k63_497924	2621	3325	1	3
k63_497924	3325	4407	1	4
k63_1173203	1	438	-1	1
k63_1173203	495	1316	-1	2
k63_1173203	1381	1707	-1	3
k63_982194	1	273	1	1
k63_982194	270	869	1	2
k63_982194	900	1211	1	3
k63_982194	1484	2500	-1	4
k63_982194	2933	3796	1	5
k63_982194	3945	4316	-1	6
k63_982194	4320	5348	-1	7
k63_982194	5491	6258	1	8
k63_982194	6255	7505	1	9
k63_982194	7516	8103	-1	10
k63_1367988	312	1541	1	1
k63_1367988	1547	2122	1	2
k63_1368135	110	676	1	1
k63_1368135	1241	1456	1	2
k63_1368135	1508	2209	1	3
k63_1368135	2417	2620	1	4
k63_1368135	2981	3490	-1	5
k63_1368135	3791	4237	1	6
k63_112842	12	1832	1	1
k63_112842	2004	2762	-1	2
k63_112842	3161	3637	1	3
k63_112842	3956	4486	-1	4
k63_112842	4526	6013	-1	5
k63_112842	6136	6468	1	6
k63_112842	6506	7576	-1	7
k63_1080106	272	1558	-1	1
k63_1080106	1917	3107	1	2
k63_1173503	205	861	-1	1
k63_1173503	1255	1434	-1	2
k63_1173503	1584	1883	1	3
k63_1173503	1877	2392	1	4
k63_1173503	2603	2764	1	5
k63_206528	186	1043	1	1
k63_206528	1045	1890	1	2
k63_206528	1913	4039	1	3
k63_206528	4044	4703	-1	4
k63_206528	5051	7000	-1	5
k63_206528	7337	8563	-1	6
k63_206528	8582	10420	-1	7
k63_206528	10417	11181	-1	8
k63_206528	11185	11946	-1	9
k63_206528	11943	13019	-1	10
k63_206528	13032	13901	-1	11
k63_206528	14165	14602	1	12
k63_206528	14682	15068	1	13
k63_206528	15123	16214	-1	14
k63_206528	16214	16819	-1	15
k63_982607	1	102	1	1
k63_982607	785	1960	-1	2
k63_982900	2	928	-1	1
k63_982900	1223	2041	-1	2
k63_498471	2	118	-1	1
k63_498471	149	1309	-1	2
k63_498471	1297	2451	-1	3
k63_498471	2594	2881	-1	4
k63_498471	2904	3215	-1	5
k63_983097	82	1596	-1	1
k63_983097	1593	2330	-1	2
k63_983097	2327	3775	-1	3
k63_983097	3797	5266	1	4
k63_983097	5248	5487	-1	5
k63_983097	5686	7200	1	6
k63_983097	7291	7821	1	7
k63_983097	8421	9521	1	8
k63_983097	9780	10055	1	9
k63_983097	10055	10252	1	10
k63_983097	10222	13404	-1	11
k63_983097	13463	14509	-1	12
k63_983097	14582	15574	-1	13
k63_983097	15675	16538	1	14
k63_308435	2	289	1	1
k63_308435	335	1042	1	2
k63_308435	1047	3500	1	3
k63_308435	3502	4656	1	4
k63_308435	4657	5208	1	5
k63_308435	5248	6471	1	6
k63_308435	6540	6641	-1	7
k63_113775	439	1959	-1	1
k63_113775	2034	2333	-1	2
k63_113775	2320	2976	-1	3
k63_308447	2	535	1	1
k63_308447	794	1564	1	2
k63_308447	1729	5895	1	3
k63_1269802	1	867	-1	1
k63_1269802	857	1882	-1	2
k63_1269802	1910	3211	-1	3
k63_1269802	3208	4164	-1	4
k63_1269802	4133	5386	-1	5
k63_1269802	5426	6157	-1	6
k63_1269802	6258	7682	-1	7
k63_1269802	7992	8285	1	8
k63_1269802	8272	8508	1	9
k63_1369285	166	639	-1	1
k63_1369285	657	1796	-1	2
k63_1369285	1793	2386	-1	3
k63_1369285	2417	3904	-1	4
k63_1369285	3908	4453	-1	5
k63_1369285	4450	5064	-1	6
k63_1369285	5066	5638	-1	7
k63_1369285	5635	6675	-1	8
k63_498873	53	1507	1	1
k63_498873	1561	1806	1	2
k63_498873	1803	2189	1	3
k63_498873	2225	5650	1	4
k63_498873	5699	6502	-1	5
k63_498873	6612	7712	-1	6
k63_498873	7813	10017	-1	7
k63_498873	10017	11114	-1	8
k63_498873	11116	11880	-1	9
k63_498873	12070	14379	-1	10
k63_498873	14354	15307	-1	11
k63_498873	15310	16257	-1	12
k63_498873	16264	17715	-1	13
k63_498873	17917	18231	-1	14
k63_498873	18430	18624	-1	15
k63_498873	18725	18862	1	16
k63_888411	1	633	-1	1
k63_888411	630	1763	-1	2
k63_888411	1760	2749	-1	3
k63_888411	2778	3758	-1	4
k63_888411	3805	5097	-1	5
k63_888411	5236	7575	-1	6
k63_888411	8051	8536	1	7
k63_207703	114	1142	-1	1
k63_207703	1191	2297	-1	2
k63_207703	2294	2962	-1	3
k63_207703	2962	4410	-1	4
k63_788245	72	1334	-1	1
k63_788245	1954	2280	-1	2
k63_788245	2390	3376	-1	3
k63_788245	3503	4933	1	4
k63_788245	5039	6286	1	5
k63_788245	6425	7705	1	6
k63_18040	1	924	-1	1
k63_18040	1118	1627	1	2
k63_499332	346	5811	1	1
k63_405315	1	654	-1	1
k63_405315	847	1674	1	2
k63_405315	1880	2125	1	3
k63_309516	172	663	1	1
k63_309516	688	1917	1	2
k63_1370002	1	942	1	1
k63_1370002	1691	1948	-1	2
k63_1370002	1959	2156	-1	3
k63_1370002	2637	3587	1	4
k63_1370002	3754	4236	1	5
k63_309620	304	1089	1	1
k63_309620	1089	2000	1	2
k63_788622	3	377	1	1
k63_788622	374	544	1	2
k63_788622	514	1218	-1	3
k63_788622	1167	3071	-1	4
k63_788622	3395	3646	1	5
k63_788622	3787	3942	1	6
k63_788622	4043	4801	1	7
k63_788622	5038	5754	1	8
k63_788622	5798	6316	-1	9
k63_889430	3	557	-1	1
k63_889430	619	1248	-1	2
k63_889430	1284	1844	-1	3
k63_889430	1841	2833	-1	4
k63_691467	282	773	-1	1
k63_691467	886	1350	-1	2
k63_691467	1435	1584	-1	3
k63_691467	1605	2144	-1	4
k63_691467	2190	2480	-1	5
k63_691467	2701	3549	-1	6
k63_310125	96	1094	1	1
k63_310125	1101	2576	1	2
k63_984811	1	216	1	1
k63_984811	280	447	1	2
k63_984811	883	1758	-1	3
k63_984811	1784	1888	-1	4
k63_984811	2462	2623	1	5
k63_984811	2710	3801	1	6
k63_310272	1	615	1	1
k63_310272	615	1304	1	2
k63_310272	1301	2590	1	3
k63_597831	138	2639	-1	1
k63_597831	2959	3330	-1	2
k63_310631	45	1004	-1	1
k63_310631	1365	2501	-1	2
k63_310631	2565	3794	-1	3
k63_310631	3797	4531	-1	4
k63_310631	4594	6003	-1	5
k63_115820	2	412	-1	1
k63_115820	1112	1552	-1	2
k63_115820	1531	2010	-1	3
k63_115820	2533	3897	1	4
k63_115820	3910	5352	1	5
k63_1371050	90	926	-1	1
k63_1371050	1212	3131	-1	2
k63_115961	55	2745	-1	1
k63_115961	2927	3355	1	2
k63_115961	3376	4293	-1	3
k63_115961	4372	5646	-1	4
k63_115961	5807	6448	-1	5
k63_115961	6456	7424	-1	6
k63_115961	7417	8130	-1	7
k63_115961	8127	8936	-1	8
k63_115961	8933	9328	-1	9
k63_115961	9519	10028	-1	10
k63_115961	10249	10884	-1	11
k63_1175925	1	174	-1	1
k63_1175925	1095	4628	1	2
k63_691945	3	884	-1	1
k63_691945	1014	1556	-1	2
k63_1371225	57	1163	-1	1
k63_1371225	1163	1633	-1	2
k63_1371225	1750	2613	-1	3
k63_1371225	2648	3550	-1	4
k63_1371225	3667	6171	1	5
k63_1371237	139	480	1	1
k63_1371237	452	574	1	2
k63_1371237	594	971	-1	3
k63_1371237	1032	2558	-1	4
k63_1371237	2697	3491	1	5
k63_1371237	3537	4160	1	6
k63_692164	325	1389	-1	1
k63_692164	1475	1843	-1	2
k63_500374	368	1405	1	1
k63_500374	1402	1965	1	2
k63_500374	2071	3105	-1	3
k63_500374	3227	4384	1	4
k63_500374	4381	5061	1	5
k63_500374	5058	5729	1	6
k63_500374	5801	6871	1	7
k63_500374	6913	8097	1	8
k63_500374	8241	8711	1	9
k63_500374	8786	10585	-1	10
k63_500374	10803	11456	-1	11
k63_500374	11434	11988	-1	12
k63_116359	311	1657	1	1
k63_116359	1717	4053	1	2
k63_116359	4148	4669	1	3
k63_116359	4690	5745	1	4
k63_116359	5838	7067	1	5
k63_116359	7779	10532	1	6
k63_116359	10561	10917	-1	7
k63_116359	10941	12176	-1	8
k63_116359	12257	14494	-1	9
k63_116359	14692	15963	1	10
k63_116359	15965	16138	1	11
k63_1271820	3	1259	1	1
k63_1271820	1261	2379	-1	2
k63_598642	3	110	-1	1
k63_598642	107	571	-1	2
k63_598642	611	1069	-1	3
k63_598642	1066	1602	-1	4
k63_598642	1602	2546	-1	5
k63_1084085	1	315	-1	1
k63_1084085	397	813	-1	2
k63_1084085	847	1284	-1	3
k63_1084085	1349	2005	-1	4
k63_1084085	2223	2771	1	5
k63_1084085	2771	3229	1	6
k63_1084085	3226	4299	1	7
k63_19892	3	95	-1	1
k63_19892	214	1854	1	2
k63_19892	1907	2452	1	3
k63_19892	2718	5243	-1	4
k63_1084130	2	982	-1	1
k63_1084130	1171	1599	1	2
k63_1084130	1694	2272	-1	3
k63_1084130	2352	2459	-1	4
k63_1272243	663	1286	1	1
k63_598987	2	118	-1	1
k63_598987	164	304	-1	2
k63_598987	442	696	-1	3
k63_598987	914	1309	-1	4
k63_116932	140	1153	1	1
k63_116932	1153	2319	1	2
k63_116932	2540	3670	1	3
k63_116932	3610	3783	-1	4
k63_116932	3734	4261	-1	5
k63_116932	4351	6705	-1	6
k63_116932	6712	7371	-1	7
k63_116932	7660	8901	1	8
k63_116932	8946	11069	1	9
k63_116932	11112	11285	1	10
k63_500940	186	1559	1	1
k63_500940	1562	1975	1	2
k63_500940	1968	2612	1	3
k63_1272269	1	135	1	1
k63_1272269	356	676	1	2
k63_1272269	736	1260	1	3
k63_1272269	1444	1650	-1	4
k63_1272269	1607	3001	-1	5
k63_1272269	3059	4351	-1	6
k63_1272269	4348	5442	-1	7
k63_1272269	5439	8930	-1	8
k63_1272269	9693	10007	1	9
k63_1272269	10027	10695	1	10
k63_1272269	10776	12017	1	11
k63_1272269	12014	13216	1	12
k63_1272269	13288	13914	1	13
k63_1272269	14285	16453	1	14
k63_1272269	16460	17422	-1	15
k63_1272269	17427	18854	-1	16
k63_1272269	19004	19126	-1	17
k63_1272269	19325	20089	1	18
k63_1272269	20215	21384	-1	19
k63_1272269	21474	22751	-1	20
k63_1272269	22933	23001	1	21
k63_210411	86	1573	1	1
k63_210411	1610	2434	1	2
k63_210411	2604	4151	1	3
k63_1177450	166	450	1	1
k63_1177450	1135	1320	1	2
k63_1177450	1345	1860	1	3
k63_1177450	1869	2408	-1	4
k63_501554	248	1945	1	1
k63_501554	1972	4050	-1	2
k63_501554	4132	4827	1	3
k63_501554	4797	5756	1	4
k63_501554	5778	6164	1	5
k63_501554	6164	7279	1	6
k63_501554	7409	8554	1	7
k63_501554	8547	11687	1	8
k63_790944	2	1696	-1	1
k63_790944	1999	2178	1	2
k63_790944	2196	3002	1	3
k63_790944	2867	3319	-1	4
k63_790944	3393	3797	1	5
k63_693706	1	1149	1	1
k63_693706	1414	2562	1	2
k63_693706	2657	2890	1	3
k63_1372879	3	116	-1	1
k63_1372879	200	2863	-1	2
k63_1372879	2864	3367	-1	3
k63_1372879	3372	3848	-1	4
k63_1372879	4071	5414	1	5
k63_1372879	5419	5850	1	6
k63_1372879	5847	6101	1	7
k63_1372879	6181	7371	1	8
k63_1372879	7387	7770	-1	9
k63_1372879	8074	9720	-1	10
k63_1372879	9846	10970	1	11
k63_1372879	11035	11757	1	12
k63_1372879	11864	13813	1	13
k63_1085478	245	1456	1	1
k63_117961	225	1043	1	1
k63_117961	1040	1138	1	2
k63_117961	1135	1719	1	3
k63_117961	1716	2297	-1	4
k63_117961	2278	3111	-1	5
k63_1273243	2	2218	1	1
k63_1273243	2425	3003	1	2
k63_1273243	3412	4569	-1	3
k63_1273243	4860	4979	1	4
k63_1273243	4996	5391	1	5
k63_1273243	5425	6162	-1	6
k63_1273243	6159	7055	-1	7
k63_1273243	7195	8103	1	8
k63_1273243	8277	9320	1	9
k63_1273243	9409	10017	1	10
k63_1273243	10014	10919	1	11
k63_1273243	11004	12128	1	12
k63_1273243	12130	13572	1	13
k63_1273243	13670	14113	1	14
k63_21401	1	594	1	1
k63_21401	1270	2184	-1	2
k63_21401	2326	3147	1	3
k63_21401	3201	3710	1	4
k63_21401	3869	8125	1	5
k63_21401	8209	8967	-1	6
k63_21401	8975	9757	-1	7
k63_21401	9912	10409	1	8
k63_118029	123	491	-1	1
k63_118029	488	1663	-1	2
k63_501925	1	699	1	1
k63_501925	701	1258	1	2
k63_501925	1251	1925	1	3
k63_501925	1922	2461	1	4
k63_501925	2466	3467	1	5
k63_501925	3490	5874	1	6
k63_501925	6056	7729	1	7
k63_791385	209	616	1	1
k63_791385	699	1544	1	2
k63_600063	1	1170	1	1
k63_600063	1174	1926	1	2
k63_600063	1923	2663	1	3
k63_600063	2743	3009	1	4
k63_694109	66	1934	-1	1
k63_694109	2266	2394	1	2
k63_21669	1	345	1	1
k63_21669	336	1985	1	2
k63_21669	2099	2845	1	3
k63_1373617	345	2579	-1	1
k63_1373617	2729	5389	1	2
k63_1373617	5645	5788	1	3
k63_1373617	5801	6397	1	4
k63_987909	11	952	-1	1
k63_987909	1035	1739	-1	2
k63_987909	1755	2759	-1	3
k63_987909	2926	3396	1	4
k63_211408	1	213	-1	1
k63_211408	523	1530	-1	2
k63_211408	1761	2792	-1	3
k63_211408	3083	3232	1	4
k63_211427	249	1589	1	1
k63_211427	1766	2254	-1	2
k63_211427	2319	2537	-1	3
k63_211427	2559	3251	-1	4
k63_211427	3392	4567	-1	5
k63_211427	4783	4947	1	6
k63_211427	4992	5312	1	7
k63_211427	5332	6168	-1	8
k63_211427	6186	7181	-1	9
k63_211427	7355	8197	1	10
k63_694678	97	1155	1	1
k63_694678	1472	1723	-1	2
k63_694728	2	322	1	1
k63_694728	299	2716	-1	2
k63_1178746	709	3207	1	1
k63_211595	1	336	1	1
k63_211595	534	737	-1	2
k63_211595	1023	1391	-1	3
k63_694813	1	222	1	1
k63_694813	436	969	-1	2
k63_694813	1373	4633	1	3
k63_694813	4671	5717	1	4
k63_694813	5714	6775	1	5
k63_694813	6784	8700	1	6
k63_694813	8707	9711	1	7
k63_694813	9708	10535	1	8
k63_1178869	3	3203	-1	1
k63_1178869	3187	4629	-1	2
k63_1178869	4631	5248	-1	3
k63_1178869	5522	5749	-1	4
k63_1178869	5774	6493	1	5
k63_211736	3	1406	1	1
k63_211736	1595	2794	-1	2
k63_211736	2821	3348	-1	3
k63_211736	4426	5103	1	4
k63_211736	5194	6216	1	5
k63_211736	6408	7010	1	6
k63_410074	1	1833	-1	1
k63_410074	1841	3907	-1	2
k63_410074	3904	3999	-1	3
k63_1374083	127	2358	1	1
k63_1374083	2355	3470	1	2
k63_1374083	3467	4420	1	3
k63_1374083	4417	6402	1	4
k63_1374083	6437	9757	1	5
k63_792253	207	2756	-1	1
k63_792253	2868	3593	1	2
k63_792253	3627	5474	1	3
k63_792253	5503	6039	-1	4
k63_792253	6032	8947	-1	5
k63_792253	9193	9480	-1	6
k63_792253	9688	10938	-1	7
k63_792253	11287	12216	1	8
k63_792253	12315	13013	1	9
k63_792253	13273	14415	1	10
k63_792253	14412	17654	1	11
k63_792253	17879	18352	1	12
k63_792253	18362	19060	1	13
k63_792253	19228	19467	1	14
k63_792253	19482	19721	1	15
k63_600966	1	729	-1	1
k63_600966	1127	3172	-1	2
k63_600966	3199	4104	-1	3
k63_600966	4101	4352	-1	4
k63_600966	4357	4668	-1	5
k63_600966	4672	5337	-1	6
k63_600966	5334	6050	-1	7
k63_600966	6394	6606	1	8
k63_600966	6917	7069	1	9
k63_503305	537	1211	-1	1
k63_503305	1571	1801	1	2
k63_1274403	1	141	1	1
k63_1274403	310	1779	-1	2
k63_1274403	1865	2251	-1	3
k63_1274403	2337	3992	-1	4
k63_1274403	4107	4418	1	5
k63_314927	2	2512	1	1
k63_314927	2582	3055	1	2
k63_314927	3169	4209	-1	3
k63_314927	4237	4968	-1	4
k63_314927	4928	5542	-1	5
k63_314958	277	1332	-1	1
k63_314958	1329	2213	-1	2
k63_314958	2220	2588	-1	3
k63_314958	2585	3391	-1	4
k63_314958	3404	4732	-1	5
k63_314958	4776	7058	-1	6
k63_314958	7255	8256	1	7
k63_314958	8253	8951	1	8
k63_314958	9012	9707	1	9
k63_314958	9704	10348	1	10
k63_314958	10404	11993	1	11
k63_314958	12179	13342	1	12
k63_314958	13697	14014	1	13
k63_120039	1	612	1	1
k63_120039	653	874	1	2
k63_120039	1644	1781	1	3
k63_120039	1778	2125	1	4
k63_120039	2122	2472	1	5
k63_120039	2451	3680	1	6
k63_411028	1	591	-1	1
k63_411028	592	1416	-1	2
k63_1179775	3	1553	1	1
k63_1179775	1550	2824	1	2
k63_1179775	3028	3291	-1	3
k63_315219	2	100	1	1
k63_315219	209	469	1	2
k63_315219	630	1976	1	3
k63_315219	2094	3203	1	4
k63_315219	3247	4119	1	5
k63_315219	4198	5490	1	6
k63_315219	5497	5691	1	7
k63_315219	5798	6334	1	8
k63_120245	2	109	1	1
k63_120245	507	758	1	2
k63_120245	814	1659	1	3
k63_895067	56	373	-1	1
k63_895067	662	925	1	2
k63_895067	1189	1479	1	3
k63_895067	1508	3148	1	4
k63_895067	3294	3956	1	5
k63_895067	4063	4800	1	6
k63_411264	282	1106	-1	1
k63_411264	1445	2674	-1	2
k63_411264	2795	3643	1	3
k63_411264	3564	4442	-1	4
k63_411264	4452	5507	-1	5
k63_1375210	2	175	-1	1
k63_1375210	241	1140	1	2
k63_1375210	1115	1444	1	3
k63_1375210	1428	1535	-1	4
k63_315477	97	1206	-1	1
k63_315477	1212	2054	-1	2
k63_315477	2051	2206	-1	3
k63_315477	2651	3385	-1	4
k63_23804	232	2127	1	1
k63_23804	2276	3160	1	2
k63_23804	3437	3910	1	3
k63_23804	3914	4141	1	4
k63_23804	4148	4594	1	5
k63_23804	4748	6184	1	6
k63_23804	6184	7557	1	7
k63_895346	3	275	1	1
k63_895346	603	998	1	2
k63_895346	1518	1841	1	3
k63_895346	1972	2607	-1	4
k63_895346	2559	3011	-1	5
k63_895346	3122	3415	1	6
k63_895346	3809	4588	-1	7
k63_895346	4733	5893	-1	8
k63_1375430	356	3103	-1	1
k63_1375430	3170	3541	1	2
k63_1375430	3563	4522	-1	3
k63_212944	125	1765	-1	1
k63_212944	1919	2767	1	2
k63_696579	19	1707	-1	1
k63_696579	1704	2171	-1	2
k63_696579	2210	2824	-1	3
k63_696579	2821	3591	-1	4
k63_696579	3588	4190	-1	5
k63_696579	4441	5079	1	6
k63_412035	1	171	-1	1
k63_412035	218	871	1	2
k63_412035	871	1539	1	3
k63_412035	1536	2609	1	4
k63_1375991	314	2743	-1	1
k63_412124	80	1060	-1	1
k63_412124	1089	2177	-1	2
k63_412124	2306	3268	-1	3
k63_316228	57	1466	-1	1
k63_316228	1516	1767	-1	2
k63_316228	1996	2457	1	3
k63_316228	2454	2756	1	4
k63_316228	2982	3623	1	5
k63_316228	3623	6028	1	6
k63_316228	6219	6647	-1	7
k63_316228	6640	7104	-1	8
k63_316228	7141	7770	-1	9
k63_316228	7767	8375	-1	10
k63_316228	8487	8879	1	11
k63_316228	9131	10444	-1	12
k63_316228	10441	10812	-1	13
k63_316228	10923	11099	1	14
k63_1275894	438	2372	1	1
k63_1275894	2655	3092	-1	2
k63_1275894	3263	4465	1	3
k63_213408	2	2374	-1	1
k63_794232	2	103	1	1
k63_794232	179	346	-1	2
k63_794232	810	1424	1	3
k63_794232	1439	2860	1	4
k63_794232	2910	4250	-1	5
k63_794232	4425	5231	-1	6
k63_794232	5228	6115	-1	7
k63_794232	6478	6828	-1	8
k63_794232	6860	7672	-1	9
k63_794232	7651	8154	-1	10
k63_794232	8160	8663	-1	11
k63_794232	8731	11784	-1	12
k63_794232	11850	15068	-1	13
k63_794232	15163	16362	-1	14
k63_794232	16697	18085	-1	15
k63_794232	18220	19482	1	16
k63_794232	19510	20169	-1	17
k63_794232	20223	20834	-1	18
k63_794232	20831	21010	-1	19
k63_794232	21007	22269	-1	20
k63_794232	22324	23805	-1	21
k63_794232	23890	23988	1	22
k63_794232	23970	25907	1	23
k63_794232	26114	26206	-1	24
k63_794234	77	796	-1	1
k63_794234	886	1989	-1	2
k63_794234	2338	2793	1	3
k63_794234	2888	3040	1	4
k63_794244	2	94	1	1
k63_794244	91	1320	-1	2
k63_794244	1336	2238	-1	3
k63_602597	273	656	1	1
k63_602597	960	1646	-1	2
k63_1180826	359	667	1	1
k63_1180826	756	1136	1	2
k63_1180826	1133	2893	1	3
k63_1180826	2939	3673	1	4
k63_1180826	4395	4844	1	5
k63_1180826	5118	5480	1	6
k63_1180826	5473	6630	1	7
k63_896721	20	1006	-1	1
k63_896721	1139	1585	-1	2
k63_896721	1659	3347	-1	3
k63_896721	3645	4439	1	4
k63_896721	4436	5092	1	5
k63_896721	5108	5479	1	6
k63_991470	171	719	-1	1
k63_991470	724	1101	-1	2
k63_991470	1277	2473	-1	3
k63_213806	272	1723	-1	1
k63_213806	1926	3275	1	2
k63_213806	3341	5011	-1	3
k63_213806	5253	5504	1	4
k63_213806	5501	5704	1	5
k63_794674	47	970	-1	1
k63_794674	979	3399	-1	2
k63_794674	3510	4259	-1	3
k63_794674	4421	4972	1	4
k63_794674	4972	7020	1	5
k63_794674	7377	8291	1	6
k63_794674	8284	9249	1	7
k63_794674	9421	11874	-1	8
k63_794674	11973	13151	-1	9
k63_795000	60	1598	-1	1
k63_795000	1595	2914	-1	2
k63_795000	3082	3504	-1	3
k63_795000	4148	5581	-1	4
k63_795003	213	695	1	1
k63_795003	751	2361	-1	2
k63_795003	2361	2561	-1	3
k63_795004	132	584	-1	1
k63_795004	708	1706	1	2
k63_795004	1905	2591	1	3
k63_795004	2602	3351	1	4
k63_795004	3477	5048	-1	5
k63_795004	5311	5544	1	6
k63_795004	5593	6027	-1	7
k63_795004	6024	6287	-1	8
k63_795004	6510	8501	-1	9
k63_214319	1	831	1	1
k63_214319	824	1186	1	2
k63_214319	1180	2604	1	3
k63_214319	3114	3383	-1	4
k63_214319	3380	5410	-1	5
k63_317890	22	1173	-1	1
k63_317890	1500	1901	1	2
k63_317890	1898	2401	1	3
k63_317890	2486	2764	-1	4
k63_317890	2733	4529	-1	5
k63_317890	4522	5502	-1	6
k63_317890	5492	5695	-1	7
k63_317890	5777	5869	1	8
k63_795216	238	2118	1	1
k63_413999	3	587	-1	1
k63_413999	1609	2703	1	2
k63_413999	2953	3858	-1	3
k63_413999	3887	4480	-1	4
k63_413999	4477	4704	-1	5
k63_413999	5465	8434	-1	6
k63_413999	8456	9265	1	7
k63_413999	9262	10446	1	8
k63_413999	10549	12105	1	9
k63_413999	12209	12448	1	10
k63_898175	3	1109	1	1
k63_898175	1171	1620	1	2
k63_898175	1657	2232	1	3
k63_898175	2214	2699	1	4
k63_214653	65	1993	-1	1
k63_214653	2082	3044	-1	2
k63_1091390	1	720	-1	1
k63_1091390	717	1832	-1	2
k63_1091390	1816	3168	-1	3
k63_1091390	3233	3325	1	4
k63_698983	3	158	-1	1
k63_698983	326	4366	1	2
k63_698983	4458	5285	1	3
k63_699016	1	1626	-1	1
k63_699016	1689	2168	-1	2
k63_699016	2268	2345	-1	3
k63_604097	117	1883	1	1
k63_604097	1940	2224	1	2
k63_604097	2221	2586	1	3
k63_604097	2589	5282	1	4
k63_604097	5286	6524	1	5
k63_604097	6521	6886	1	6
k63_604097	7124	8137	1	7
k63_604097	8130	9059	1	8
k63_604097	9349	10170	1	9
k63_604097	10199	11167	1	10
k63_604097	11207	11845	1	11
k63_506552	99	1112	1	1
k63_506552	1183	2541	1	2
k63_506552	2608	2847	1	3
k63_795636	45	848	1	1
k63_795636	848	1609	1	2
k63_795636	1683	2039	-1	3
k63_795636	2036	2638	-1	4
k63_795636	2631	4391	-1	5
k63_795636	4393	4710	1	6
k63_604167	149	1327	-1	1
k63_604167	1498	2412	1	2
k63_604167	2417	3346	1	3
k63_604167	3340	4131	-1	4
k63_604167	4144	4908	-1	5
k63_604167	4872	5372	-1	6
k63_604167	5369	6055	-1	7
k63_604167	6059	6457	-1	8
k63_604167	6537	7751	-1	9
k63_604167	7850	8179	-1	10
k63_604167	8292	9659	1	11
k63_604167	9644	10720	1	12
k63_604167	10717	11160	1	13
k63_604167	11157	12044	1	14
k63_604167	12058	13548	1	15
k63_604167	13653	16082	1	16
k63_604167	16079	16591	1	17
k63_604167	16575	16649	1	18
k63_604229	2	322	-1	1
k63_604229	430	1611	1	2
k63_604229	1799	3622	1	3
k63_1182449	9	929	-1	1
k63_1182449	932	2005	1	2
k63_1182449	2199	2594	-1	3
k63_1182449	2713	4956	1	4
k63_1182449	5081	5527	-1	5
k63_27349	1	81	1	1
k63_27349	167	5389	1	2
k63_506985	55	957	-1	1
k63_506985	957	2429	-1	2
k63_506985	2566	3237	-1	3
k63_507037	2	127	1	1
k63_507037	140	721	-1	2
k63_507037	728	1801	-1	3
k63_507037	1803	2306	-1	4
k63_124381	3	119	1	1
k63_124381	613	1272	1	2
k63_124381	1383	1601	-1	3
k63_124381	1623	1901	-1	4
k63_124381	1927	2967	-1	5
k63_124381	3103	3225	1	6
k63_415495	2	628	1	1
k63_415495	625	1347	1	2
k63_415495	1423	4053	-1	3
k63_415495	4181	4789	-1	4
k63_415495	4794	5561	-1	5
k63_27694	2	664	1	1
k63_27694	679	1527	1	2
k63_27694	1614	1964	1	3
k63_27694	1961	2155	1	4
k63_27694	2109	2354	1	5
k63_27694	2556	2654	1	6
k63_700052	82	1581	-1	1
k63_700052	1596	2963	-1	2
k63_700052	3027	4067	-1	3
k63_700052	4223	4750	1	4
k63_604833	3	113	1	1
k63_604833	193	696	1	2
k63_604833	707	1486	-1	3
k63_604833	1483	2502	-1	4
k63_604833	2454	3257	-1	5
k63_604833	3254	3613	-1	6
k63_604833	3702	5642	-1	7
k63_507575	1	1779	-1	1
k63_28275	3	89	-1	1
k63_28275	183	1736	-1	2
k63_28275	1739	3433	-1	3
k63_28275	3607	5115	1	4
k63_28275	5209	6147	1	5
k63_28275	6291	7691	1	6
k63_28275	7785	8102	1	7
k63_28275	8116	9771	1	8
k63_28275	9768	11486	1	9
k63_1183367	3	104	1	1
k63_1183367	101	850	1	2
k63_1183367	1108	1902	1	3
k63_1183367	2342	2617	1	4
k63_1183367	2684	2917	-1	5
k63_1183367	2907	3164	-1	6
k63_700587	172	1137	-1	1
k63_700587	1415	2692	1	2
k63_700587	2679	3449	1	3
k63_700587	3494	3559	1	4
k63_605160	3	644	-1	1
k63_605160	1221	2027	-1	2
k63_605160	2097	2810	-1	3
k63_28467	172	3972	1	1
k63_1094233	1	777	-1	1
k63_1094233	780	2129	-1	2
k63_1094233	2119	2649	-1	3
k63_1094233	2662	2898	-1	4
k63_508105	1	1434	1	1
k63_508105	1456	1884	1	2
k63_508105	1891	2424	-1	3
k63_1094237	43	1416	-1	1
k63_1094237	1437	2870	1	2
k63_1094237	2907	4040	-1	3
k63_1094237	4118	5230	-1	4
k63_995760	2	418	-1	1
k63_995760	481	2436	1	2
k63_1381469	129	248	-1	1
k63_1381469	407	916	-1	2
k63_1381469	1099	1620	-1	3
k63_1381469	1813	1989	-1	4
k63_1381469	2024	2182	1	5
k63_1094661	2	169	-1	1
k63_1094661	195	1340	-1	2
k63_1094661	1464	3002	-1	3
k63_797693	1	489	1	1
k63_797693	486	1274	1	2
k63_797693	1193	1531	-1	3
k63_797693	1986	3281	-1	4
k63_797693	3317	3421	-1	5
k63_417836	3	395	-1	1
k63_417836	495	932	-1	2
k63_417836	1034	1150	1	3
k63_417836	1243	1659	-1	4
k63_417836	1656	1934	-1	5
k63_417836	2022	2339	1	6
k63_322701	402	641	1	1
k63_322701	996	1691	1	2
k63_322701	1688	1942	1	3
k63_322701	2216	2689	1	4
k63_322701	2754	4658	1	5
k63_322819	89	1576	-1	1
k63_322819	1722	2357	-1	2
k63_322819	2493	3218	-1	3
k63_322819	3215	4723	-1	4
k63_322819	4720	5796	-1	5
k63_322819	5880	7577	-1	6
k63_322819	7578	8174	-1	7
k63_418174	57	1733	-1	1
k63_418174	1946	2779	1	2
k63_418174	2733	3800	-1	3
k63_418174	4278	5396	1	4
k63_418174	5446	6159	1	5
k63_418174	6057	7232	-1	6
k63_418174	7236	7766	-1	7
k63_418174	7791	8411	1	8
k63_418174	8397	9506	-1	9
k63_1184695	257	1027	1	1
k63_1184695	1094	1849	-1	2
k63_1184695	1846	4734	-1	3
k63_1184695	4712	5155	-1	4
k63_1184695	5188	5775	-1	5
k63_1184695	5973	6773	1	6
k63_1184695	6770	7132	1	7
k63_1184695	7129	8043	-1	8
k63_1184695	8321	9307	1	9
k63_1184695	9392	10687	1	10
k63_1184695	10697	11728	1	11
k63_1184695	11725	12741	1	12
k63_606373	1	591	-1	1
k63_606373	588	2102	-1	2
k63_1280520	2	403	-1	1
k63_1280520	440	1639	-1	2
k63_1280520	1667	2227	-1	3
k63_419126	3	1301	-1	1
k63_419126	1363	1626	-1	2
k63_1280806	2	103	-1	1
k63_1280806	129	1526	-1	2
k63_1280806	1543	2145	-1	3
k63_1280806	2260	2667	-1	4
k63_1280806	2720	3238	-1	5
k63_1280806	3242	4744	-1	6
k63_1280806	4750	5520	-1	7
k63_998376	215	1579	1	1
k63_998376	1576	3450	1	2
k63_1097084	1	1473	1	1
k63_1097084	1615	3276	1	2
k63_1097084	3327	3692	1	3
k63_904200	3	2264	1	1
k63_607578	44	895	1	1
k63_607578	920	2314	-1	2
k63_607578	2636	3520	1	3
k63_607578	3517	5340	1	4
k63_607578	5337	6380	1	5
k63_607578	6386	6895	1	6
k63_607578	6892	8610	1	7
k63_607578	8607	9494	1	8
k63_325289	2	2332	1	1
k63_325289	2339	2590	1	2
k63_1186008	35	388	-1	1
k63_1186008	717	1016	-1	2
k63_1186008	1013	1513	-1	3
k63_1186008	1506	1964	-1	4
k63_1186008	2100	3758	1	5
k63_1186008	3763	5076	1	6
k63_1186008	5204	6022	1	7
k63_1186008	6036	6137	1	8
k63_325553	2	97	-1	1
k63_325553	320	1102	1	2
k63_325553	1086	2264	1	3
k63_325553	2299	3477	1	4
k63_325553	3474	6614	1	5
k63_325553	6611	6691	-1	6
k63_705026	3	299	-1	1
k63_705026	318	767	1	2
k63_705026	764	1039	1	3
k63_705026	1045	1326	1	4
k63_705026	1969	2646	1	5
k63_705026	2737	5028	1	6
k63_705026	5022	5333	1	7
k63_705026	5210	5971	-1	8
k63_1098885	2	3694	1	1
k63_1098885	3788	5155	1	2
k63_1098885	5161	7059	-1	3
k63_1098885	7064	8203	-1	4
k63_1098885	8398	8808	1	5
k63_1098885	8826	9245	-1	6
k63_1098885	9269	9619	1	7
k63_1098885	9663	10754	1	8
k63_1098885	10891	11571	1	9
k63_1098885	11614	13173	1	10
k63_1098885	13163	13831	1	11
k63_1098885	14042	14326	1	12
k63_1098885	14556	15158	-1	13
k63_1098885	15155	16357	-1	14
k63_1098885	16451	17659	-1	15
k63_1098885	17679	18797	-1	16
k63_1098885	19155	21140	1	17
k63_1098885	21158	22075	1	18
k63_1098885	22157	22264	1	19
k63_1098885	22392	23036	1	20
k63_1098885	23055	24449	1	21
k63_421198	3	233	-1	1
k63_421198	254	535	-1	2
k63_421198	987	2006	1	3
k63_421198	2003	2776	1	4
k63_421198	2903	3361	-1	5
k63_421198	3809	4666	-1	6
k63_421198	4654	5757	-1	7
k63_131448	236	1555	1	1
k63_131448	1650	1868	-1	2
k63_131448	2639	2827	1	3
k63_131448	2880	3971	1	4
k63_131448	3968	4921	1	5
k63_131448	5010	6095	1	6
k63_131448	6131	7411	1	7
k63_131448	7430	7618	1	8
k63_906534	198	3023	1	1
k63_906534	3214	4173	1	2
k63_906534	4502	4987	1	3
k63_906534	4935	6227	-1	4
k63_906534	6220	9831	-1	5
k63_906534	9860	10495	-1	6
k63_906534	10586	11773	-1	7
k63_906534	11940	12245	1	8
k63_906534	12409	12735	-1	9
k63_327641	195	2207	-1	1
k63_327641	2509	3135	1	2
k63_801038	1	486	-1	1
k63_801038	696	1781	1	2
k63_801038	1964	2569	1	3
k63_801038	2566	3924	1	4
k63_801038	4033	5133	1	5
k63_1282968	59	346	-1	1
k63_1282968	500	760	-1	2
k63_1282968	955	1728	-1	3
k63_1282968	1972	2043	1	4
k63_1001515	106	1404	1	1
k63_1001515	1347	1520	-1	2
k63_801412	119	337	1	1
k63_801412	328	1290	1	2
k63_801412	1287	2102	1	3
k63_801412	2222	2953	1	4
k63_801412	2907	3503	1	5
k63_801412	3651	4424	1	6
k63_801412	4443	5282	1	7
k63_512169	3	557	-1	1
k63_512169	554	1819	-1	2
k63_512186	3	173	-1	1
k63_512186	305	574	1	2
k63_512186	571	2013	1	3
k63_512186	2088	2447	1	4
k63_1283224	2	1297	1	1
k63_1283224	1294	1875	1	2
k63_1283224	1872	2321	1	3
k63_1283224	2318	3538	1	4
k63_1283224	3551	5029	1	5
k63_1283224	5199	6407	-1	6
k63_1283224	6441	7931	-1	7
k63_1283224	7924	8646	-1	8
k63_1283224	9070	9864	1	9
k63_1283224	9887	10693	1	10
k63_1283224	10720	11643	1	11
k63_1283224	11666	11830	-1	12
k63_1283224	11916	12389	-1	13
k63_1283224	12400	13545	-1	14
k63_220982	111	563	-1	1
k63_220982	576	1790	-1	2
k63_220982	2066	3292	-1	3
k63_220982	3285	4325	-1	4
k63_220982	4356	5075	-1	5
k63_220982	5190	6476	1	6
k63_220982	6554	7306	1	7
k63_609632	2	2218	1	1
k63_609632	2215	2607	1	2
k63_609632	2626	3423	1	3
k63_609632	3426	4760	1	4
k63_609632	4747	5841	1	5
k63_609632	5838	6818	1	6
k63_609632	6893	7702	1	7
k63_609632	7699	8382	1	8
k63_609632	8398	9027	-1	9
k63_609632	9034	9816	-1	10
k63_609632	9988	10731	1	11
k63_609632	10700	11320	1	12
k63_221001	1	480	1	1
k63_221001	477	3608	1	2
k63_221001	3739	3945	1	3
k63_221001	3969	4376	1	4
k63_423477	3	74	-1	1
k63_423477	100	939	-1	2
k63_423477	1056	1877	-1	3
k63_423477	1937	2617	-1	4
k63_423477	2688	4007	-1	5
k63_908245	3	1316	1	1
k63_908245	1300	2238	-1	2
k63_330358	23	748	1	1
k63_330358	732	1502	1	2
k63_330358	1459	2367	-1	3
k63_330358	2387	3028	-1	4
k63_330358	3028	3960	-1	5
k63_330358	3957	5129	-1	6
k63_330358	5239	5853	-1	7
k63_330358	5949	7889	1	8
k63_37532	1	84	1	1
k63_37532	81	539	-1	2
k63_37532	674	1747	1	3
k63_37532	1827	2354	1	4
k63_37532	2601	3746	-1	5
k63_37532	3757	4176	-1	6
k63_37532	4446	5468	-1	7
k63_37532	5497	7461	-1	8
k63_37532	7461	8402	-1	9
k63_37532	8543	10012	-1	10
k63_37532	10009	11499	-1	11
k63_37532	11496	11834	-1	12
k63_1003889	264	1550	-1	1
k63_610690	93	1115	1	1
k63_610690	1112	2056	1	2
k63_610690	2178	5426	1	3
k63_610690	5542	6888	-1	4
k63_610690	7080	7460	1	5
k63_610690	7448	7825	1	6
k63_610690	7822	9594	1	7
k63_610690	9645	10349	1	8
k63_610690	10383	11975	1	9
k63_513666	280	831	-1	1
k63_513666	941	1804	1	2
k63_513666	2010	2183	1	3
k63_513666	2191	2763	-1	4
k63_513666	3079	3363	-1	5
k63_513666	3433	4359	-1	6
k63_513666	4610	5410	1	7
k63_513666	5299	5580	-1	8
k63_513666	5541	6149	-1	9
k63_513666	6171	7082	1	10
k63_1189295	57	1589	-1	1
k63_1189295	1944	5099	-1	2
k63_1189295	5096	7699	-1	3
k63_1189295	7772	8335	-1	4
k63_1189295	8332	8706	-1	5
k63_1189295	8703	8948	-1	6
k63_513758	43	519	-1	1
k63_513758	646	4170	1	2
k63_513758	4278	4712	1	3
k63_513758	4874	6445	-1	4
k63_513758	6778	7464	1	5
k63_513758	7685	8023	1	6
k63_513758	8143	9402	1	7
k63_513758	9642	9788	1	8
k63_425402	85	480	1	1
k63_425402	486	1031	1	2
k63_425402	1164	1499	1	3
k63_425402	1496	1966	1	4
k63_425402	2071	3171	1	5
k63_514062	121	855	-1	1
k63_514062	863	2458	-1	2
k63_38730	1	642	1	1
k63_38730	639	1475	1	2
k63_38730	1539	2228	1	3
k63_38787	3	551	-1	1
k63_38787	541	1728	-1	2
k63_38787	2313	3551	-1	3
k63_38787	3548	3817	-1	4
k63_222833	3	227	-1	1
k63_222833	254	1054	1	2
k63_222833	1331	1648	-1	3
k63_222833	2011	2634	-1	4
k63_222833	2681	3523	1	5
k63_222833	3524	4504	1	6
k63_222833	4590	5732	1	7
k63_710232	212	1894	1	1
k63_710232	2006	2167	1	2
k63_514497	1	93	-1	1
k63_514497	221	1132	-1	2
k63_514497	1228	1338	1	3
k63_514497	1387	1671	1	4
k63_514497	1664	1906	1	5
k63_514497	1948	2322	1	6
k63_514497	2527	2880	1	7
k63_514497	2924	4204	1	8
k63_514497	4191	4913	-1	9
k63_514497	4993	5460	1	10
k63_514497	5744	5962	1	11
k63_514497	5959	6357	1	12
k63_514497	6426	7112	1	13
k63_514497	7118	7915	-1	14
k63_1392111	2	772	-1	1
k63_1392111	730	1227	-1	2
k63_1392111	1280	1630	-1	3
k63_1392111	1993	2154	-1	4
k63_1392111	2252	3304	-1	5
k63_223456	3	269	-1	1
k63_223456	716	1897	-1	2
k63_223456	1912	2751	-1	3
k63_223456	2906	3865	1	4
k63_1006302	2	664	1	1
k63_1006302	670	1680	1	2
k63_136724	239	718	1	1
k63_136724	1031	1681	1	2
k63_136724	1709	2302	-1	3
k63_136724	2292	3200	-1	4
k63_136724	3200	4333	-1	5
k63_136724	4514	5254	-1	6
k63_136724	5506	5862	1	7
k63_136724	5859	7244	-1	8
k63_136724	7253	8275	-1	9
k63_136724	8314	9363	-1	10
k63_136724	9696	10967	-1	11
k63_136724	10964	11563	-1	12
k63_1285831	146	1153	1	1
k63_1285831	1625	2413	1	2
k63_1285831	2517	3137	1	3
k63_1285831	3166	3276	-1	4
k63_1285831	3231	3737	-1	5
k63_1285831	3929	4195	1	6
k63_223771	2	217	-1	1
k63_223771	199	504	-1	2
k63_223771	551	1126	-1	3
k63_223771	1443	6314	1	4
k63_223771	6377	7528	-1	5
k63_912147	3	1190	1	1
k63_805028	54	524	-1	1
k63_805028	521	832	-1	2
k63_805028	990	2459	1	3
k63_805028	2547	4130	1	4
k63_805028	4172	4600	1	5
k63_711604	94	828	-1	1
k63_711604	825	2009	-1	2
k63_711604	2006	3550	-1	3
k63_711604	3674	4090	1	4
k63_711604	4097	4576	1	5
k63_711604	4569	5999	-1	6
k63_711604	5989	7083	-1	7
k63_711604	7219	7455	-1	8
k63_711604	7452	8531	-1	9
k63_711604	8578	9018	1	10
k63_711604	9024	9806	-1	11
k63_711604	9832	10188	-1	12
k63_711604	10217	10429	-1	13
k63_711604	10462	11124	-1	14
k63_711604	11135	13333	-1	15
k63_711604	13431	13577	1	16
k63_711604	13640	14560	1	17
k63_1007084	257	1123	1	1
k63_1007084	1396	1803	1	2
k63_1007084	1845	2951	-1	3
k63_1007084	2948	3550	-1	4
k63_1007084	3547	3975	-1	5
k63_1007084	3972	4571	-1	6
k63_137494	1	963	-1	1
k63_137494	1104	1718	1	2
k63_137494	1784	2269	-1	3
k63_137494	2278	3324	-1	4
k63_137494	3321	3539	-1	5
k63_137494	3536	3694	-1	6
k63_137494	3842	4351	-1	7
k63_137494	4376	6883	-1	8
k63_137494	6908	7522	-1	9
k63_137494	7572	8828	-1	10
k63_137494	8851	9558	-1	11
k63_137494	9663	12026	-1	12
k63_137494	12017	12799	-1	13
k63_1007336	3	719	-1	1
k63_1007336	837	1091	-1	2
k63_1007336	1179	2819	-1	3
k63_1007336	3385	5004	-1	4
k63_1394586	3	386	1	1
k63_1394586	414	1562	1	2
k63_1394586	1576	2568	1	3
k63_1394586	2568	3548	1	4
k63_1394586	3567	4808	1	5
k63_1394586	4917	5231	-1	6
k63_429531	2	1678	-1	1
k63_429531	1777	1899	1	2
k63_429531	1915	2841	-1	3
k63_429531	2912	3127	-1	4
k63_138761	356	1669	1	1
k63_138761	1666	2682	1	2
k63_336135	254	1885	1	1
k63_336135	1948	2283	-1	2
k63_713375	2	1402	1	1
k63_713375	1399	3597	1	2
k63_713375	3673	5103	1	3
k63_713375	5150	6685	1	4
k63_713375	6692	6844	1	5
k63_430429	3	812	1	1
k63_430429	1094	1876	-1	2
k63_430429	1900	3972	-1	3
k63_430429	3977	5137	-1	4
k63_914270	18	554	-1	1
k63_914270	551	1381	-1	2
k63_43169	2	163	1	1
k63_43169	223	1512	1	2
k63_43169	1467	2882	1	3
k63_1396379	3	1031	1	1
k63_1396379	1295	1492	1	2
k63_1396379	1499	1975	1	3
k63_1396379	2015	3265	1	4
k63_43296	3	800	1	1
k63_43296	865	2484	1	2
k63_43296	2537	3349	-1	3
k63_43296	3475	4263	-1	4
k63_43296	4244	4498	-1	5
k63_225612	1	915	1	1
k63_225612	1003	1743	-1	2
k63_225612	1764	2507	-1	3
k63_225612	2504	3346	-1	4
k63_225612	3498	4277	1	5
k63_225612	4458	6545	-1	6
k63_1108789	2	1081	-1	1
k63_1108789	1081	2082	-1	2
k63_1108789	2079	2771	-1	3
k63_1108789	2771	3214	-1	4
k63_1108789	3211	3852	-1	5
k63_1108789	3856	4251	-1	6
k63_1108789	4383	5618	-1	7
k63_1108789	5650	7164	-1	8
k63_1108789	7259	8284	1	9
k63_1108789	8415	9347	-1	10
k63_1108789	9441	10199	-1	11
k63_1108789	10430	12091	1	12
k63_1108789	12096	12635	-1	13
k63_1108789	12656	13627	-1	14
k63_1108789	13703	15064	-1	15
k63_1108789	15214	17016	1	16
k63_1108789	17019	18764	-1	17
k63_1108789	18775	20178	-1	18
k63_1108789	20175	21581	-1	19
k63_1108789	21609	21815	-1	20
k63_337182	3	1442	-1	1
k63_337182	1466	2533	-1	2
k63_337182	2608	3027	-1	3
k63_337182	3024	3278	-1	4
k63_1288176	1	285	-1	1
k63_1288176	362	2131	-1	2
k63_1288176	2240	3037	-1	3
k63_1288176	3037	3879	-1	4
k63_807012	55	1050	-1	1
k63_807012	1064	1933	-1	2
k63_807012	2228	2704	-1	3
k63_807012	2820	3575	-1	4
k63_807012	3810	3995	1	5
k63_140292	2	418	1	1
k63_140292	421	1491	1	2
k63_140292	1572	1973	1	3
k63_614478	2	1549	1	1
k63_614478	1597	2241	1	2
k63_807343	276	1523	1	1
k63_807343	1596	2021	-1	2
k63_807343	2205	3893	-1	3
k63_807343	4051	4161	1	4
k63_1288591	248	1147	1	1
k63_1288591	1390	2475	1	2
k63_1288591	2532	3572	-1	3
k63_1288591	3698	3925	-1	4
k63_517618	372	752	1	1
k63_517618	757	1632	1	2
k63_916087	102	1181	-1	1
k63_916087	1429	1596	-1	2
k63_338570	3	1808	-1	1
k63_338570	1805	3853	-1	2
k63_338570	3907	4008	1	3
k63_141216	2	556	1	1
k63_141216	681	1901	1	2
k63_141216	1898	2317	1	3
k63_338727	1	81	1	1
k63_338727	161	3133	1	2
k63_338727	3143	4309	1	3
k63_338727	4368	5339	-1	4
k63_338727	5364	6143	-1	5
k63_338727	6136	6759	-1	6
k63_338727	6801	6890	-1	7
k63_716052	2	751	1	1
k63_716052	748	1944	1	2
k63_716052	1922	3154	1	3
k63_716052	3151	3957	1	4
k63_338850	1	90	-1	1
k63_338850	139	2019	1	2
k63_45546	315	1484	1	1
k63_45546	1698	4406	1	2
k63_45546	4441	4656	1	3
k63_45546	4826	5152	1	4
k63_716467	2	628	-1	1
k63_716467	619	1341	-1	2
k63_716467	1344	2396	-1	3
k63_716467	2453	2797	-1	4
k63_339541	55	480	-1	1
k63_339541	477	1940	-1	2
k63_339541	2001	3140	1	3
k63_339541	3140	4210	1	4
k63_339541	4086	4637	-1	5
k63_339541	5228	5827	1	6
k63_1111342	1	2382	1	1
k63_433580	139	363	1	1
k63_433580	1336	1572	1	2
k63_808659	860	1642	1	1
k63_808659	1632	2519	1	2
k63_808659	2516	2611	1	3
k63_808659	2645	3064	1	4
k63_434701	198	1433	-1	1
k63_434701	1921	2121	1	2
k63_434701	2237	2449	1	3
k63_434701	2678	3043	-1	4
k63_47821	3	383	-1	1
k63_47821	380	811	-1	2
k63_47821	833	1345	-1	3
k63_47821	1739	3046	1	4
k63_47821	3522	5408	1	5
k63_47821	5431	6462	1	6
k63_47821	6435	6647	1	7
k63_47821	6649	7446	1	8
k63_47821	7450	8934	1	9
k63_47821	9021	10415	1	10
k63_47821	10432	11877	1	11
k63_47821	11892	12638	1	12
k63_47821	12666	15086	-1	13
k63_47821	15111	16184	-1	14
k63_47821	16330	17430	-1	15
k63_47821	17483	18847	-1	16
k63_47821	19659	19955	1	17
k63_47821	20111	21958	1	18
k63_47821	21989	23326	1	19
k63_47821	23387	25276	1	20
k63_47821	25239	25883	1	21
k63_47821	25943	26809	1	22
k63_47821	26826	27692	1	23
k63_47821	27831	28289	1	24
k63_47821	28306	29142	1	25
k63_47821	29163	29399	1	26
k63_47821	29432	29905	1	27
k63_47821	29915	30454	1	28
k63_47821	30489	32042	1	29
k63_47821	32080	32940	1	30
k63_47821	32990	34378	1	31
k63_47821	34391	34813	1	32
k63_47821	35264	36397	1	33
k63_47821	36542	36730	-1	34
k63_228360	3	332	1	1
k63_228360	329	1891	1	2
k63_228360	1888	2736	1	3
k63_48256	1	771	-1	1
k63_48256	768	4397	-1	2
k63_48256	4394	7606	-1	3
k63_48256	7606	7896	-1	4
k63_48256	7886	8128	-1	5
k63_48256	8203	9534	-1	6
k63_1195534	144	1067	-1	1
k63_1195534	1094	1666	-1	2
k63_1195534	1737	2810	1	3
k63_1195534	2857	4083	1	4
k63_1195534	4095	6350	-1	5
k63_1195534	6519	8435	-1	6
k63_1195534	8542	9324	-1	7
k63_1195534	9345	9752	-1	8
k63_1195534	10078	11574	1	9
k63_1195534	11609	12862	-1	10
k63_1195534	13009	14175	1	11
k63_1195534	14169	14966	1	12
k63_1195803	1	417	1	1
k63_1195803	606	2093	1	2
k63_228869	182	1921	-1	1
k63_228869	2348	2815	1	2
k63_228869	3442	4722	1	3
k63_1291270	32	1297	-1	1
k63_1291270	1401	2228	-1	2
k63_1291270	2225	3424	-1	3
k63_1291270	3437	3886	-1	4
k63_1291270	3950	5119	-1	5
k63_1291270	5147	5608	-1	6
k63_617235	295	714	1	1
k63_617235	815	1993	1	2
k63_617235	1990	5256	1	3
k63_617235	5605	6495	1	4
k63_617235	6544	6951	-1	5
k63_617235	7234	8004	1	6
k63_617235	8040	8906	1	7
k63_617235	9048	10262	-1	8
k63_617235	10358	10840	1	9
k63_617235	10992	11831	1	10
k63_229104	3	491	1	1
k63_229104	668	1102	-1	2
k63_229104	1172	1603	-1	3
k63_229104	1600	2712	-1	4
k63_229104	2716	3183	-1	5
k63_229104	3422	5251	1	6
k63_229104	5323	7518	-1	7
k63_229104	7865	8479	1	8
k63_1196267	59	652	-1	1
k63_1196267	661	1914	-1	2
k63_1196267	2127	2543	-1	3
k63_1015789	3	632	-1	1
k63_1015789	896	1084	-1	2
k63_1015789	1497	2645	1	3
k63_1015789	2792	3322	1	4
k63_1015789	3344	4861	-1	5
k63_1015789	4885	5283	-1	6
k63_1015789	5373	6296	1	7
k63_1015789	6313	6783	1	8
k63_1015789	7024	7881	1	9
k63_1114812	2	682	1	1
k63_1114812	729	1532	1	2
k63_1114812	1607	2173	1	3
k63_1114812	2157	2279	1	4
k63_436705	3	1472	-1	1
k63_436705	1811	3598	1	2
k63_436705	3603	5546	1	3
k63_436705	5543	6598	1	4
k63_436705	7022	8896	1	5
k63_49891	60	446	1	1
k63_49891	583	1551	1	2
k63_49891	1548	2225	1	3
k63_49891	2424	2642	1	4
k63_49891	2818	2904	1	5
k63_720529	366	1229	-1	1
k63_720529	1348	2268	-1	2
k63_720529	2359	3753	1	3
k63_720529	3760	5601	1	4
k63_921034	1	885	-1	1
k63_921034	1106	2020	1	2
k63_618328	56	1540	1	1
k63_922004	2	562	1	1
k63_922004	559	1254	1	2
k63_922004	1323	1946	-1	3
k63_147009	110	679	1	1
k63_147009	676	1404	1	2
k63_147009	1730	2515	-1	3
k63_147009	2885	4030	1	4
k63_147009	4062	4535	1	5
k63_147009	4539	4928	1	6
k63_147009	5334	6629	1	7
k63_147009	6745	7272	-1	8
k63_147009	7322	7627	-1	9
k63_147009	7763	7825	1	10
k63_619021	2	736	1	1
k63_619021	1064	2698	1	2
k63_619021	3163	3873	-1	3
k63_619021	3909	4229	-1	4
k63_619021	4409	4546	-1	5
k63_722039	73	486	1	1
k63_722039	505	786	1	2
k63_722039	783	2234	1	3
k63_722039	2246	3361	1	4
k63_722142	3	416	-1	1
k63_722142	413	700	-1	2
k63_722142	715	1869	-1	3
k63_1197832	87	890	-1	1
k63_1197832	887	1579	-1	2
k63_522066	326	1837	1	1
k63_438955	1	1176	1	1
k63_438955	1255	1848	1	2
k63_438955	1861	2199	-1	3
k63_438955	2360	3556	1	4
k63_1198337	256	2805	1	1
k63_1198337	2823	3911	1	2
k63_1198337	3908	5527	1	3
k63_1198337	5572	5820	-1	4
k63_812810	285	722	-1	1
k63_812810	910	1455	-1	2
k63_440883	3	1775	1	1
k63_440883	1744	3015	-1	2
k63_523224	75	872	-1	1
k63_523224	890	1297	1	2
k63_523224	1379	2944	1	3
k63_523224	3118	4680	1	4
k63_523224	4677	5132	1	5
k63_1199129	3	107	1	1
k63_1199129	283	966	1	2
k63_1199129	956	2347	1	3
k63_1199129	2295	2495	1	4
k63_813680	393	2234	1	1
k63_813680	2313	3722	1	2
k63_813680	3895	4605	1	3
k63_813680	4763	5650	-1	4
k63_724755	105	2957	1	1
k63_725383	2	832	-1	1
k63_725383	829	1719	-1	2
k63_442397	298	1611	-1	1
k63_350493	2	76	-1	1
k63_350493	34	321	-1	2
k63_350493	325	738	1	3
k63_350493	786	1415	-1	4
k63_350493	1412	2284	-1	5
k63_350493	2302	5220	-1	6
k63_350493	5217	6695	-1	7
k63_350493	6692	7195	-1	8
k63_350493	7512	10346	1	9
k63_350493	10398	11471	-1	10
k63_350493	11824	12015	1	11
k63_350493	12012	13847	1	12
k63_350493	13834	15687	1	13
k63_350493	15669	16391	1	14
k63_1295824	125	997	-1	1
k63_1295824	994	2310	-1	2
k63_1295824	2426	4114	1	3
k63_1295824	4167	5015	1	4
k63_1295824	5012	6322	1	5
k63_1295824	6316	6630	1	6
k63_1295824	6627	7307	1	7
k63_1295824	7304	8227	1	8
k63_1295824	8362	9303	1	9
k63_1295824	9551	9874	1	10
k63_1295824	9881	12478	-1	11
k63_1295824	12650	13732	1	12
k63_1295824	13774	14229	1	13
k63_1295824	14466	17084	1	14
k63_1295824	17093	18376	1	15
k63_1295824	18512	18712	1	16
k63_1295824	18707	19375	-1	17
k63_622182	106	4302	-1	1
k63_622182	4363	8463	-1	2
k63_622182	8741	9127	-1	3
k63_622182	9180	9713	-1	4
k63_622182	9731	10426	-1	5
k63_622182	10439	10900	-1	6
k63_1409907	2	157	-1	1
k63_1409907	333	869	-1	2
k63_1409907	900	1448	-1	3
k63_1409907	1575	3248	-1	4
k63_1409907	3245	4477	-1	5
k63_1409907	4647	5924	1	6
k63_525285	2	226	1	1
k63_525285	244	1218	1	2
k63_525285	1243	1587	1	3
k63_525285	1575	1718	1	4
k63_525285	1987	3237	1	5
k63_525285	3369	4217	-1	6
k63_525285	4250	4933	-1	7
k63_525285	5014	5838	-1	8
k63_152535	2	142	-1	1
k63_152535	249	470	-1	2
k63_152535	646	1404	1	3
k63_727543	1	930	1	1
k63_727543	930	2027	1	2
k63_727543	2024	3622	1	3
k63_727543	3687	5093	1	4
k63_727543	5099	5662	-1	5
k63_727543	5730	5888	1	6
k63_1023069	158	397	1	1
k63_1023069	376	792	1	2
k63_1023069	866	1762	1	3
k63_1023069	1870	2019	1	4
k63_1023069	2302	2604	1	5
k63_1023069	2620	3027	1	6
k63_1023069	3147	3302	-1	7
k63_1023069	3465	3647	-1	8
k63_928184	186	1031	1	1
k63_928184	1044	1916	1	2
k63_526089	1	489	-1	1
k63_526089	760	1227	-1	2
k63_526089	1524	2030	-1	3
k63_1202581	1	339	1	1
k63_1202581	336	605	1	2
k63_1202581	624	1253	-1	3
k63_1202581	1385	1567	1	4
k63_1202581	1564	2181	1	5
k63_1202581	2369	2701	-1	6
k63_1202581	2799	3077	1	7
k63_1202581	3061	3693	1	8
k63_1202581	4044	4808	1	9
k63_1202581	4783	5352	1	10
k63_1202581	5712	6314	-1	11
k63_1202581	6648	8081	1	12
k63_1202581	8190	8450	1	13
k63_1202581	8660	9652	1	14
k63_1202581	9673	10635	-1	15
k63_1202581	11136	11705	-1	16
k63_1202581	11702	12226	-1	17
k63_1202581	12223	12495	-1	18
k63_1125341	148	405	1	1
k63_1125341	475	1788	1	2
k63_1125341	1785	2879	1	3
k63_1125341	2994	3422	1	4
k63_1125341	3441	3830	1	5
k63_1125341	4046	4729	1	6
k63_1125341	4730	5986	1	7
k63_930966	3	959	-1	1
k63_930966	1171	1545	1	2
k63_930966	1566	1886	1	3
k63_624949	1	102	1	1
k63_624949	99	1142	1	2
k63_624949	1139	1870	1	3
k63_624949	1867	2121	1	4
k63_1203658	60	1718	-1	1
k63_819018	3	701	-1	1
k63_819018	1463	2269	-1	2
k63_156855	265	705	-1	1
k63_156855	805	2856	-1	2
k63_732394	64	1167	-1	1
k63_732394	1133	1990	-1	2
k63_732394	2090	2422	-1	3
k63_732394	2450	2713	-1	4
k63_732394	2975	3868	1	5
k63_157412	175	1248	-1	1
k63_157412	1258	2133	-1	2
k63_157412	2130	3065	-1	3
k63_157412	3062	4111	-1	4
k63_157412	4369	6333	-1	5
k63_157412	6482	7357	-1	6
k63_157412	7354	8523	-1	7
k63_157412	8570	10003	-1	8
k63_157412	10009	11241	-1	9
k63_157412	11231	12556	-1	10
k63_625833	152	1372	1	1
k63_625866	1	1920	-1	1
k63_63539	1	135	1	1
k63_63539	573	800	1	2
k63_63539	800	2338	1	3
k63_63539	2409	2570	1	4
k63_238281	428	529	-1	1
k63_238281	742	1269	1	2
k63_238281	1305	1505	1	3
k63_238281	1596	1952	1	4
k63_238281	2010	3026	1	5
k63_238281	3023	5431	1	6
k63_238281	5557	5838	1	7
k63_238281	5816	6247	1	8
k63_238281	6244	7362	1	9
k63_238281	7430	7966	1	10
k63_238281	7963	10524	1	11
k63_238281	10521	11498	1	12
k63_238281	11495	12364	1	13
k63_238281	12364	13311	1	14
k63_238281	13308	14141	1	15
k63_529022	376	861	1	1
k63_529022	1282	1848	-1	2
k63_820317	3	455	-1	1
k63_820317	436	1629	-1	2
k63_820317	1626	2555	-1	3
k63_626398	1	393	-1	1
k63_626398	466	903	-1	2
k63_626398	924	2747	-1	3
k63_626398	2759	3790	-1	4
k63_626398	3934	4632	-1	5
k63_626398	4629	4931	-1	6
k63_734297	72	812	-1	1
k63_734297	1206	1457	1	2
k63_734297	1433	1915	1	3
k63_734297	1855	2175	1	4
k63_734297	2187	2273	1	5
k63_820822	2	1360	-1	1
k63_820822	1377	1922	-1	2
k63_239115	2	973	-1	1
k63_239115	1107	1856	-1	2
k63_1418328	3	200	1	1
k63_1418328	412	1713	1	2
k63_1418328	1710	2057	1	3
k63_1418328	2074	3975	-1	4
k63_1206615	1	195	1	1
k63_1206615	192	797	1	2
k63_1206615	821	1534	-1	3
k63_1206615	1544	3148	1	4
k63_1206615	3156	3482	1	5
k63_1206615	3523	4122	1	6
k63_1206615	4091	5236	1	7
k63_1206615	5233	5694	1	8
k63_1206615	5691	8390	1	9
k63_1206615	8439	9113	1	10
k63_1206615	9073	10404	1	11
k63_1206615	10475	10846	1	12
k63_1206615	10843	12120	1	13
k63_1206615	12135	12446	-1	14
k63_1206615	12437	12697	-1	15
k63_1206615	12700	13026	-1	16
k63_1206615	13026	13370	-1	17
k63_1206615	13416	13760	-1	18
k63_1418796	1	834	1	1
k63_1418796	1209	1595	-1	2
k63_1418796	1599	1832	-1	3
k63_1418796	1979	2812	1	4
k63_240821	49	270	-1	1
k63_240821	388	936	1	2
k63_240821	894	1448	1	3
k63_162168	20	538	-1	1
k63_162168	612	1667	-1	2
k63_162168	1786	2094	-1	3
k63_162168	2261	2827	1	4
k63_162168	2867	3859	-1	5
k63_1133010	81	503	-1	1
k63_1133010	517	966	-1	2
k63_1133010	963	1646	-1	3
k63_1133010	1686	2150	1	4
k63_1133010	2137	3102	1	5
k63_738423	100	492	-1	1
k63_738423	1110	3029	1	2
k63_738423	3026	3415	1	3
k63_738423	3592	6369	1	4
k63_241546	1	975	-1	1
k63_241546	1251	6473	-1	2
k63_241546	6678	6905	1	3
k63_241546	7137	8009	-1	4
k63_532646	1	294	1	1
k63_532646	565	1170	1	2
k63_532646	1025	1606	-1	3
k63_532646	1689	2471	-1	4
k63_532646	2564	3748	-1	5
k63_532646	3807	6485	-1	6
k63_532646	6482	7273	-1	7
k63_532646	7486	8703	1	8
k63_532646	8788	8976	1	9
k63_532646	9200	10120	1	10
k63_532646	10227	11105	1	11
k63_532646	11376	12839	1	12
k63_825476	1	504	-1	1
k63_825476	577	1509	1	2
k63_825476	1512	2552	1	3
k63_825476	2549	2998	1	4
k63_532718	3	164	1	1
k63_532718	161	1150	1	2
k63_532718	1127	1741	-1	3
k63_532718	1831	2430	1	4
k63_532718	2697	3065	1	5
k63_163863	30	314	-1	1
k63_163863	410	832	-1	2
k63_163863	1100	1357	1	3
k63_163863	1359	1583	1	4
k63_163863	1822	2319	-1	5
k63_163863	2316	2420	-1	6
k63_939446	192	1373	-1	1
k63_939446	1423	2193	-1	2
k63_939446	2190	3704	-1	3
k63_939446	3778	4965	-1	4
k63_939446	5027	5671	-1	5
k63_630068	1	2751	1	1
k63_630068	2779	3990	1	2
k63_1303906	3	428	-1	1
k63_1303906	485	1771	-1	2
k63_630232	321	1511	1	1
k63_630232	1611	2510	1	2
k63_630232	2557	4569	-1	3
k63_630232	5091	8102	1	4
k63_630232	8172	9590	1	5
k63_630232	9683	10582	-1	6
k63_1209277	1	444	1	1
k63_1209277	482	1585	1	2
k63_826157	1	162	1	1
k63_826157	233	352	1	2
k63_826157	762	1610	1	3
k63_826157	1607	5206	-1	4
k63_826157	5390	8083	-1	5
k63_826157	8296	10248	1	6
k63_826157	10245	12248	1	7
k63_826157	12763	13467	1	8
k63_826157	13772	14071	1	9
k63_826157	14083	14304	-1	10
k63_826157	14301	14573	-1	11
k63_826157	14570	16159	-1	12
k63_826157	16771	17322	1	13
k63_826157	17355	18317	-1	14
k63_826157	18329	18622	-1	15
k63_940023	3	719	-1	1
k63_940023	743	1357	-1	2
k63_940023	1362	3059	-1	3
k63_365174	2	325	-1	1
k63_365174	364	1311	1	2
k63_365174	1314	2186	1	3
k63_365174	2183	2851	1	4
k63_365174	2872	3357	-1	5
k63_243032	204	743	1	1
k63_243032	841	1728	-1	2
k63_243032	1753	2028	-1	3
k63_1304820	2	130	-1	1
k63_1304820	155	421	-1	2
k63_1304820	393	1277	-1	3
k63_1304820	1392	2159	1	4
k63_1304820	2342	2758	1	5
k63_1304820	2788	3342	-1	6
k63_1304820	3956	5257	1	7
k63_1304820	5336	5650	1	8
k63_1304820	5647	6327	1	9
k63_1304820	6342	7460	-1	10
k63_1304820	7457	7864	-1	11
k63_1304820	7881	8537	-1	12
k63_1304820	8578	9273	-1	13
k63_1304820	9293	9694	-1	14
k63_1304820	9936	11693	-1	15
k63_1304820	11789	12685	-1	16
k63_1304820	12847	13761	-1	17
k63_1304820	13758	14141	-1	18
k63_1304820	14349	15161	1	19
k63_941408	2	340	1	1
k63_941408	333	923	1	2
k63_941408	964	1668	-1	3
k63_941408	1754	2464	-1	4
k63_941408	2520	3356	1	5
k63_941408	3361	4029	1	6
k63_941408	4123	4404	1	7
k63_941408	4382	6709	1	8
k63_941408	6717	7103	1	9
k63_941408	7103	9166	1	10
k63_941408	9358	9525	1	11
k63_941408	9621	10937	1	12
k63_941408	10970	11851	1	13
k63_941408	11848	12375	1	14
k63_941408	12368	13738	1	15
k63_941408	13732	14859	-1	16
k63_941408	14932	17151	-1	17
k63_1036521	3	299	-1	1
k63_1036521	573	1298	1	2
k63_1036521	1298	1693	1	3
k63_1036521	1725	2513	1	4
k63_1036521	2510	4615	1	5
k63_1036521	4600	5703	1	6
k63_1036521	5765	7033	-1	7
k63_1036521	7090	7332	1	8
k63_1211133	1	249	1	1
k63_1211133	267	1088	1	2
k63_1211133	1085	1948	1	3
k63_1211133	2067	2987	1	4
k63_1425892	147	1400	1	1
k63_1425892	1548	2960	1	2
k63_1425892	2976	4064	-1	3
k63_1425892	4167	4334	-1	4
k63_1425892	4556	5113	1	5
k63_1425892	5041	5364	-1	6
k63_1425892	5517	5738	-1	7
k63_1425892	5756	6625	-1	8
k63_1425892	6739	7116	1	9
k63_1425892	7305	8618	1	10
k63_1425892	8615	9952	1	11
k63_1425892	10022	13303	1	12
k63_1425892	13337	13480	1	13
k63_1425892	13533	13709	1	14
k63_1425892	13706	14026	1	15
k63_744302	115	1803	1	1
k63_633739	139	1599	-1	1
k63_633739	1691	2155	1	2
k63_633739	2128	2217	-1	3
k63_633739	2214	2654	-1	4
k63_1039449	62	730	-1	1
k63_1039449	983	1348	-1	2
k63_1039449	1475	2107	-1	3
k63_1039449	2235	3338	1	4
k63_1039449	3292	4167	1	5
k63_1039449	4164	4907	1	6
k63_831576	152	3028	1	1
k63_831576	3085	5115	1	2
k63_831576	5197	5529	-1	3
k63_831576	5540	6556	-1	4
k63_831576	6517	7398	-1	5
k63_831576	7427	7723	1	6
k63_831576	7709	7918	-1	7
k63_831576	8356	9318	-1	8
k63_831576	9309	9974	-1	9
k63_537203	1	951	1	1
k63_537203	958	1875	1	2
k63_537203	1872	2096	1	3
k63_746825	73	1074	-1	1
k63_746825	1103	1990	-1	2
k63_746825	2229	2327	-1	3
k63_1213325	3	1070	1	1
k63_1213325	1110	2339	-1	2
k63_746961	3	2234	-1	1
k63_746961	3095	3334	-1	2
k63_746961	3508	3606	-1	3
k63_247023	126	824	-1	1
k63_247023	1896	7139	1	2
k63_1429757	245	1672	-1	1
k63_1429757	1860	2162	1	2
k63_1429757	2428	3609	-1	3
k63_1429757	3644	4063	-1	4
k63_1429757	4189	5133	-1	5
k63_1429890	116	592	-1	1
k63_1429890	737	1120	-1	2
k63_1429890	1399	2469	1	3
k63_1429890	2494	2853	1	4
k63_1142393	108	983	-1	1
k63_1142393	1218	3242	1	2
k63_1142393	3309	4010	-1	3
k63_946156	403	1557	1	1
k63_946156	1658	4012	1	2
k63_946156	4197	5879	1	3
k63_946156	5970	7364	-1	4
k63_946156	8353	9150	1	5
k63_946156	9845	10105	1	6
k63_946156	10089	10448	1	7
k63_946156	10445	11746	1	8
k63_946156	11743	12366	1	9
k63_946156	12889	13773	1	10
k63_946156	13766	14035	1	11
k63_946156	14315	14626	1	12
k63_538397	367	819	1	1
k63_538397	861	1898	1	2
k63_538397	1895	2176	1	3
k63_538397	2200	2889	1	4
k63_538519	35	1216	1	1
k63_538519	1534	2697	1	2
k63_538519	2725	3579	-1	3
k63_538519	3598	4599	-1	4
k63_1042306	113	1498	-1	1
k63_1042306	1551	1697	1	2
k63_539590	86	1063	1	1
k63_539590	1157	1801	-1	2
k63_539590	2081	2878	1	3
k63_539590	3166	3606	-1	4
k63_539590	3920	5524	-1	5
k63_539590	5521	7548	-1	6
k63_539590	7635	7979	-1	7
k63_539590	7996	9420	-1	8
k63_539590	9509	10072	-1	9
k63_539590	10242	12500	-1	10
k63_539590	12497	12988	-1	11
k63_539590	13100	13354	1	12
k63_539590	13399	15498	1	13
k63_751004	333	1514	1	1
k63_751004	1562	2731	1	2
k63_751004	2877	3821	1	3
k63_751004	3802	4449	-1	4
k63_465380	1	468	1	1
k63_465380	513	1283	-1	2
k63_465380	1439	2152	1	3
k63_465380	2207	2524	1	4
k63_465380	2549	3463	1	5
k63_465380	3695	3994	-1	6
k63_465380	4106	5251	-1	7
k63_465380	5283	5654	-1	8
k63_465380	5781	6434	-1	9
k63_173291	2	1378	1	1
k63_173291	1529	2584	1	2
k63_1311164	254	574	1	1
k63_1311164	1233	2627	1	2
k63_1311164	2647	2922	1	3
k63_836080	245	580	-1	1
k63_836080	577	792	-1	2
k63_836080	1018	2271	1	3
k63_836080	2262	3347	1	4
k63_836080	3344	3766	1	5
k63_836080	3839	5200	1	6
k63_836080	5197	6279	1	7
k63_751912	43	948	-1	1
k63_751912	1147	2910	1	2
k63_751912	3042	3572	1	3
k63_751912	3601	4542	1	4
k63_751912	4624	7230	1	5
k63_752649	2	97	1	1
k63_752649	194	943	-1	2
k63_752649	940	1944	-1	3
k63_752649	1966	2988	-1	4
k63_752649	3041	4666	1	5
k63_752671	228	857	-1	1
k63_752671	1428	1865	-1	2
k63_1312719	1	396	1	1
k63_1312719	416	1465	1	2
k63_1312719	1467	3914	1	3
k63_1312719	3911	5884	1	4
k63_838490	92	1171	-1	1
k63_838490	1185	1445	-1	2
k63_838490	1589	3022	1	3
k63_838490	3273	3494	-1	4
k63_754544	91	1179	-1	1
k63_754544	1348	1593	-1	2
k63_251706	3	296	-1	1
k63_251706	686	2641	-1	2
k63_251706	2688	3221	-1	3
k63_251706	3279	3728	-1	4
k63_251706	3869	5101	-1	5
k63_251758	174	1334	-1	1
k63_251758	1743	3140	1	2
k63_251758	3154	3909	1	3
k63_251758	3952	4821	-1	4
k63_251758	4856	5995	-1	5
k63_251758	6165	6674	1	6
k63_251758	6698	7597	1	7
k63_251758	8032	8238	1	8
k63_251758	8263	8490	1	9
k63_251758	8566	8763	1	10
k63_251758	9038	9376	1	11
k63_251758	9640	10128	-1	12
k63_251758	10125	10946	-1	13
k63_251758	11012	11122	1	14
k63_639838	210	710	1	1
k63_639838	711	1091	1	2
k63_639838	1156	1590	-1	3
k63_639838	1601	2680	-1	4
k63_639838	2845	3591	1	5
k63_639838	3598	3855	-1	6
k63_639838	3896	4507	-1	7
k63_639838	4671	5177	-1	8
k63_1149377	196	1404	1	1
k63_1149377	1401	2210	1	2
k63_953475	107	1180	-1	1
k63_953475	1612	2637	-1	2
k63_953475	3130	3615	1	3
k63_953475	3716	4195	1	4
k63_379043	147	1502	-1	1
k63_379043	1561	2262	-1	2
k63_379043	2255	3517	-1	3
k63_379043	3627	4610	-1	4
k63_379043	4655	5503	1	5
k63_379043	5547	6191	1	6
k63_379043	6184	7080	1	7
k63_379043	7134	8717	1	8
k63_379043	8740	9189	-1	9
k63_379043	9226	10485	1	10
k63_379043	10707	11687	1	11
k63_379043	11677	13635	1	12
k63_379043	13656	15116	-1	13
k63_379043	15113	16579	-1	14
k63_379043	16576	20358	-1	15
k63_379043	20486	22012	-1	16
k63_379043	22087	22584	-1	17
k63_379043	22581	23447	-1	18
k63_379043	23726	24814	-1	19
k63_379043	24985	25104	-1	20
k63_954427	171	1589	1	1
k63_954427	1586	2407	1	2
k63_642243	1	528	1	1
k63_642243	525	1010	-1	2
k63_642243	1012	2109	-1	3
k63_254777	41	751	-1	1
k63_254777	748	1737	-1	2
k63_254777	1734	2417	-1	3
k63_254777	2414	3244	-1	4
k63_254777	3340	4587	-1	5
k63_254777	4571	4780	-1	6
k63_254777	4780	6186	-1	7
k63_254777	6279	7187	1	8
k63_254777	7187	7867	1	9
k63_254777	7864	9051	1	10
k63_254777	9048	10235	1	11
k63_181410	56	991	-1	1
k63_181410	1004	2638	-1	2
k63_181410	2754	3131	1	3
k63_181410	3119	3433	1	4
k63_181410	3430	4047	1	5
k63_181410	4087	5046	-1	6
k63_760403	232	1533	-1	1
k63_760403	1594	1761	-1	2
k63_760403	2078	4906	-1	3
k63_760403	5151	5243	-1	4
k63_643920	3	944	1	1
k63_643920	1036	1554	-1	2
k63_643920	1632	2042	1	3
k63_643920	2043	2918	-1	4
k63_643920	2930	3121	1	5
k63_643920	3125	3586	-1	6
k63_643920	3610	4977	-1	7
k63_1443138	305	1270	-1	1
k63_1443138	1267	2844	-1	2
k63_1222711	426	1247	-1	1
k63_1222711	1255	1461	-1	2
k63_185600	147	1313	1	1
k63_185600	1391	2176	1	2
k63_185600	2188	4503	1	3
k63_185600	4642	5529	1	4
k63_645695	1	168	1	1
k63_645695	193	1257	-1	2
k63_645695	1266	1841	-1	3
k63_763988	40	498	1	1
k63_763988	1495	2298	-1	2
k63_763988	2405	2563	-1	3
k63_961826	2	130	-1	1
k63_961826	139	663	-1	2
k63_961826	795	929	-1	3
k63_961826	1007	1591	-1	4
k63_961826	1747	2766	-1	5
k63_962024	2	739	-1	1
k63_962024	823	2187	-1	2
k63_962024	2397	4328	1	3
k63_962024	4399	5739	1	4
k63_962024	5789	6547	1	5
k63_962024	6564	6920	1	6
k63_962024	7219	7482	1	7
k63_962024	7972	8154	1	8
k63_962024	8702	8830	1	9
k63_962024	8850	10532	-1	10
k63_962024	10587	10709	-1	11
k63_962024	10812	11141	-1	12
k63_962024	11195	11536	-1	13
k63_962024	11624	11815	1	14
k63_962024	11831	12019	1	15
k63_962024	12248	12622	1	16
k63_962024	12977	13330	1	17
k63_962024	13384	14961	1	18
k63_962024	14954	17650	1	19
k63_962024	17748	18128	1	20
k63_962024	18118	19035	1	21
k63_962024	19219	19488	1	22
k63_962024	19542	21638	1	23
k63_962024	21775	23703	-1	24
k63_962024	23706	25262	-1	25
k63_962056	2	1024	1	1
k63_962056	1031	3514	-1	2
k63_962193	2	136	1	1
k63_962193	212	1078	1	2
k63_962193	1075	1881	1	3
k63_962193	1922	2005	1	4
k63_94020	1	297	-1	1
k63_94020	627	1739	-1	2
k63_549772	61	1998	-1	1
k63_479223	60	758	-1	1
k63_479223	882	2729	1	2
k63_479223	2776	3225	-1	3
k63_479223	3393	4370	1	4
k63_647609	365	1738	-1	1
k63_647609	1837	1959	-1	2
k63_550182	459	1820	-1	1
k63_550182	1996	2883	-1	2
k63_550182	3024	4100	1	3
k63_94722	1	162	-1	1
k63_94722	289	927	-1	2
k63_94722	924	1133	-1	3
k63_94722	1273	2241	1	4
k63_767164	217	1896	1	1
k63_767164	1906	3102	1	2
k63_767164	3149	3550	1	3
k63_1321815	3	125	-1	1
k63_1321815	262	1644	-1	2
k63_1321815	1649	1810	1	3
k63_648267	83	1483	-1	1
k63_648267	1487	2419	-1	2
k63_648267	2419	4125	-1	3
k63_648267	4405	5874	-1	4
k63_648267	5939	6373	-1	5
k63_1322070	1	321	1	1
k63_1322070	468	1847	-1	2
k63_1322070	1979	2725	-1	3
k63_1322070	2750	2902	-1	4
k63_1322070	2902	3933	-1	5
k63_1322070	4181	5230	-1	6
k63_1322070	5256	6329	-1	7
k63_1322070	6360	6488	-1	8
k63_1322070	6508	7512	-1	9
k63_1322070	7619	8023	1	10
k63_1322070	7998	8441	1	11
k63_1322070	8580	8975	1	12
k63_1322070	9145	9990	1	13
k63_769428	115	1197	-1	1
k63_769428	1229	2929	-1	2
k63_769428	3131	3805	1	3
k63_191551	70	540	-1	1
k63_191551	654	1025	-1	2
k63_191551	1364	2149	1	3
k63_191551	2180	2326	-1	4
k63_965840	232	2085	-1	1
k63_965840	2125	2439	1	2
k63_965840	2602	3729	-1	3
k63_965840	3909	4115	-1	4
k63_965840	4229	4708	1	5
k63_965840	4705	5121	1	6
k63_965840	5210	5374	1	7
k63_262692	3	1259	1	1
k63_262692	1256	1696	1	2
k63_262692	1689	1754	1	3
k63_552886	210	1730	1	1
k63_552886	2185	2622	1	2
k63_552886	2490	3383	-1	3
k63_552886	3686	3889	-1	4
k63_651554	222	3695	-1	1
k63_651554	3699	4871	-1	2
k63_651554	4868	7921	-1	3
k63_772565	58	2571	-1	1
k63_264897	3	1664	-1	1
k63_653029	137	2974	-1	1
k63_653029	3296	4195	1	2
k63_653029	4166	4603	-1	3
k63_555434	3	749	-1	1
k63_555434	803	1210	1	2
k63_555434	1272	1862	1	3
k63_555434	1880	2617	1	4
k63_266424	1	1479	1	1
k63_266424	1476	2360	1	2
k63_266424	2357	2821	1	3
k63_266424	2814	4349	1	4
k63_267596	87	1934	1	1
k63_267596	1963	2754	-1	2
k63_267596	2765	4489	-1	3
k63_267596	4582	5217	-1	4
k63_267596	5270	6322	1	5
k63_267596	6344	7375	-1	6
k63_267596	7365	8240	-1	7
k63_267596	8311	8547	1	8
k63_655840	96	1733	1	1
k63_655840	1755	3935	-1	2
k63_655840	4107	4301	1	3
k63_655840	4321	4698	1	4
k63_655840	4703	6283	-1	5
k63_655840	6304	6984	1	6
k63_655840	7437	8096	-1	7
k63_655840	8093	8707	-1	8
k63_655840	8708	10147	-1	9
k63_655840	10159	10686	-1	10
k63_656780	94	660	1	1
k63_656780	721	1959	1	2
k63_656780	1962	2765	1	3
k63_656780	2762	4012	1	4
k63_656780	4163	4699	1	5
k63_656780	4699	5352	1	6
k63_656780	5412	6965	1	7
k63_656780	6967	7440	1	8
k63_656780	7508	8218	-1	9
k63_656780	8308	9171	-1	10
k63_656780	9203	9919	-1	11
k63_656780	9874	10608	-1	12
k63_656780	10681	11382	-1	13
k63_656780	11386	12177	1	14
k63_1330211	436	1419	1	1
k63_1330211	1457	2338	1	2
k63_1330211	2331	2948	-1	3
k63_1330211	2976	3677	-1	4
k63_1330211	3681	3818	-1	5
k63_1330211	3815	4396	-1	6
k63_561052	497	1279	1	1
k63_561052	1424	3508	1	2
k63_561052	3505	4320	1	3
k63_561052	4415	4792	-1	4
k63_1233787	2	289	1	1
k63_1233787	398	1753	1	2
k63_660478	166	660	-1	1
k63_660478	689	1591	1	2
k63_660478	1672	2895	1	3
k63_660478	2892	4121	1	4
k63_660478	4143	4814	1	5
k63_660478	4811	6121	1	6
k63_660478	6144	8171	-1	7
k63_563213	3	119	-1	1
k63_563213	615	1244	1	2
k63_563213	1241	1921	1	3
k63_563213	1910	3277	-1	4
k63_563213	3274	4416	-1	5
k63_563213	4570	5760	1	6
k63_563213	5775	6614	1	7
k63_563213	6805	7530	-1	8
k63_563213	7659	8078	1	9
k63_661047	1	129	1	1
k63_661047	222	1607	-1	2
k63_663960	2	1231	1	1
k63_663960	1241	2461	-1	2
k63_663960	2873	4048	1	3
k63_663960	4161	4628	1	4
k63_663960	4758	6053	-1	5
k63_663960	6104	6187	1	6
k63_1337371	185	703	1	1
k63_1337371	672	1604	1	2
k63_1337371	1711	2235	-1	3
k63_1337371	2253	3017	1	4
k63_1337371	3139	3696	-1	5
k63_278937	1	1527	1	1
k63_1342421	1	1032	-1	1
k63_1342421	986	1414	-1	2
k63_1342421	1411	2988	-1	3
k63_1342421	3118	4212	1	4
k63_1342421	4185	4733	-1	5
k63_1342421	4837	5655	1	6
k63_1342421	5666	6505	1	7
k63_576574	2	766	1	1
k63_576574	809	1591	1	2
k63_576574	1732	4020	-1	3
k63_576574	4043	4552	-1	4
k63_578061	134	1111	-1	1
k63_578061	1422	2822	-1	2
k63_578061	3048	3521	1	3
k63_578061	4172	4726	1	4
