Hmm	ORF	tlen	qlen	Eval	score	start	end	Acc	Pos	Cov_seq	Cov_hmm	strand
2OG_1_CAS-I-II-III-IV-V-VI	k63_1170217_6	286	94	0.027	13.0	3875	4732	k63_1170217	6	0.3181818181818182	0.6702127659574468	1
2OG_1_CAS-I-II-III-IV-V-VI	k63_429531_3	309	94	0.016	13.7	1915	2841	k63_429531	3	0.47249190938511326	0.8936170212765957	-1
AbiEii_0_CAS-III	k63_1068965_3	266	284	2.4e-08	31.6	2548	3345	k63_1068965	3	0.5225563909774437	0.46830985915492956	1
AbiEii_0_CAS-III	k63_1098885_14	401	284	9.7e-11	39.5	15155	16357	k63_1098885	14	0.2344139650872818	0.31338028169014087	-1
AbiEii_0_CAS-III	k63_1169251_6	460	284	8.1e-08	29.9	7717	9096	k63_1169251	6	0.25	0.38028169014084506	1
AbiEii_0_CAS-III	k63_1206615_11	444	284	0.0021	15.4	9073	10404	k63_1206615	11	0.0472972972972973	0.07394366197183098	1
AbiEii_0_CAS-III	k63_1266398_10	249	284	1.9e-05	22.1	5626	6372	k63_1266398	10	0.3895582329317269	0.323943661971831	-1
AbiEii_0_CAS-III	k63_1283224_8	241	284	0.00011	19.6	7924	8646	k63_1283224	8	0.27385892116182575	0.23591549295774647	-1
AbiEii_0_CAS-III	k63_1363173_4	483	284	3.7e-05	21.2	1908	3356	k63_1363173	4	0.2670807453416149	0.4612676056338028	1
AbiEii_0_CAS-III	k63_1363173_5	456	284	1.1e-06	26.2	3675	5042	k63_1363173	5	0.2982456140350877	0.46830985915492956	1
AbiEii_0_CAS-III	k63_1367988_1	410	284	5.5e-10	37.0	312	1541	k63_1367988	1	0.3170731707317073	0.426056338028169	1
AbiEii_0_CAS-III	k63_1372879_10	549	284	0.0025	15.2	8074	9720	k63_1372879	10	0.08014571948998178	0.14788732394366197	-1
AbiEii_0_CAS-III	k63_1664_3	253	284	2.3e-09	35.0	2613	3371	k63_1664	3	0.5138339920948617	0.44014084507042256	1
AbiEii_0_CAS-III	k63_201972_4	434	284	0.009	13.3	3343	4644	k63_201972	4	0.07603686635944701	0.10915492957746478	1
AbiEii_0_CAS-III	k63_206528_8	255	284	0.00016	19.1	10417	11181	k63_206528	8	0.3411764705882353	0.3028169014084507	-1
AbiEii_0_CAS-III	k63_206528_9	254	284	0.00065	17.1	11185	11946	k63_206528	9	0.20866141732283464	0.18309859154929578	-1
AbiEii_0_CAS-III	k63_238281_12	326	284	0.00014	19.3	10521	11498	k63_238281	12	0.22699386503067484	0.25704225352112675	1
AbiEii_0_CAS-III	k63_238281_14	316	284	0.00025	18.5	12364	13311	k63_238281	14	0.18670886075949367	0.19718309859154928	1
AbiEii_0_CAS-III	k63_292939_1	457	284	0.00046	17.6	57	1427	k63_292939	1	0.19037199124726478	0.2852112676056338	-1
AbiEii_0_CAS-III	k63_305639_3	541	284	0.00034	18.0	1864	3486	k63_305639	3	0.2088724584103512	0.3204225352112676	-1
AbiEii_0_CAS-III	k63_308435_2	236	284	4e-06	24.3	335	1042	k63_308435	2	0.3305084745762712	0.2676056338028169	1
AbiEii_0_CAS-III	k63_317890_6	327	284	0.023	12.0	4522	5502	k63_317890	6	0.26299694189602446	0.29225352112676056	-1
AbiEii_0_CAS-III	k63_330358_8	647	284	0.00031	18.1	5949	7889	k63_330358	8	0.16846986089644514	0.33098591549295775	1
AbiEii_0_CAS-III	k63_338570_1	602	284	0.012	13.0	3	1808	k63_338570	1	0.11129568106312292	0.23943661971830985	-1
AbiEii_0_CAS-III	k63_350493_13	618	284	0.0088	13.4	13834	15687	k63_350493	13	0.06310679611650485	0.1267605633802817	1
AbiEii_0_CAS-III	k63_379043_2	234	284	0.042	11.1	1561	2262	k63_379043	2	0.4358974358974359	0.35563380281690143	-1
AbiEii_0_CAS-III	k63_390687_2	328	284	2e-07	28.6	458	1441	k63_390687	2	0.21951219512195122	0.24295774647887325	1
AbiEii_0_CAS-III	k63_390687_7	1605	284	6.6e-05	20.3	12879	17693	k63_390687	7	0.04610591900311527	0.2605633802816901	1
AbiEii_0_CAS-III	k63_402409_2	197	284	0.0042	14.4	637	1227	k63_402409	2	0.45685279187817257	0.3028169014084507	1
AbiEii_0_CAS-III	k63_402409_7	1187	284	0.021	12.1	3422	6982	k63_402409	7	0.09267059814658804	0.38380281690140844	1
AbiEii_0_CAS-III	k63_418174_6	392	284	1.8e-06	25.5	6057	7232	k63_418174	6	0.40561224489795916	0.5387323943661971	-1
AbiEii_0_CAS-III	k63_47821_14	358	284	9e-10	36.3	15111	16184	k63_47821	14	0.2737430167597765	0.36619718309859156	-1
AbiEii_0_CAS-III	k63_486497_9	271	284	3.3e-05	21.3	6713	7525	k63_486497	9	0.35793357933579334	0.3485915492957746	-1
AbiEii_0_CAS-III	k63_512169_1	185	284	0.019	12.3	3	557	k63_512169	1	0.11351351351351352	0.07394366197183098	-1
AbiEii_0_CAS-III	k63_513758_4	524	284	0.0061	13.9	4874	6445	k63_513758	4	0.06679389312977099	0.11971830985915492	-1
AbiEii_0_CAS-III	k63_538519_2	388	284	2e-10	38.5	1534	2697	k63_538519	2	0.2422680412371134	0.3204225352112676	1
AbiEii_0_CAS-III	k63_580923_4	371	284	0.00083	16.7	2271	3383	k63_580923	4	0.29110512129380056	0.35563380281690143	1
AbiEii_0_CAS-III	k63_583674_10	800	284	0.0022	15.3	9563	11962	k63_583674	10	0.11875	0.2852112676056338	-1
AbiEii_0_CAS-III	k63_583674_7	695	284	0.00044	17.7	3273	5357	k63_583674	7	0.15683453237410072	0.40492957746478875	-1
AbiEii_0_CAS-III	k63_591549_4	307	284	5e-06	24.0	4401	5321	k63_591549	4	0.5179153094462541	0.4507042253521127	-1
AbiEii_0_CAS-III	k63_605160_1	214	284	0.0018	15.6	3	644	k63_605160	1	0.40186915887850466	0.2852112676056338	-1
AbiEii_0_CAS-III	k63_609632_11	248	284	0.019	12.3	9988	10731	k63_609632	11	0.20967741935483872	0.176056338028169	1
AbiEii_0_CAS-III	k63_651554_1	1158	284	1.1e-05	22.9	222	3695	k63_651554	1	0.046632124352331605	0.19014084507042253	-1
AbiEii_0_CAS-III	k63_660478_5	224	284	0.00097	16.5	4143	4814	k63_660478	5	0.3169642857142857	0.24295774647887325	1
AbiEii_0_CAS-III	k63_684983_2	360	284	0.0022	15.4	902	1981	k63_684983	2	0.38055555555555554	0.4894366197183099	1
AbiEii_0_CAS-III	k63_694813_7	335	284	0.0014	16.0	8707	9711	k63_694813	7	0.3850746268656716	0.4471830985915493	1
AbiEii_0_CAS-III	k63_727543_3	533	284	2.6e-07	28.2	2024	3622	k63_727543	3	0.3602251407129456	0.38380281690140844	1
AbiEii_0_CAS-III	k63_752649_4	341	284	0.00043	17.7	1966	2988	k63_752649	4	0.16422287390029325	0.2007042253521127	-1
AbiEii_0_CAS-III	k63_776429_8	327	284	1.2e-07	29.3	8548	9528	k63_776429	8	0.39143730886850153	0.4471830985915493	1
AbiEii_0_CAS-III	k63_795003_2	537	284	4.1e-06	24.3	751	2361	k63_795003	2	0.409683426443203	0.4612676056338028	-1
AbiEii_0_CAS-III	k63_826157_6	651	284	0.0021	15.4	8296	10248	k63_826157	6	0.19969278033794163	0.36971830985915494	1
AbiEii_0_CAS-III	k63_878578_10	355	284	0.001	16.4	7917	8981	k63_878578	10	0.0647887323943662	0.08098591549295775	1
AbiEii_0_CAS-III	k63_883141_3	689	284	0.046	11.0	3497	5563	k63_883141	3	0.06386066763425254	0.08450704225352113	-1
AbiEii_0_CAS-III	k63_939446_2	257	284	3.5e-06	24.5	1423	2193	k63_939446	2	0.36964980544747084	0.323943661971831	-1
AbiEii_0_CAS-III	k63_946156_5	266	284	0.044	11.1	8353	9150	k63_946156	5	0.23308270676691728	0.22183098591549297	1
AbiEii_0_CAS-III	k63_961826_4	195	284	0.00054	17.4	1007	1591	k63_961826	4	0.1641025641025641	0.11267605633802817	-1
AbiEii_0_CAS-III	k63_962193_1	45	284	0.0094	13.3	2	136	k63_962193	1	0.5555555555555556	0.08450704225352113	1
AbiEii_1_CAS-III-A	k63_1068965_3	266	335	0.012	12.5	2548	3345	k63_1068965	3	0.34210526315789475	0.2746268656716418	1
AbiEii_1_CAS-III-A	k63_1098885_14	401	335	0.00041	17.3	15155	16357	k63_1098885	14	0.1546134663341646	0.19701492537313434	-1
AbiEii_1_CAS-III-A	k63_1169251_6	460	335	0.00029	17.8	7717	9096	k63_1169251	6	0.22608695652173913	0.31044776119402984	1
AbiEii_1_CAS-III-A	k63_418174_6	392	335	3.6e-06	24.1	6057	7232	k63_418174	6	0.19642857142857142	0.23283582089552238	-1
AbiEii_1_CAS-III-A	k63_538519_2	388	335	0.017	12.0	1534	2697	k63_538519	2	0.16237113402061856	0.1880597014925373	1
AbiEii_1_CAS-III-A	k63_962193_1	45	335	0.046	10.6	2	136	k63_962193	1	0.8888888888888888	0.11044776119402985	1
AbiEii_2_CAS-III-C	k63_1098885_14	401	440	1.6e-07	28.7	15155	16357	k63_1098885	14	0.2942643391521197	0.29318181818181815	-1
AbiEii_2_CAS-III-C	k63_1169251_6	460	440	4.9e-05	20.5	7717	9096	k63_1169251	6	0.24130434782608695	0.2545454545454545	1
AbiEii_2_CAS-III-C	k63_1363173_5	456	440	0.0082	13.1	3675	5042	k63_1363173	5	0.19298245614035087	0.18636363636363637	1
AbiEii_2_CAS-III-C	k63_418174_6	392	440	7.3e-07	26.5	6057	7232	k63_418174	6	0.22704081632653061	0.20454545454545456	-1
AbiEii_2_CAS-III-C	k63_47821_14	358	440	0.00012	19.1	15111	16184	k63_47821	14	0.12569832402234637	0.10227272727272728	-1
AbiEii_2_CAS-III-C	k63_512169_1	185	440	0.045	10.7	3	557	k63_512169	1	0.11351351351351352	0.04772727272727273	-1
AbiEii_2_CAS-III-C	k63_538519_2	388	440	0.0092	13.0	1534	2697	k63_538519	2	0.2963917525773196	0.2681818181818182	1
AbiEii_2_CAS-III-C	k63_660478_5	224	440	0.0064	13.5	4143	4814	k63_660478	5	0.3392857142857143	0.17272727272727273	1
AbiEii_2_CAS-III-C	k63_961826_4	195	440	0.00027	18.0	1007	1591	k63_961826	4	0.2153846153846154	0.09772727272727273	-1
Cas11_3_IVC	k63_642243_2	162	116	0.012	13.4	525	1010	k63_642243	2	0.5246913580246914	0.6896551724137931	-1
Cas12f2_1_CAS-V-F	k63_201972_12	286	422	0.00016	18.6	13797	14654	k63_201972	12	0.13986013986013987	0.0947867298578199	1
Cas1_0_CAS-I-II-III-IV-V-VI	k63_600063_4	89	317	0.0013	15.6	2743	3009	k63_600063	4	0.6966292134831461	0.167192429022082	1
Cas1_0_I-II-III	k63_600063_4	89	327	0.00039	17.3	2743	3009	k63_600063	4	0.3707865168539326	0.10091743119266056	1
Cas1_0_I-II-III-V	k63_600063_4	89	315	0.00096	15.8	2743	3009	k63_600063	4	0.7528089887640449	0.1873015873015873	1
Cas1_0_IE	k63_600063_4	89	269	1.7e-16	58.0	2743	3009	k63_600063	4	0.8876404494382022	0.26394052044609667	1
Cas1_0_IF	k63_600063_4	89	307	0.0017	15.5	2743	3009	k63_600063	4	0.797752808988764	0.21172638436482086	1
Cas1_1_CAS-I-II-III-IV-V-VI	k63_600063_4	89	261	0.00027	18.0	2743	3009	k63_600063	4	0.39325842696629215	0.13409961685823754	1
Cas1_2_CAS-I-II-III-IV-V-VI	k63_600063_4	89	306	0.0017	15.5	2743	3009	k63_600063	4	0.797752808988764	0.21241830065359477	1
Cas1_3_CAS-I-II-III-IV-V-VI	k63_600063_4	89	262	8.6e-17	59.0	2743	3009	k63_600063	4	0.8426966292134831	0.25190839694656486	1
Cas1_7_CAS-I-II-III-IV-V-VI	k63_600063_4	89	328	2.4e-06	24.6	2743	3009	k63_600063	4	0.8202247191011236	0.1951219512195122	1
Cas1_8_CAS-I-II-III-IV-V-VI	k63_600063_4	89	283	0.0095	12.9	2743	3009	k63_600063	4	0.7191011235955056	0.1978798586572438	1
Cas2_0_CAS-III-AM	k63_1161668_4	152	95	0.069	11.3	3594	4049	k63_1161668	4	0.6052631578947368	0.5157894736842106	1
Cas2_0_CAS-III-AM	k63_379043_16	509	95	0.08	11.1	20486	22012	k63_379043	16	0.18271119842829076	0.4842105263157895	-1
Cas2_7_CAS-I-II-III-IV-V-VI	k63_389370_3	425	94	0.024	12.8	411	1685	k63_389370	3	0.14588235294117646	0.7127659574468085	-1
Cas3-Cas2_0_CAS-I-F	k63_5637_2	891	1106	0.01	11.3	781	3453	k63_5637	2	0.16049382716049382	0.13110307414104883	1
Cas3-Cas2_0_IF	k63_5637_2	891	1110	0.008	11.7	781	3453	k63_5637	2	0.16049382716049382	0.13063063063063063	1
Cas3HD_0_CAS-I	k63_532646_6	893	203	0.0032	15.1	3807	6485	k63_532646	6	0.05823068309070549	0.22660098522167488	-1
Cas3HD_0_CAS-I	k63_5637_2	891	203	7e-22	76.0	781	3453	k63_5637	2	0.3108866442199775	0.9950738916256158	1
Cas3HD_0_CAS-I-E	k63_201972_6	91	285	0.026	11.6	7244	7516	k63_201972	6	0.4945054945054945	0.1543859649122807	1
Cas3_0_CAS-I	k63_1172667_1	673	353	2.9e-05	21.1	2	2020	k63_1172667	1	0.2436849925705795	0.4730878186968839	1
Cas3_0_CAS-I	k63_12062_1	616	353	0.00065	16.6	1	1848	k63_12062	1	0.2305194805194805	0.3937677053824363	1
Cas3_0_CAS-I	k63_21401_5	1419	353	6.3e-17	59.4	3869	8125	k63_21401	5	0.23537702607470048	0.9036827195467422	1
Cas3_0_CAS-I	k63_402409_12	703	353	0.11	9.3	11872	13980	k63_402409	12	0.112375533428165	0.22662889518413598	1
Cas3_0_CAS-I	k63_5637_2	891	353	1.4e-54	183.3	781	3453	k63_5637	2	0.42312008978675647	0.9093484419263456	1
Cas3_0_CAS-I	k63_578061_2	467	353	0.00023	18.1	1422	2822	k63_578061	2	0.5481798715203426	0.7337110481586402	-1
Cas3_0_CAS-I	k63_651554_3	1018	353	0.019	11.8	4868	7921	k63_651554	3	0.05992141453831041	0.16997167138810199	-1
Cas3_0_CAS-I	k63_691945_1	294	353	9.8e-06	22.6	3	884	k63_691945	1	0.18027210884353742	0.1501416430594901	-1
Cas3_0_CAS-I	k63_941408_10	688	353	1.9e-08	31.6	7103	9166	k63_941408	10	0.40261627906976744	0.7648725212464589	1
Cas3_0_CAS-I-D	k63_247023_2	1748	626	2.2e-05	20.6	1896	7139	k63_247023	2	0.08123569794050343	0.20607028753993611	1
Cas3_0_CAS-I-D	k63_402409_12	703	626	0.0072	12.3	11872	13980	k63_402409	12	0.07823613086770982	0.08306709265175719	1
Cas3_0_CAS-I-D	k63_5637_2	891	626	1.8e-08	30.8	781	3453	k63_5637	2	0.3277216610549944	0.4424920127795527	1
Cas3_0_CAS-I-U	k63_12062_1	616	843	0.0033	13.0	1	1848	k63_12062	1	0.17857142857142858	0.1269276393831554	1
Cas3_0_CAS-I-U	k63_5637_2	891	843	7.8e-11	38.3	781	3453	k63_5637	2	0.36251402918069586	0.36892052194543296	1
Cas3_0_I	k63_1172667_1	673	358	7.5e-06	23.0	2	2020	k63_1172667	1	0.23328380386329867	0.4441340782122905	1
Cas3_0_I	k63_12062_1	616	358	0.0033	14.3	1	1848	k63_12062	1	0.1444805194805195	0.24581005586592178	1
Cas3_0_I	k63_21401_5	1419	358	4.8e-17	59.8	3869	8125	k63_21401	5	0.23114869626497533	0.8854748603351955	1
Cas3_0_I	k63_5637_2	891	358	2.5e-51	172.6	781	3453	k63_5637	2	0.4208754208754209	0.9022346368715084	1
Cas3_0_I	k63_578061_2	467	358	6.9e-05	19.8	1422	2822	k63_578061	2	0.5203426124197003	0.7011173184357542	-1
Cas3_0_I	k63_651554_3	1018	358	0.034	11.0	4868	7921	k63_651554	3	0.12082514734774066	0.3435754189944134	-1
Cas3_0_I	k63_691945_1	294	358	2.1e-05	21.5	3	884	k63_691945	1	0.12244897959183673	0.1005586592178771	-1
Cas3_0_I	k63_941408_10	688	358	2.4e-07	27.9	7103	9166	k63_941408	10	0.3444767441860465	0.6396648044692738	1
Cas3_0_ID	k63_21401_5	1419	357	8.3e-05	19.5	3869	8125	k63_21401	5	0.1303735024665257	0.5322128851540616	1
Cas3_0_ID	k63_247023_2	1748	357	4.9e-05	20.3	1896	7139	k63_247023	2	0.12643020594965676	0.5434173669467787	1
Cas3_0_ID	k63_5637_2	891	357	0.0005	17.0	781	3453	k63_5637	2	0.11672278338945005	0.2773109243697479	1
Cas3_0_ID	k63_578061_2	467	357	0.0024	14.7	1422	2822	k63_578061	2	0.3897216274089936	0.47619047619047616	-1
Cas3_0_ID	k63_941408_10	688	357	0.009	12.8	7103	9166	k63_941408	10	0.14244186046511628	0.2605042016806723	1
Cas3_0_IU	k63_12062_1	616	864	0.00042	16.1	1	1848	k63_12062	1	0.09090909090909091	0.061342592592592594	1
Cas3_0_IU	k63_5637_2	891	864	9.7e-12	41.4	781	3453	k63_5637	2	0.2727272727272727	0.2534722222222222	1
Cas3_1_CAS-I	k63_21401_5	1419	745	2e-09	34.1	3869	8125	k63_21401	5	0.11909795630725863	0.22818791946308725	1
Cas3_1_CAS-I	k63_5637_2	891	745	1.2e-49	167.1	781	3453	k63_5637	2	0.43209876543209874	0.45503355704697984	1
Cas3_1_CAS-I	k63_691945_1	294	745	0.0009	15.4	3	884	k63_691945	1	0.24829931972789115	0.10067114093959731	-1
Cas3_1_CAS-I	k63_941408_10	688	745	5.4e-05	19.4	7103	9166	k63_941408	10	0.12645348837209303	0.12348993288590604	1
Cas3_1_CAS-I-D	k63_21401_5	1419	353	3.1e-05	20.9	3869	8125	k63_21401	5	0.12684989429175475	0.5127478753541076	1
Cas3_1_CAS-I-D	k63_247023_2	1748	353	0.00088	16.2	1896	7139	k63_247023	2	0.062356979405034325	0.2747875354107649	1
Cas3_1_CAS-I-D	k63_5637_2	891	353	0.00019	18.4	781	3453	k63_5637	2	0.12457912457912458	0.3002832861189802	1
Cas3_1_CAS-I-D	k63_578061_2	467	353	0.0022	14.9	1422	2822	k63_578061	2	0.39186295503211993	0.48441926345609065	-1
Cas3_1_CAS-I-D	k63_792253_3	616	353	0.012	12.4	3627	5474	k63_792253	3	0.237012987012987	0.3937677053824363	1
Cas3_1_CAS-I-D	k63_941408_10	688	353	0.0036	14.2	7103	9166	k63_941408	10	0.12936046511627908	0.23796033994334279	1
Cas3_1_I	k63_5637_2	891	178	3.6e-18	63.9	781	3453	k63_5637	2	0.23232323232323232	1.0	1
Cas3_2_CAS-I	k63_1172667_1	673	967	0.018	10.8	2	2020	k63_1172667	1	0.09955423476968796	0.06514994829369183	1
Cas3_2_CAS-I	k63_21401_5	1419	967	0.045	9.5	3869	8125	k63_21401	5	0.10429880197322058	0.14581178903826267	1
Cas3_2_CAS-I	k63_247023_2	1748	967	0.0078	12.0	1896	7139	k63_247023	2	0.10297482837528604	0.17476732161323683	1
Cas3_2_CAS-I	k63_5637_2	891	967	0.021	10.6	781	3453	k63_5637	2	0.04713804713804714	0.04343329886246122	1
Cas3_2_CAS-I	k63_578061_2	467	967	6.3e-09	32.2	1422	2822	k63_578061	2	0.39186295503211993	0.18407445708376421	-1
Cas3_2_CAS-I	k63_941408_10	688	967	0.00022	17.2	7103	9166	k63_941408	10	0.16424418604651161	0.0827300930713547	1
Cas3d_0_CAS-I-D	k63_21401_5	1419	639	0.0014	14.9	3869	8125	k63_21401	5	0.07610993657505286	0.15805946791862285	1
Cas3d_0_CAS-I-D	k63_691945_1	294	639	0.0033	13.6	3	884	k63_691945	1	0.1326530612244898	0.06103286384976526	-1
Cas3d_1_CAS-I-D	k63_792253_3	616	627	1e-05	21.7	3627	5474	k63_792253	3	0.25487012987012986	0.24880382775119617	1
Cas4_0_CAS-I-II-III-IV-V-VI	k63_691945_1	294	179	0.013	13.4	3	884	k63_691945	1	0.36394557823129253	0.5698324022346368	-1
Cas4_0_I-II	k63_691945_1	294	180	0.021	12.4	3	884	k63_691945	1	0.21768707482993196	0.3277777777777778	-1
Cas5_0_CAS-I	k63_600063_2	251	201	1.7999999999999997e-24	84.4	1174	1926	k63_600063	2	0.7529880478087649	0.8756218905472637	1
Cas5_0_CAS-I-E	k63_600063_2	251	182	1.9e-41	139.6	1174	1926	k63_600063	2	0.7450199203187251	0.9835164835164835	1
Cas5_0_IE	k63_600063_2	251	230	2.2e-55	185.6	1174	1926	k63_600063	2	0.9282868525896414	0.991304347826087	1
Cas5_10_CAS-I-B	k63_600063_2	251	238	0.0011	16.1	1174	1926	k63_600063	2	0.3545816733067729	0.35714285714285715	1
Cas5_1_CAS-I-E	k63_600063_2	251	180	1.1e-40	137.1	1174	1926	k63_600063	2	0.7410358565737052	0.9888888888888889	1
Cas5_2_CAS-I	k63_600063_2	251	213	2.2e-31	107.2	1174	1926	k63_600063	2	0.9163346613545816	0.9906103286384976	1
Cas5u_0_CAS-I-U	k63_120039_5	117	418	5.8e-05	20.0	2122	2472	k63_120039	5	0.3162393162393162	0.09808612440191387	1
Cas5u_1_CAS-I-U	k63_120039_5	117	501	4.8e-13	46.8	2122	2472	k63_120039	5	0.6410256410256411	0.14570858283433133	1
Cas6_0_IE	k63_600063_3	247	208	3.3e-12	44.9	1923	2663	k63_600063	3	0.582995951417004	0.6634615384615384	1
Cas6_0_IVA3	k63_600063_3	247	189	5.4e-08	30.6	1923	2663	k63_600063	3	0.340080971659919	0.43915343915343913	1
Cas6_2_IVA1	k63_820822_1	453	244	0.0061	13.7	2	1360	k63_820822	1	0.24061810154525387	0.45081967213114754	-1
Cas6_5_IV	k63_600063_3	247	188	3.1e-06	24.8	1923	2663	k63_600063	3	0.14979757085020243	0.19680851063829788	1
Cas6_7_CAS-I-II-III-IV-V-VI	k63_794232_8	117	241	0.03	12.0	6478	6828	k63_794232	8	0.4358974358974359	0.22821576763485477	-1
Cas6e_0_CAS-I-II-III-IV-V-VI	k63_600063_3	247	210	1.9e-13	48.7	1923	2663	k63_600063	3	0.6275303643724697	0.7047619047619048	1
Cas6e_1_CAS-I-II-III-IV-V-VI	k63_600063_3	247	212	3.7e-30	103.3	1923	2663	k63_600063	3	0.8380566801619433	0.8962264150943396	1
Cas6e_2_CAS-I-II-III-IV-V-VI	k63_600063_3	247	202	7.5e-31	105.8	1923	2663	k63_600063	3	0.8623481781376519	0.9257425742574258	1
Cas7_0_CAS-I-E	k63_600063_1	390	325	7.9e-89	296.5	1	1170	k63_600063	1	0.8923076923076924	0.9969230769230769	1
Cas7_0_IE	k63_600063_1	390	325	3.3e-88	294.4	1	1170	k63_600063	1	0.8923076923076924	0.9969230769230769	1
Cas7_1_CAS-I-E	k63_1149377_1	403	359	0.043	11.0	196	1404	k63_1149377	1	0.1315136476426799	0.14484679665738162	1
Cas7_1_CAS-I-E	k63_600063_1	390	359	5.3e-98	326.5	1	1170	k63_600063	1	0.941025641025641	0.9526462395543176	1
Cas7_1_CAS-I-U	k63_23804_3	158	168	0.0093	13.8	3437	3910	k63_23804	3	0.22151898734177214	0.20833333333333334	1
Cas8e_0_CAS-I-E	k63_5637_3	491	470	3.9e-18	63.5	3827	5299	k63_5637	3	0.835030549898167	0.8170212765957446	1
Cas8e_2_CAS-I-E	k63_5637_3	491	523	1.1e-167	556.5	3827	5299	k63_5637	3	0.9837067209775967	0.9063097514340345	1
Cas9_0_II	k63_10198_10	201	830	0.0059	12.7	9332	9934	k63_10198	10	0.17412935323383086	0.04216867469879518	-1
Cas9_0_II-C2	k63_10198_10	201	967	5.8e-16	55.5	9332	9934	k63_10198	10	0.263681592039801	0.05480868665977249	-1
Cas9_0_II-C2	k63_1167730_16	557	967	0.00034	16.6	13789	15459	k63_1167730	16	0.1059245960502693	0.05997931747673216	1
Cas9_0_II-C2	k63_296946_5	178	967	0.014	11.3	2637	3170	k63_296946	5	0.5393258426966292	0.09100310237849017	1
Cas9_0_II-D	k63_10198_10	201	853	1.5e-17	61.1	9332	9934	k63_10198	10	0.2885572139303483	0.0668229777256741	-1
Cas9_0_II-D	k63_1167730_16	557	853	0.00023	17.4	13789	15459	k63_1167730	16	0.12567324955116696	0.07971864009378664	1
Cas9_0_II-D	k63_1363173_6	229	853	5e-06	22.9	5029	5715	k63_1363173	6	0.2576419213973799	0.0668229777256741	1
CasR_0_CAS-I-II-III-IV-V-VI	k63_1275894_2	146	198	0.0015	15.9	2655	3092	k63_1275894	2	0.2808219178082192	0.20707070707070707	-1
CasR_0_CAS-I-II-III-IV-V-VI	k63_37532_2	153	198	3.9e-05	21.1	81	539	k63_37532	2	0.32679738562091504	0.25252525252525254	-1
CasR_0_CAS-I-II-III-IV-V-VI	k63_513758_1	159	198	0.0023	15.3	43	519	k63_513758	1	0.2830188679245283	0.22727272727272727	-1
CasR_0_CAS-I-II-III-IV-V-VI	k63_795004_1	151	198	0.014	12.8	132	584	k63_795004	1	0.46357615894039733	0.3181818181818182	-1
CasR_0_CAS-III-B-III-D	k63_1125341_7	419	255	0.032	11.5	4730	5986	k63_1125341	7	0.33651551312649164	0.2901960784313726	1
CasR_1_CAS-I-II-III-IV-V-VI	k63_1275894_2	146	218	0.00053	17.0	2655	3092	k63_1275894	2	0.2808219178082192	0.18807339449541285	-1
CasR_1_CAS-I-II-III-IV-V-VI	k63_1311164_2	465	218	0.058	10.3	1233	2627	k63_1311164	2	0.06236559139784946	0.13761467889908258	1
CasR_1_CAS-I-II-III-IV-V-VI	k63_1418328_2	434	218	0.041	10.8	412	1713	k63_1418328	2	0.0576036866359447	0.11467889908256881	1
CasR_1_CAS-I-II-III-IV-V-VI	k63_37532_2	153	218	7.4e-05	19.8	81	539	k63_37532	2	0.3333333333333333	0.23394495412844038	-1
CasR_1_CAS-I-II-III-IV-V-VI	k63_513758_1	159	218	0.00017	18.5	43	519	k63_513758	1	0.4591194968553459	0.3348623853211009	-1
CasR_1_CAS-I-II-III-IV-V-VI	k63_795004_1	151	218	0.016	12.2	132	584	k63_795004	1	0.2251655629139073	0.16055045871559634	-1
Cmr5gr11_6_CAS-III-B	k63_38730_1	214	145	0.09	10.4	1	642	k63_38730	1	0.37850467289719625	0.45517241379310347	1
Csa3_1_CAS-I-II-III-IV-V-VI	k63_1275894_2	146	118	0.014	13.5	2655	3092	k63_1275894	2	0.2465753424657534	0.3559322033898305	-1
Csa3_1_CAS-I-II-III-IV-V-VI	k63_1291270_6	154	118	0.029	12.5	5147	5608	k63_1291270	6	0.2792207792207792	0.3728813559322034	-1
Csa3_1_CAS-I-II-III-IV-V-VI	k63_795004_1	151	118	5e-05	21.4	132	584	k63_795004	1	0.4503311258278146	0.559322033898305	-1
Csa3_1_CAS-I-II-III-IV-V-VI	k63_874181_1	229	118	0.0077	14.4	2	688	k63_874181	1	0.2445414847161572	0.3898305084745763	-1
Csa3_1_CAS-I-II-III-IV-V-VI	k63_884101_4	125	118	0.024	12.8	2776	3150	k63_884101	4	0.344	0.3728813559322034	-1
Csa5gr11_1_CAS-III-B	k63_794232_15	463	145	0.0051	14.9	16697	18085	k63_794232	15	0.16630669546436286	0.503448275862069	-1
Csb2_0_IU	k63_120039_5	117	492	6.9e-30	102.3	2122	2472	k63_120039	5	0.905982905982906	0.20528455284552846	1
Csb2gr5_0_CAS-I-U	k63_120039_5	117	498	1.5000000000000001e-30	104.3	2122	2472	k63_120039	5	0.905982905982906	0.20682730923694778	1
Csb2gr5_1_CAS-I-U	k63_120039_5	117	534	3.4e-15	53.5	2122	2472	k63_120039	5	0.8376068376068376	0.1853932584269663	1
Cse1_0_IE	k63_5637_3	491	504	4.3e-23	79.7	3827	5299	k63_5637	3	0.5926680244399185	0.5714285714285714	1
Cse2gr11_7_CAS-I-E	k63_1189295_3	868	144	0.012	13.8	5096	7699	k63_1189295	3	0.18317972350230416	0.6944444444444444	-1
Csf4_0_IVA	k63_1068924_4	719	666	0.0046	13.3	2573	4729	k63_1068924	4	0.07510431154381085	0.08558558558558559	1
Csf4_0_IVA	k63_1071612_1	1631	666	0.0037	13.6	3	4895	k63_1071612	1	0.018393623543838136	0.04504504504504504	-1
Csf4_0_IVA	k63_1367502_10	398	666	7.6e-05	19.2	8304	9497	k63_1367502	10	0.21105527638190955	0.11561561561561562	1
Csf4_0_IVA	k63_402409_12	703	666	3.3999999999999997e-47	159.1	11872	13980	k63_402409	12	0.9345661450924608	0.9219219219219219	1
Csf4_0_IVA	k63_578061_2	467	666	0.0029	14.0	1422	2822	k63_578061	2	0.2698072805139186	0.18468468468468469	-1
Csf4_0_IVA	k63_614478_1	516	666	1.6e-06	24.8	2	1549	k63_614478	1	0.22093023255813954	0.16966966966966968	1
Csf4_0_IVA	k63_691945_1	294	666	0.0014	15.0	3	884	k63_691945	1	0.19387755102040816	0.08708708708708708	-1
Csf4_1_IVA1	k63_1068924_4	719	802	0.0016	14.4	2573	4729	k63_1068924	4	0.10013908205841446	0.09102244389027432	1
Csf4_1_IVA1	k63_402409_12	703	802	2.5e-19	66.7	11872	13980	k63_402409	12	0.4395448079658606	0.3915211970074813	1
Csf4_1_IVA1	k63_614478_1	516	802	4.7e-05	19.5	2	1549	k63_614478	1	0.24224806201550386	0.1596009975062344	1
Csf4_2_IVA1	k63_402409_12	703	526	4.5e-12	43.1	11872	13980	k63_402409	12	0.4182076813655761	0.5247148288973384	1
Csf4_3_IVE	k63_402409_12	703	648	3.2e-05	20.5	11872	13980	k63_402409	12	0.2773826458036984	0.2854938271604938	1
Csm2gr11_6_CAS-III-D	k63_604833_6	120	151	0.012	13.2	3254	3613	k63_604833	6	0.49166666666666664	0.23841059602649006	-1
Csm2gr11_6_CAS-III-D	k63_696579_1	563	151	0.0021	15.7	19	1707	k63_696579	1	0.20603907637655416	0.5298013245033113	-1
Csm3_1_IIID	k63_720529_3	465	257	0.026	11.8	2359	3753	k63_720529	3	0.1956989247311828	0.3463035019455253	1
Csm3gr7_8_CAS-III-A-III-D	k63_720529_3	465	256	0.023	11.9	2359	3753	k63_720529	3	0.1956989247311828	0.34375	1
Csn2_7_CAS-II-A	k63_1266398_10	249	372	0.016	12.0	5626	6372	k63_1266398	10	0.2971887550200803	0.1989247311827957	-1
Csn2_7_CAS-II-A	k63_1664_3	253	372	0.015	12.1	2613	3371	k63_1664	3	0.3675889328063241	0.25	1
Csn2_7_CAS-II-A	k63_206528_8	255	372	0.028	11.1	10417	11181	k63_206528	8	0.3411764705882353	0.23387096774193547	-1
Csn2_8_CAS-II-A	k63_390687_2	328	335	0.017	12.0	458	1441	k63_390687	2	0.15548780487804878	0.15223880597014924	1
Csx16_0_CAS-III-B	k63_973478_2	401	105	0.0025	16.2	615	1817	k63_973478	2	0.14962593516209477	0.5714285714285714	1
Csx1_9_CAS-III	k63_157412_6	292	378	0.053	10.2	6482	7357	k63_157412	6	0.2945205479452055	0.2222222222222222	-1
Csx20_0_CAS-I-III	k63_315219_3	449	131	0.028	12.4	630	1976	k63_315219	3	0.05790645879732739	0.1984732824427481	1
Csx3_2_CAS-I-III	k63_1068965_3	266	277	0.003	14.4	2548	3345	k63_1068965	3	0.10150375939849623	0.09747292418772563	1
Csx3_2_CAS-I-III	k63_37532_8	655	277	0.015	12.2	5497	7461	k63_37532	8	0.10076335877862595	0.148014440433213	-1
Csx3_2_CAS-I-III	k63_47821_19	446	277	0.00011	19.1	21989	23326	k63_47821	19	0.15695067264573992	0.24548736462093862	1
Csx3_2_CAS-I-III	k63_513666_5	95	277	0.0025	14.7	3079	3363	k63_513666	5	0.23157894736842105	0.07942238267148015	-1
Csx3_2_CAS-I-III	k63_883141_3	689	277	0.0021	14.9	3497	5563	k63_883141	3	0.0841799709724238	0.1299638989169675	-1
Csx3_2_CAS-I-III	k63_978480_6	419	277	0.017	12.0	3868	5124	k63_978480	6	0.1026252983293556	0.13357400722021662	1
Csx3_2_CAS-I-III	k63_995760_1	139	277	0.0014	15.6	2	418	k63_995760	1	0.302158273381295	0.148014440433213	-1
CysH_0_IVB	k63_1170217_13	283	249	0.017	12.6	10692	11540	k63_1170217	13	0.3710247349823322	0.41767068273092367	1
CysH_0_IVB	k63_37532_9	314	249	2.4e-18	64.5	7461	8402	k63_37532	9	0.5414012738853503	0.6666666666666666	-1
CysH_0_IVB	k63_682915_5	124	249	0.0013	16.2	4595	4966	k63_682915	5	0.46774193548387094	0.20883534136546184	1
CysH_0_IVB	k63_878578_18	186	249	0.0012	16.4	14352	14909	k63_878578	18	0.5591397849462365	0.26104417670682734	1
CysH_0_IVB	k63_906534_4	431	249	0.00025	18.5	4935	6227	k63_906534	4	0.09280742459396751	0.1606425702811245	-1
DEDDh_0_CAS-I-II-III-IV-V-VI	k63_1342421_5	183	160	3e-12	44.7	4185	4733	k63_1342421	5	0.8579234972677595	0.95625	-1
DEDDh_0_CAS-I-II-III-IV-V-VI	k63_201972_10	240	160	1.3e-35	120.7	11203	11922	k63_201972	10	0.7375	0.99375	1
DEDDh_0_CAS-I-II-III-IV-V-VI	k63_438955_2	198	160	2.2e-22	77.7	1255	1848	k63_438955	2	0.8787878787878788	0.99375	1
DEDDh_0_CAS-I-II-III-IV-V-VI	k63_5637_1	185	160	6.9999999999999995e-25	85.8	112	666	k63_5637	1	0.827027027027027	0.9875	-1
DEDDh_0_CAS-I-II-III-IV-V-VI	k63_983097_3	483	160	5.2e-19	66.7	2327	3775	k63_983097	3	0.37060041407867494	0.975	-1
HEAT_CxxC_PDDEXK_0_CAS-I-C	k63_1167730_10	635	288	0.00028	17.9	7566	9470	k63_1167730	10	0.30078740157480316	0.5208333333333334	1
Mem_DnaJ_0_CAS-III-AM	k63_402458_4	372	284	0.0011	16.1	1851	2966	k63_402458	4	0.14516129032258066	0.20774647887323944	-1
RT_0_CAS-I-E	k63_1075440_2	461	414	2.4e-07	27.6	797	2179	k63_1075440	2	0.4403470715835141	0.45410628019323673	1
RT_0_CAS-I-E	k63_483868_1	238	414	0.00011	18.8	2	715	k63_483868	1	0.2857142857142857	0.1642512077294686	1
RT_0_CAS-I-E	k63_7096_2	461	414	0.00035	17.2	650	2032	k63_7096	2	0.3318872017353579	0.34057971014492755	1
RT_0_CAS-I-II-III-IV-V-VI	k63_1075440_2	461	213	2.3e-46	155.9	797	2179	k63_1075440	2	0.4511930585683297	1.0	1
RT_0_CAS-I-II-III-IV-V-VI	k63_483868_1	238	213	2.2e-18	64.4	2	715	k63_483868	1	0.3739495798319328	0.4413145539906103	1
RT_0_CAS-I-II-III-IV-V-VI	k63_586037_2	523	213	6.199999999999999e-43	144.6	615	2183	k63_586037	2	0.39961759082217974	0.9953051643192489	1
RT_0_CAS-I-II-III-IV-V-VI	k63_589863_6	473	213	1.8e-37	126.8	4785	6203	k63_589863	6	0.4904862579281184	0.9906103286384976	1
RT_0_CAS-I-II-III-IV-V-VI	k63_661047_2	462	213	3.9e-44	148.6	222	1607	k63_661047	2	0.44805194805194803	0.9953051643192489	-1
RT_0_CAS-I-II-III-IV-V-VI	k63_7096_2	461	213	2.5e-40	136.2	650	2032	k63_7096	2	0.45336225596529284	0.9953051643192489	1
RT_0_CAS-I-II-III-IV-V-VI	k63_922004_1	187	213	0.00021	18.8	2	562	k63_922004	1	0.6096256684491979	0.3333333333333333	1
RT_0_CAS-I-II-III-IV-V-VI	k63_922004_2	232	213	5.8e-12	43.4	559	1254	k63_922004	2	0.34051724137931033	0.3380281690140845	1
RT_0_CAS-I-II-III-IV-V-VI	k63_97769_2	441	213	1.8e-38	130.0	297	1619	k63_97769	2	0.5192743764172335	0.9953051643192489	-1
RT_0_CAS-III-AM-III-B	k63_1075440_2	461	298	9.4e-89	295.0	797	2179	k63_1075440	2	0.6052060737527115	0.9395973154362416	1
RT_0_CAS-III-AM-III-B	k63_483868_1	238	298	2.9e-22	76.7	2	715	k63_483868	1	0.38235294117647056	0.3053691275167785	1
RT_0_CAS-III-AM-III-B	k63_586037_2	523	298	3.5000000000000003e-81	270.1	615	2183	k63_586037	2	0.51434034416826	0.8959731543624161	1
RT_0_CAS-III-AM-III-B	k63_589863_6	473	298	1.4e-69	232.0	4785	6203	k63_589863	6	0.6215644820295984	0.87248322147651	1
RT_0_CAS-III-AM-III-B	k63_661047_2	462	298	1.2e-85	284.8	222	1607	k63_661047	2	0.5995670995670995	0.9295302013422819	-1
RT_0_CAS-III-AM-III-B	k63_7096_2	461	298	9.6e-84	278.5	650	2032	k63_7096	2	0.6160520607375272	0.9463087248322147	1
RT_0_CAS-III-AM-III-B	k63_922004_2	232	298	9.8e-09	32.3	559	1254	k63_922004	2	0.3577586206896552	0.23825503355704697	1
RT_0_CAS-III-AM-III-B	k63_97769_2	441	298	5.2e-75	249.8	297	1619	k63_97769	2	0.6077097505668935	0.87248322147651	-1
RecD_0_IVD	k63_1206615_4	535	763	0.0014	14.5	1544	3148	k63_1206615	4	0.20186915887850468	0.1402359108781127	1
RecD_0_IVD	k63_3662_6	1256	763	0.028	10.2	4740	8507	k63_3662	6	0.021496815286624203	0.035386631716906945	1
RecD_0_IVD	k63_48256_1	257	763	6.9e-12	42.0	1	771	k63_48256	1	0.29571984435797666	0.0982961992136304	-1
RecD_0_IVD	k63_941408_10	688	763	0.016	11.0	7103	9166	k63_941408	10	0.14244186046511628	0.11926605504587157	1
RecD_0_IVD	k63_941408_17	740	763	0.034	10.0	14932	17151	k63_941408	17	0.11891891891891893	0.1127129750982962	-1
RecD_0_IVD	k63_982900_1	309	763	0.0008	15.3	2	928	k63_982900	1	0.42071197411003236	0.1926605504587156	-1
RecD_0_IVD	k63_987909_3	335	763	0.0073	12.2	1755	2759	k63_987909	3	0.26865671641791045	0.11533420707732635	-1
TPR_0_CAS-III-B	k63_28275_4	503	488	4e-16	56.5	3607	5115	k63_28275	4	0.7375745526838966	0.5963114754098361	1
TPR_1_CAS-III-A	k63_10198_4	359	462	0.00042	16.9	2829	3905	k63_10198	4	0.38997214484679665	0.25757575757575757	-1
TPR_1_CAS-III-A	k63_28275_2	518	462	0.00047	16.7	183	1736	k63_28275	2	0.333976833976834	0.30735930735930733	-1
TPR_1_CAS-III-A	k63_28275_6	467	462	0.0092	12.4	6291	7691	k63_28275	6	0.3233404710920771	0.2813852813852814	1
TPR_1_CAS-III-A	k63_794674_5	683	462	0.0069	12.8	4972	7020	k63_794674	5	0.15226939970717424	0.08225108225108226	1
TPR_1_CAS-III-A	k63_871317_16	838	462	9.9e-06	22.2	18600	21113	k63_871317	16	0.12529832935560858	0.09523809523809523	-1
TPR_1_CAS-III-A	k63_983097_10	66	462	0.0006	16.3	10055	10252	k63_983097	10	0.5757575757575758	0.08225108225108226	1
TniQ_0_CAS-I-F	k63_1165622_18	175	139	0.029	13.0	14771	15295	k63_1165622	18	0.45714285714285713	0.5107913669064749	-1
TniQ_0_CAS-I-F	k63_1283224_2	194	139	0.0037	15.9	1294	1875	k63_1283224	2	0.1958762886597938	0.2733812949640288	1
TnpB_1_Competitive	k63_201972_12	286	409	0.025	11.1	13797	14654	k63_201972	12	0.14335664335664336	0.10024449877750612	1
TnsB_0_V-K	k63_734297_3	161	621	0.00027	17.0	1433	1915	k63_734297	3	0.2608695652173913	0.06763285024154589	1
TnsB_0_V-K	k63_972639_10	159	621	0.021	10.8	11174	11650	k63_972639	10	0.24528301886792453	0.06280193236714976	-1
Unk_01_1_CAS-III-D	k63_1355479_5	292	120	0.009	14.1	6179	7054	k63_1355479	5	0.17123287671232876	0.4083333333333333	-1
Unk_06_0_CAS-III-D	k63_643920_3	137	385	0.0043	13.7	1632	2042	k63_643920	3	0.45255474452554745	0.15324675324675324	1
WYL_0_CAS-I-II-III-IV-V-VI	k63_552886_1	507	313	0.0036	14.6	210	1730	k63_552886	1	0.16765285996055226	0.268370607028754	1
WYL_0_CAS-I-II-III-IV-V-VI	k63_552886_2	146	313	0.00084	16.7	2185	2622	k63_552886	2	0.22602739726027396	0.10543130990415335	1
WYL_0_CAS-I-II-III-IV-V-VI	k63_826157_8	235	313	0.01	13.1	12763	13467	k63_826157	8	0.1702127659574468	0.12779552715654952	1
WYL_0_CAS-I-II-III-IV-V-VI	k63_883141_2	335	313	1.5000000000000002e-22	78.2	1995	2999	k63_883141	2	0.8746268656716418	0.8945686900958466	-1
WYL_3_CAS-I-II-III-IV-V-VI	k63_883141_2	335	172	1e-35	121.1	1995	2999	k63_883141	2	0.5194029850746269	0.9767441860465116	-1
htpX_0_CAS-III-B	k63_465380_7	382	343	0.0015	15.5	4106	5251	k63_465380	7	0.18324607329842932	0.2099125364431487	-1
