Contig	Start	End	Strand	Pos
k63_1072080	6	728	-1	1
k63_1072080	767	2314	-1	2
k63_1072080	2364	2795	-1	3
k63_1219	2	262	-1	1
k63_1219	421	798	-1	2
k63_1219	815	1069	1	3
k63_1219	1066	1404	1	4
k63_1219	1311	1577	-1	5
k63_1219	1655	2722	-1	6
k63_1500957	1	1413	1	1
k63_1500957	1423	3159	1	2
k63_1500957	3060	3449	-1	3
k63_1500957	3669	4019	1	4
k63_1072513	3	215	1	1
k63_1072513	251	901	-1	2
k63_1072513	904	1947	-1	3
k63_858397	2	865	-1	1
k63_858397	926	1858	-1	2
k63_858397	2157	2333	1	3
k63_858397	2372	2710	1	4
k63_858397	2802	3164	1	5
k63_965598	1	69	1	1
k63_965598	80	3226	1	2
k63_1501517	3	578	-1	1
k63_1501517	785	1282	-1	2
k63_1501517	1335	2681	-1	3
k63_1501517	2873	4270	1	4
k63_1501517	4313	4624	1	5
k63_430146	1	1008	1	1
k63_430146	1042	1950	1	2
k63_430146	1987	2847	1	3
k63_537913	3	728	-1	1
k63_537913	747	2432	-1	2
k63_966001	52	1434	-1	1
k63_966001	1434	2882	-1	2
k63_966001	2909	3748	-1	3
k63_966001	3782	4150	-1	4
k63_539232	3	554	-1	1
k63_539232	560	1873	-1	2
k63_539232	2006	2527	1	3
k63_1503297	3	206	-1	1
k63_1503297	197	1495	-1	2
k63_1503297	1532	2431	-1	3
k63_1503297	2453	3052	-1	4
k63_217091	3	188	-1	1
k63_217091	338	1069	1	2
k63_217091	1095	2192	1	3
k63_217091	2192	2887	1	4
k63_110009	3	461	-1	1
k63_110009	465	1448	-1	2
k63_110009	1530	1637	-1	3
k63_3897	2	367	1	1
k63_3897	408	929	1	2
k63_3897	1013	2032	1	3
k63_3897	2093	2545	1	4
k63_3897	2552	3328	1	5
k63_3897	3356	4483	1	6
k63_3897	4488	4883	1	7
k63_1075303	2	973	-1	1
k63_1075303	970	2481	-1	2
k63_1075303	2678	3004	1	3
k63_432703	3	173	1	1
k63_432703	807	1085	-1	2
k63_432703	1099	1419	-1	3
k63_432703	2000	2863	-1	4
k63_432703	3015	3110	1	5
k63_1183120	2	691	1	1
k63_1183120	800	2995	1	2
k63_1183120	3105	4655	1	3
k63_1183120	4741	4845	1	4
k63_111467	3	794	1	1
k63_111467	798	2330	1	2
k63_111467	2368	3615	1	3
k63_1397511	3	797	1	1
k63_1397511	797	1933	1	2
k63_1397511	1937	2479	1	3
k63_541258	1	1056	1	1
k63_541258	1147	1935	1	2
k63_1075822	1	120	-1	1
k63_1075822	160	987	-1	2
k63_1075822	1117	2484	1	3
k63_1075822	2566	2676	1	4
k63_541492	2	1729	1	1
k63_541492	1719	2699	1	2
k63_541492	2890	3150	1	3
k63_541492	3223	4269	1	4
k63_433212	2	1303	-1	1
k63_433212	1367	2311	1	2
k63_433212	2542	2991	1	3
k63_433212	3021	3983	-1	4
k63_1397976	3	1034	-1	1
k63_1397976	1031	2083	-1	2
k63_1397976	2083	2910	-1	3
k63_1397976	2921	3523	-1	4
k63_1505309	2	790	1	1
k63_1505309	787	2400	1	2
k63_969787	3	1862	1	1
k63_969787	1976	2746	1	2
k63_969787	2867	4435	1	3
k63_969787	4526	4726	1	4
k63_1505448	3	548	-1	1
k63_1505448	564	1355	-1	2
k63_1505448	1373	1555	-1	3
k63_112800	4	1596	-1	1
k63_112800	1551	3116	-1	2
k63_112800	3372	3956	1	3
k63_6546	2	451	1	1
k63_6546	454	867	1	2
k63_6546	867	1076	1	3
k63_6546	1096	1365	1	4
k63_6546	1408	1776	1	5
k63_6546	1813	2031	1	6
k63_6673	2	232	-1	1
k63_6673	527	1057	1	2
k63_6673	1204	2472	1	3
k63_6673	2491	2760	1	4
k63_1077322	2	664	1	1
k63_1077322	1071	1376	-1	2
k63_1077322	1376	1624	-1	3
k63_1077322	1995	2120	-1	4
k63_1077322	2275	2787	1	5
k63_1077322	2784	4106	1	6
k63_1077322	4158	5240	1	7
k63_1077322	5371	6792	-1	8
k63_1077322	6797	8053	-1	9
k63_1077322	8057	9481	-1	10
k63_757341	1	927	-1	1
k63_757341	1166	1447	1	2
k63_757341	1444	2178	1	3
k63_757341	2181	3338	1	4
k63_757341	3360	4784	1	5
k63_757341	4807	5502	1	6
k63_757341	5524	6564	1	7
k63_757341	6646	7251	-1	8
k63_757341	7371	7532	1	9
k63_7943	3	1262	1	1
k63_7943	1321	2148	1	2
k63_7943	2167	3573	1	3
k63_7943	3933	5243	-1	4
k63_7943	5318	5695	1	5
k63_7943	5810	6973	1	6
k63_1400736	49	669	-1	1
k63_1400736	734	1231	-1	2
k63_1400736	1294	1593	-1	3
k63_1400736	1763	2326	-1	4
k63_1400736	2360	2629	-1	5
k63_1400736	2674	2808	-1	6
k63_1400736	3032	3418	-1	7
k63_1400736	3452	4192	-1	8
k63_1400828	1	135	-1	1
k63_1400828	138	917	-1	2
k63_1400828	1044	1979	-1	3
k63_1400828	2121	3230	-1	4
k63_972454	2	367	-1	1
k63_972454	383	2749	-1	2
k63_972454	2814	3524	-1	3
k63_972454	3517	4764	-1	4
k63_972454	4794	6275	-1	5
k63_972454	6313	6591	-1	6
k63_1186966	3	785	1	1
k63_1186966	810	1430	1	2
k63_1186966	1452	2690	1	3
k63_1186966	2694	3176	1	4
k63_972728	1	1110	-1	1
k63_972728	1277	1519	-1	2
k63_972728	1685	2428	-1	3
k63_972728	2429	3397	-1	4
k63_972728	3437	4450	-1	5
k63_972728	4520	4702	-1	6
k63_972728	4761	4895	1	7
k63_330320	1	645	1	1
k63_330320	767	1180	1	2
k63_330320	1246	1992	-1	3
k63_758949	148	525	1	1
k63_758949	559	1563	1	2
k63_758949	1747	1989	-1	3
k63_9295	1	306	-1	1
k63_9295	424	1779	-1	2
k63_9295	1850	2662	1	3
k63_9295	2685	4583	-1	4
k63_9295	4782	5426	1	5
k63_331828	8	1834	-1	1
k63_331828	1866	2492	1	2
k63_1080832	2	1153	-1	1
k63_1080832	1438	2625	1	2
k63_1080832	2704	2931	1	3
k63_1188656	1	582	-1	1
k63_1188656	583	1500	-1	2
k63_1188656	1501	1992	-1	3
k63_1188695	2	964	1	1
k63_1188695	1057	2244	1	2
k63_1188695	2298	2738	1	3
k63_974859	3	575	-1	1
k63_974859	608	1747	-1	2
k63_974859	1974	2723	1	3
k63_974859	2810	4000	1	4
k63_974859	4015	5523	-1	5
k63_117457	1	192	-1	1
k63_117457	322	1143	-1	2
k63_117457	1205	2260	-1	3
k63_1189846	1	114	1	1
k63_1189846	188	1981	1	2
k63_333673	2	373	1	1
k63_333673	403	741	-1	2
k63_333673	751	1026	-1	3
k63_333673	1395	1529	-1	4
k63_333673	1721	2023	-1	5
k63_333673	2054	2203	-1	6
k63_118696	3	1169	-1	1
k63_118696	1254	1811	-1	2
k63_118696	1840	2043	-1	3
k63_118696	2307	3284	-1	4
k63_118696	3335	4231	1	5
k63_118696	4313	4744	1	6
k63_118696	4757	6172	-1	7
k63_334106	2	76	-1	1
k63_334106	140	1591	-1	2
k63_334106	1605	2453	-1	3
k63_119130	3	1223	-1	1
k63_119130	1921	2709	1	2
k63_119130	2805	3281	-1	3
k63_119130	3376	3819	1	4
k63_119130	3816	4133	1	5
k63_119130	4354	4788	1	6
k63_119130	4825	5220	-1	7
k63_119304	1	264	1	1
k63_119304	358	2352	1	2
k63_226270	3	254	-1	1
k63_226270	321	1214	-1	2
k63_226270	1424	1996	1	3
k63_120226	1	633	1	1
k63_120226	813	1190	-1	2
k63_120226	1165	1437	-1	3
k63_120226	1434	1715	-1	4
k63_120226	1999	2520	-1	5
k63_120226	2517	2627	-1	6
k63_335554	2	997	-1	1
k63_335554	1074	3368	-1	2
k63_335554	3721	4266	-1	3
k63_335554	4303	5166	-1	4
k63_335554	5173	5940	-1	5
k63_227113	2	142	1	1
k63_227113	161	823	1	2
k63_227113	886	1623	-1	3
k63_763945	85	945	1	1
k63_763945	978	2159	1	2
k63_763945	2196	2375	-1	3
k63_1406298	3	266	-1	1
k63_1406298	486	791	1	2
k63_1406298	802	1977	1	3
k63_1406298	1974	3128	1	4
k63_1406298	3125	3349	1	5
k63_764324	3	422	1	1
k63_764324	323	784	-1	2
k63_764324	908	1726	1	3
k63_14260	3	245	1	1
k63_14260	388	1080	1	2
k63_14260	1165	2187	-1	3
k63_121007	1	1995	1	1
k63_121007	2009	2902	1	2
k63_121007	2853	4250	1	3
k63_336450	2	70	-1	1
k63_336450	271	1890	1	2
k63_336450	1994	2689	1	3
k63_336450	2938	3612	1	4
k63_336450	3627	4262	1	5
k63_336450	4488	5336	-1	6
k63_336450	5530	6618	-1	7
k63_336450	6657	7982	-1	8
k63_871986	3	413	-1	1
k63_871986	519	1745	1	2
k63_871986	1817	2377	-1	3
k63_871994	1	657	-1	1
k63_871994	718	1173	1	2
k63_871994	1238	1918	1	3
k63_871994	2091	2357	1	4
k63_765233	2	538	1	1
k63_765233	531	1325	1	2
k63_765233	1338	1601	1	3
k63_765233	1704	3638	1	4
k63_765233	3662	4456	-1	5
k63_1085995	3	1538	-1	1
k63_1085995	1535	2629	-1	2
k63_1085995	2631	3140	-1	3
k63_1085995	3284	3943	-1	4
k63_1085995	3967	4920	-1	5
k63_1085995	5262	5798	1	6
k63_1086232	2	346	1	1
k63_1086232	491	1084	1	2
k63_1086232	1084	2037	1	3
k63_15113	1	2271	1	1
k63_15113	2521	3564	-1	2
k63_15113	3764	4453	1	3
k63_1194217	1	408	1	1
k63_1194217	581	1507	1	2
k63_1194217	1551	2297	1	3
k63_1086426	2	628	1	1
k63_1086426	676	1815	1	2
k63_1086426	1823	2974	-1	3
k63_122022	1	231	-1	1
k63_122022	253	807	-1	2
k63_122022	952	2532	-1	3
k63_122022	2571	3725	-1	4
k63_122022	3935	4174	-1	5
k63_122022	4248	5336	-1	6
k63_122022	5493	5846	1	7
k63_229035	1	255	-1	1
k63_229035	258	1574	-1	2
k63_229035	1559	2044	-1	3
k63_229035	2147	3292	1	4
k63_229035	3306	4604	1	5
k63_229035	4669	5283	1	6
k63_1194457	1	2871	1	1
k63_1194457	2886	3737	1	2
k63_1194457	3980	4906	1	3
k63_1194457	5686	6624	-1	4
k63_1194457	6587	6730	-1	5
k63_122748	301	1458	-1	1
k63_122748	1548	2111	-1	2
k63_122748	2123	4819	-1	3
k63_122748	4850	5029	-1	4
k63_1087356	2	160	1	1
k63_1087356	151	1182	1	2
k63_1087356	1211	1609	1	3
k63_16490	3	578	-1	1
k63_16490	620	1243	-1	2
k63_16490	1215	1553	-1	3
k63_16490	1574	3754	-1	4
k63_16490	3754	4692	-1	5
k63_16490	4740	5822	-1	6
k63_661307	320	2167	-1	1
k63_661307	2158	2646	-1	2
k63_661307	2720	2986	1	3
k63_444513	34	537	-1	1
k63_444513	761	1435	1	2
k63_444513	1440	2012	1	3
k63_444513	1952	2476	1	4
k63_340003	86	496	1	1
k63_340003	540	1559	1	2
k63_340003	1543	2037	-1	3
k63_340003	2038	2907	-1	4
k63_340003	2941	3189	-1	5
k63_1089106	3	242	1	1
k63_1089106	264	767	1	2
k63_1089106	923	2425	-1	3
k63_1089106	2703	3179	1	4
k63_124871	1	1056	-1	1
k63_124871	1101	1577	-1	2
k63_875466	1	318	1	1
k63_875466	365	2389	-1	2
k63_875466	2578	3231	1	3
k63_1410789	3	287	1	1
k63_1410789	466	750	1	2
k63_1410789	743	1729	1	3
k63_125237	1	783	-1	1
k63_125237	1006	1947	1	2
k63_125237	1982	2335	1	3
k63_1303248	1	141	1	1
k63_1303248	167	469	1	2
k63_1303248	535	1521	1	3
k63_1303248	1561	1860	1	4
k63_1517822	230	2269	-1	1
k63_1517822	2305	3066	1	2
k63_1517822	3126	3953	-1	3
k63_1089954	3	1214	-1	1
k63_1089954	1214	2410	-1	2
k63_1089954	2517	2816	-1	3
k63_1089954	2877	3149	-1	4
k63_1089954	3149	4459	-1	5
k63_1089954	4626	5771	1	6
k63_1089954	5883	6602	1	7
k63_1090382	357	1268	1	1
k63_1090382	1291	1737	-1	2
k63_1090382	1808	1939	1	3
k63_662684	108	707	1	1
k63_662684	755	2038	1	2
k63_662684	2205	3053	1	3
k63_662684	3078	3593	-1	4
k63_1518248	2	469	-1	1
k63_1518248	568	1617	-1	2
k63_1518248	1722	2009	1	3
k63_1518248	2038	3492	1	4
k63_1518248	3495	4685	1	5
k63_556181	3	206	-1	1
k63_556181	287	1738	-1	2
k63_556181	1741	2223	-1	3
k63_556181	2336	2959	1	4
k63_556181	3017	3457	-1	5
k63_556181	3462	4748	-1	6
k63_556181	4697	4945	-1	7
k63_770175	3	1130	-1	1
k63_770175	1149	1694	-1	2
k63_770175	1757	1894	-1	3
k63_984564	3	941	1	1
k63_984564	975	2927	1	2
k63_984564	2949	3350	1	3
k63_984564	3347	3916	1	4
k63_342509	10	909	-1	1
k63_342509	964	1518	-1	2
k63_342509	1534	2055	-1	3
k63_342509	2157	3431	-1	4
k63_1199041	225	419	1	1
k63_1199041	505	813	1	2
k63_1199041	820	1158	1	3
k63_1199041	1155	2066	1	4
k63_1199041	2215	2706	1	5
k63_1199041	2790	3617	-1	6
k63_1199041	3709	3846	1	7
k63_1519108	2	100	1	1
k63_1519108	97	1467	1	2
k63_1519108	1531	2157	1	3
k63_1519108	2198	3310	-1	4
k63_447125	3	929	1	1
k63_447125	937	2181	-1	2
k63_447125	2216	3928	-1	3
k63_127582	2	403	1	1
k63_127582	432	1406	1	2
k63_127582	1403	2704	1	3
k63_127582	2847	4418	1	4
k63_127582	4539	5015	1	5
k63_127582	5022	5483	1	6
k63_1413395	2	196	-1	1
k63_1413395	208	1110	-1	2
k63_1413395	1100	1858	-1	3
k63_1413395	1939	2778	-1	4
k63_1413395	3131	4342	1	5
k63_1413395	4388	4843	1	6
k63_1413395	5034	5378	-1	7
k63_1413395	5719	7524	1	8
k63_1520201	3	482	1	1
k63_1520201	503	1471	1	2
k63_1520201	1464	2537	1	3
k63_1520201	2628	3596	-1	4
k63_878546	164	1579	-1	1
k63_878546	1612	2376	1	2
k63_878546	2454	3689	-1	3
k63_878546	3629	4633	-1	4
k63_878546	4694	6691	-1	5
k63_878546	6769	6999	-1	6
k63_128426	2	820	-1	1
k63_128426	890	1636	-1	2
k63_128426	1722	1898	-1	3
k63_878755	1	1491	1	1
k63_878755	1743	2015	1	2
k63_665577	1	333	-1	1
k63_665577	366	1451	-1	2
k63_665577	1476	1847	-1	3
k63_448875	2	1795	1	1
k63_448875	1830	2189	1	2
k63_448875	2314	2940	1	3
k63_448875	2973	3374	1	4
k63_987180	2	133	-1	1
k63_987180	180	419	1	2
k63_987180	731	1015	1	3
k63_987180	1121	1822	-1	4
k63_987180	1819	3402	-1	5
k63_987180	3719	5131	-1	6
k63_987180	5128	5838	-1	7
k63_987180	5844	6578	-1	8
k63_987180	6578	7066	-1	9
k63_236293	2	1183	1	1
k63_236293	1257	1433	1	2
k63_236293	1435	3465	-1	3
k63_236293	3500	4396	-1	4
k63_236293	4523	4837	-1	5
k63_236293	4882	5502	-1	6
k63_236293	5569	6270	-1	7
k63_879571	1	183	-1	1
k63_879571	247	426	-1	2
k63_879571	680	1954	1	3
k63_879571	2047	2652	1	4
k63_988019	3	1865	-1	1
k63_1094732	2	829	-1	1
k63_1094732	890	1582	-1	2
k63_1094732	1666	3195	-1	3
k63_1094732	3239	3745	-1	4
k63_1094732	3946	4944	-1	5
k63_1094732	5272	6159	-1	6
k63_1094732	6163	6423	-1	7
k63_988329	3	914	1	1
k63_988329	933	1964	1	2
k63_988329	1984	3057	1	3
k63_1522879	2	1660	1	1
k63_1522879	1702	2781	1	2
k63_1522879	2814	3707	1	3
k63_1522879	3709	4767	-1	4
k63_1522879	4938	5222	1	5
k63_130736	2	1048	-1	1
k63_130736	1045	2205	-1	2
k63_130736	2189	2755	-1	3
k63_1203719	3	812	1	1
k63_1203719	809	1396	1	2
k63_1203719	1466	1789	-1	3
k63_1203808	1	249	1	1
k63_1203808	246	1229	1	2
k63_1203808	1226	2113	1	3
k63_989957	1	93	1	1
k63_989957	678	1820	1	2
k63_989957	1865	2254	-1	3
k63_989957	2295	2567	-1	4
k63_775938	1	1239	1	1
k63_775938	1267	1689	1	2
k63_775938	1748	2932	-1	3
k63_775938	2942	3892	-1	4
k63_775938	3898	4389	-1	5
k63_775938	4386	4862	-1	6
k63_775938	4869	7061	-1	7
k63_775938	7024	7374	-1	8
k63_775938	7391	8020	-1	9
k63_348364	1	708	1	1
k63_348364	818	1918	-1	2
k63_348364	1976	2818	-1	3
k63_348364	2831	3703	-1	4
k63_348364	3961	4053	1	5
k63_776126	643	957	1	1
k63_776126	965	1495	1	2
k63_776126	1680	2696	1	3
k63_776126	2867	3277	1	4
k63_776126	4024	4449	1	5
k63_1524227	1	1476	1	1
k63_1524227	1490	2125	1	2
k63_1524227	2128	2301	1	3
k63_1524227	2304	3590	1	4
k63_1524227	3610	4407	1	5
k63_1524227	4540	5064	1	6
k63_238650	3	470	1	1
k63_238650	492	1094	-1	2
k63_238650	1202	1783	1	3
k63_238650	1772	2800	-1	4
k63_238650	2851	4062	1	5
k63_238650	4105	4656	1	6
k63_238710	1	306	-1	1
k63_238710	576	1490	-1	2
k63_238710	1480	1851	-1	3
k63_238710	1880	4456	-1	4
k63_24230	1	1068	1	1
k63_24230	1207	2064	1	2
k63_24230	2132	2428	-1	3
k63_24255	3	680	-1	1
k63_24255	747	2027	-1	2
k63_24255	2178	3458	-1	3
k63_24255	3577	3780	-1	4
k63_24255	3919	4356	-1	5
k63_776354	3	1976	1	1
k63_669048	2	205	1	1
k63_669048	202	297	1	2
k63_669048	269	1060	1	3
k63_669048	1191	2081	1	4
k63_669184	45	401	1	1
k63_669184	405	1793	1	2
k63_348905	1	447	1	1
k63_348905	550	1929	1	2
k63_348905	1939	2832	-1	3
k63_348905	2972	3364	1	4
k63_132553	1	771	-1	1
k63_132553	1177	2253	1	2
k63_452729	2	397	1	1
k63_452729	416	1537	1	2
k63_452729	1552	1974	1	3
k63_452729	2063	3208	1	4
k63_133926	3	98	-1	1
k63_133926	158	460	1	2
k63_133926	1231	2673	-1	3
k63_133926	2834	3307	-1	4
k63_777947	1	492	-1	1
k63_777947	921	1841	-1	2
k63_777947	2084	2224	1	3
k63_777947	2314	2784	-1	4
k63_1098994	162	1034	-1	1
k63_1098994	1133	2107	-1	2
k63_1098994	2338	3090	1	3
k63_1098994	3087	4838	1	4
k63_778410	48	2369	-1	1
k63_778410	2456	2614	-1	2
k63_1207023	1	648	1	1
k63_1207023	893	1201	1	2
k63_1207023	1240	2361	1	3
k63_1207023	2397	3374	1	4
k63_1207023	3409	4656	1	5
k63_1207023	4701	5243	1	6
k63_26785	3	2225	-1	1
k63_26785	2191	2943	-1	2
k63_351804	3	992	-1	1
k63_351804	1251	2099	-1	2
k63_1100055	1	468	-1	1
k63_1100055	468	1253	-1	2
k63_1100055	1268	2212	-1	3
k63_1100055	2390	3562	-1	4
k63_135538	3	632	-1	1
k63_135538	708	1727	-1	2
k63_135538	1852	2868	-1	3
k63_135538	2879	3589	-1	4
k63_1313938	34	855	-1	1
k63_1313938	893	2020	1	2
k63_1313938	2241	2813	1	3
k63_1528031	3	101	1	1
k63_1528031	98	1174	1	2
k63_1528031	1211	1585	1	3
k63_1528031	1586	1912	1	4
k63_1528031	1909	2334	1	5
k63_1528031	2367	2939	1	6
k63_1208789	2	559	-1	1
k63_1208789	1126	1422	1	2
k63_1208789	1462	2274	1	3
k63_1208789	2261	3349	1	4
k63_1208789	3363	4526	-1	5
k63_1208789	4530	4742	-1	6
k63_673796	2	1249	1	1
k63_673796	1311	2000	-1	2
k63_673796	2012	2914	-1	3
k63_673796	2975	3364	-1	4
k63_455553	3	200	1	1
k63_455553	244	858	-1	2
k63_455553	969	1709	1	3
k63_455553	1730	2131	-1	4
k63_455553	2128	2394	-1	5
k63_455553	2427	2894	-1	6
k63_243870	1	489	1	1
k63_243870	492	1703	1	2
k63_243870	1883	2311	1	3
k63_243870	2356	2754	1	4
k63_243870	2863	4488	-1	5
k63_353441	1	99	-1	1
k63_353441	96	218	-1	2
k63_353441	215	1129	-1	3
k63_353441	1126	1770	-1	4
k63_353441	1848	2690	-1	5
k63_353441	2865	3062	1	6
k63_353441	3093	4397	-1	7
k63_1209550	2	205	-1	1
k63_1209550	202	420	-1	2
k63_1209550	607	849	1	3
k63_1209550	866	1303	1	4
k63_1209550	1533	2111	-1	5
k63_782896	2	1039	-1	1
k63_782896	1580	2098	1	2
k63_782896	2226	3509	-1	3
k63_782896	3509	4120	-1	4
k63_782896	4163	4402	-1	5
k63_782896	4477	4842	-1	6
k63_1102781	2	1354	1	1
k63_1102781	1359	1856	1	2
k63_1102781	1864	3105	-1	3
k63_1102781	3102	3743	-1	4
k63_1102781	3746	3856	-1	5
k63_888880	2	2749	1	1
k63_139453	3	416	-1	1
k63_139453	599	2632	1	2
k63_139453	2612	2800	-1	3
k63_139799	2	1516	-1	1
k63_139799	1521	1835	-1	2
k63_139799	1851	2156	-1	3
k63_356414	1	372	1	1
k63_356414	500	1180	-1	2
k63_356414	1230	1691	1	3
k63_356414	1957	3072	1	4
k63_1531941	3	1979	-1	1
k63_1531941	2047	3354	-1	2
k63_32007	2	100	-1	1
k63_32007	87	1244	-1	2
k63_32007	1241	1690	-1	3
k63_32007	1722	3458	-1	4
k63_32007	3550	3789	1	5
k63_1532570	3	1088	1	1
k63_1532570	1092	1589	1	2
k63_1532570	1586	2890	1	3
k63_1532570	2903	5011	1	4
k63_1105093	63	1055	1	1
k63_1105093	1137	2018	1	2
k63_141106	1	705	1	1
k63_141106	941	2014	1	2
k63_141106	2026	3294	-1	3
k63_1426660	2	613	1	1
k63_1426660	628	1362	1	2
k63_1426660	1382	1540	1	3
k63_1426660	1468	1818	-1	4
k63_32879	77	2350	-1	1
k63_32879	2360	2887	-1	2
k63_32879	2964	3194	1	3
k63_32879	3184	3645	1	4
k63_32879	3675	4196	-1	5
k63_32879	4228	5436	-1	6
k63_1214227	1	129	1	1
k63_1214227	158	1174	1	2
k63_1214227	1217	1876	1	3
k63_460472	1	645	-1	1
k63_460472	646	1542	1	2
k63_460472	1680	2555	-1	3
k63_460472	2566	3783	-1	4
k63_460472	3801	4853	-1	5
k63_460472	4890	5807	-1	6
k63_572524	2	592	1	1
k63_572524	690	1052	1	2
k63_572524	1088	1855	1	3
k63_572524	1873	2517	1	4
k63_572524	2514	3209	1	5
k63_787305	2	733	1	1
k63_787305	783	1868	-1	2
k63_787305	2007	2183	1	3
k63_359519	1	72	1	1
k63_359519	345	818	-1	2
k63_359519	815	2350	-1	3
k63_359519	2359	2526	-1	4
k63_33960	1	696	-1	1
k63_33960	890	3220	-1	2
k63_33960	3230	4333	-1	3
k63_33960	4600	4962	1	4
k63_33960	5176	5418	-1	5
k63_1428751	2	700	-1	1
k63_1428751	742	2703	-1	2
k63_1428751	2700	3005	-1	3
k63_1428751	3002	3625	-1	4
k63_1428751	3634	4125	-1	5
k63_1428751	4157	5203	-1	6
k63_1428751	5218	5514	-1	7
k63_250658	3	1022	1	1
k63_250658	1031	2038	-1	2
k63_250658	2179	3141	1	3
k63_681112	3	1097	1	1
k63_681112	1130	1945	-1	2
k63_1215448	2	838	-1	1
k63_1215448	1423	1500	1	2
k63_143904	131	2605	1	1
k63_143904	2699	3175	1	2
k63_143904	3209	4126	1	3
k63_34557	2	814	-1	1
k63_34557	857	2200	-1	2
k63_34557	2421	2714	1	3
k63_462971	1	2319	-1	1
k63_573916	1	831	1	1
k63_573916	824	1150	1	2
k63_573916	1147	1617	1	3
k63_681773	3	485	-1	1
k63_681773	424	1746	-1	2
k63_681773	1773	2312	-1	3
k63_681773	2375	2848	-1	4
k63_681773	2859	3503	-1	5
k63_681773	3528	4268	-1	6
k63_681773	4268	4834	-1	7
k63_144805	128	1150	1	1
k63_144805	1164	2639	-1	2
k63_144805	2659	3498	-1	3
k63_144805	3523	3735	-1	4
k63_144805	3719	4843	-1	5
k63_144805	4850	6691	-1	6
k63_144805	7102	8391	-1	7
k63_144805	8482	8913	-1	8
k63_144805	9146	9391	1	9
k63_252053	2	343	-1	1
k63_252053	382	1758	-1	2
k63_252053	1755	3071	-1	3
k63_252053	3113	4045	-1	4
k63_252053	4051	4569	-1	5
k63_1323063	155	844	-1	1
k63_1323063	960	2222	1	2
k63_574873	3	515	-1	1
k63_574873	668	1267	1	2
k63_574873	1221	2099	1	3
k63_682830	1	663	1	1
k63_682830	692	1777	1	2
k63_682830	1778	2866	1	3
k63_682830	3073	3414	1	4
k63_682830	3365	4699	1	5
k63_682830	4786	4965	-1	6
k63_1217420	122	328	1	1
k63_1217420	325	426	1	2
k63_1217420	664	888	1	3
k63_1217420	1336	1641	1	4
k63_1217420	1928	2824	1	5
k63_464367	3	884	-1	1
k63_464367	986	1393	1	2
k63_464367	1598	1918	1	3
k63_464367	1931	2923	1	4
k63_791835	1	501	-1	1
k63_791835	566	1582	-1	2
k63_684059	3	137	-1	1
k63_684059	165	521	1	2
k63_684059	525	1016	1	3
k63_684059	1104	1340	1	4
k63_684059	1366	1521	1	5
k63_684059	1527	1985	1	6
k63_146933	3	239	-1	1
k63_146933	242	370	-1	2
k63_146933	370	1119	-1	3
k63_146933	1162	2349	-1	4
k63_146933	2420	3244	-1	5
k63_146933	3323	3772	1	6
k63_253971	2	412	-1	1
k63_253971	519	1094	-1	2
k63_253971	1419	1688	1	3
k63_1218714	1	555	1	1
k63_1218714	536	2002	1	2
k63_1218714	2002	3201	1	3
k63_1218714	3209	3907	1	4
k63_1218714	3904	4293	1	5
k63_1325179	3	1646	1	1
k63_1325179	1709	2794	1	2
k63_1325179	2787	3038	1	3
k63_684991	1	1098	1	1
k63_684991	1138	2001	1	2
k63_684991	2037	2117	1	3
k63_1004835	2	604	-1	1
k63_1004835	644	958	-1	2
k63_1004835	996	2189	-1	3
k63_1004835	2265	3737	-1	4
k63_255570	3	416	1	1
k63_255570	475	1143	-1	2
k63_255570	1262	2266	1	3
k63_255570	2322	2993	-1	4
k63_255570	3005	4501	-1	5
k63_898421	2	1024	-1	1
k63_898421	1140	2222	-1	2
k63_898421	2219	3244	-1	3
k63_898421	3567	4076	1	4
k63_898421	4141	5148	-1	5
k63_898421	5145	5516	-1	6
k63_898421	5562	6026	-1	7
k63_898421	6249	6551	-1	8
k63_1326097	2	868	-1	1
k63_1326097	865	1146	-1	2
k63_1326097	1143	2360	-1	3
k63_466442	2	82	-1	1
k63_466442	79	801	-1	2
k63_466442	789	1235	-1	3
k63_466442	1260	1793	-1	4
k63_578388	2	406	-1	1
k63_578388	452	1288	-1	2
k63_578388	1547	2077	-1	3
k63_578388	2074	2334	-1	4
k63_1327079	50	1006	-1	1
k63_1327079	1010	2023	-1	2
k63_1327079	2204	2389	-1	3
k63_1327079	2406	2906	-1	4
k63_1327079	2992	3114	1	5
k63_1219987	2	193	-1	1
k63_1219987	190	576	-1	2
k63_1219987	580	1572	-1	3
k63_1219987	1586	1843	-1	4
k63_1327145	2	601	1	1
k63_1327145	606	1544	-1	2
k63_1327145	1702	2676	-1	3
k63_1327145	2944	3759	1	4
k63_1327145	3792	6344	1	5
k63_1327145	6431	6754	1	6
k63_1327145	6769	7041	1	7
k63_578835	1	822	1	1
k63_578835	822	1229	1	2
k63_578835	1360	2670	1	3
k63_578835	2756	3217	1	4
k63_1113865	16	273	-1	1
k63_1113865	392	1063	1	2
k63_1113865	1029	1850	1	3
k63_1113865	1879	2538	1	4
k63_150599	2	103	-1	1
k63_150599	805	960	1	2
k63_150599	1300	3201	1	3
k63_39453	3	1238	-1	1
k63_39453	1372	2130	1	2
k63_150712	3	137	-1	1
k63_150712	174	620	-1	2
k63_150712	826	1953	1	3
k63_795273	3	185	1	1
k63_795273	189	419	-1	2
k63_795273	451	753	-1	3
k63_795273	762	1169	-1	4
k63_795273	1174	1593	-1	5
k63_899787	1	1131	-1	1
k63_899787	1124	2866	-1	2
k63_899787	2989	4047	1	3
k63_899787	4076	5269	1	4
k63_899787	5317	5607	1	5
k63_579570	1	222	1	1
k63_579570	284	694	-1	2
k63_579570	801	1601	-1	3
k63_579570	1615	4062	-1	4
k63_579570	4055	4291	-1	5
k63_257785	3	1601	1	1
k63_257836	95	1873	-1	1
k63_257836	1931	2161	-1	2
k63_796355	3	401	-1	1
k63_796355	590	1942	1	2
k63_796355	1993	2481	-1	3
k63_796355	2530	2892	-1	4
k63_796355	2928	3047	-1	5
k63_1115207	2	1132	-1	1
k63_1115207	1321	1950	-1	2
k63_1115207	2017	2844	1	3
k63_1115207	2940	4244	1	4
k63_1115207	4343	4756	1	5
k63_366723	2	670	-1	1
k63_366723	667	1239	-1	2
k63_366723	1325	3757	1	3
k63_366723	3771	4091	-1	4
k63_366723	4160	5161	1	5
k63_366723	5165	5602	1	6
k63_366723	5619	6152	1	7
k63_366723	6203	6877	1	8
k63_689022	2	1465	1	1
k63_689022	1497	1709	1	2
k63_1543001	3	242	-1	1
k63_1543001	245	1354	-1	2
k63_1543001	1376	3358	-1	3
k63_1543001	3376	4407	1	4
k63_901762	1	1167	1	1
k63_901762	1303	1530	1	2
k63_901762	1523	2917	1	3
k63_901762	2901	3263	1	4
k63_152814	1	141	1	1
k63_152814	141	554	1	2
k63_152814	508	1029	1	3
k63_152814	1117	2109	1	4
k63_152814	2155	3465	1	5
k63_152814	3691	4749	-1	6
k63_152814	5032	6081	1	7
k63_901992	2	526	1	1
k63_901992	563	1327	1	2
k63_901992	1318	2040	1	3
k63_42032	40	1848	-1	1
k63_42032	1915	2439	-1	2
k63_42032	2459	2584	-1	3
k63_902064	3	107	1	1
k63_902064	133	1368	1	2
k63_1543284	3	1061	-1	1
k63_1543284	1077	2084	1	2
k63_1543284	2152	3240	1	3
k63_1543284	3256	4515	1	4
k63_1543284	4653	5921	-1	5
k63_1543284	6039	6890	1	6
k63_1543284	6912	7163	-1	7
k63_798891	3	881	1	1
k63_798891	895	2136	-1	2
k63_798891	2143	2880	-1	3
k63_469937	1	324	-1	1
k63_469937	394	882	-1	2
k63_469937	1051	1494	-1	3
k63_469937	1530	3179	-1	4
k63_469937	3215	3418	-1	5
k63_690383	3	1547	-1	1
k63_690383	1554	2216	-1	2
k63_690383	2238	3383	-1	3
k63_690383	3406	3648	-1	4
k63_1224582	3	218	-1	1
k63_1224582	196	1257	-1	2
k63_1224582	1327	2247	-1	3
k63_1224582	2234	2773	-1	4
k63_1224582	3246	3710	1	5
k63_1438987	2	85	-1	1
k63_1438987	151	381	-1	2
k63_1438987	433	1296	-1	3
k63_1438987	1345	1800	-1	4
k63_1438987	2070	2357	-1	5
k63_1332009	66	1001	-1	1
k63_1332009	1001	2545	-1	2
k63_1332009	2623	3027	-1	3
k63_1332009	3024	4148	-1	4
k63_1332009	4150	5199	-1	5
k63_582819	2	1987	-1	1
k63_583391	1	1212	1	1
k63_583391	1329	2336	1	2
k63_583391	2340	3482	1	3
k63_583391	3485	4477	1	4
k63_583391	4477	5478	1	5
k63_583391	5539	6165	-1	6
k63_583391	6174	6446	-1	7
k63_1225707	2	1354	1	1
k63_1225707	1525	1833	-1	2
k63_1225707	1870	2115	-1	3
k63_1225707	2189	3091	1	4
k63_1439865	3	140	-1	1
k63_1439865	302	1636	1	2
k63_1439865	1643	1981	1	3
k63_1439865	2001	2381	-1	4
k63_1439865	2412	2615	1	5
k63_1332885	3	248	1	1
k63_1332885	378	1328	1	2
k63_1332885	1341	1670	1	3
k63_904868	3	689	1	1
k63_904868	799	1158	1	2
k63_904868	1179	2246	-1	3
k63_904868	2263	3987	-1	4
k63_692279	2	1186	-1	1
k63_692279	1283	2101	-1	2
k63_692279	2105	2515	-1	3
k63_584238	1	336	-1	1
k63_584238	432	635	-1	2
k63_584238	731	1453	-1	3
k63_584238	1793	1927	-1	4
k63_584374	3	386	1	1
k63_584374	388	1353	1	2
k63_584374	1383	1745	1	3
k63_1012367	1	1206	1	1
k63_1012367	1232	2431	-1	2
k63_1012367	2442	3251	1	3
k63_1012367	3295	4164	1	4
k63_1012367	4171	4344	-1	5
k63_1441055	75	593	1	1
k63_1441055	612	800	-1	2
k63_1441055	797	1636	-1	3
k63_1441055	1641	1883	-1	4
k63_1441055	3006	4016	1	5
k63_263056	2	2014	-1	1
k63_263056	2159	3514	1	2
k63_263056	3525	3986	1	3
k63_263056	4020	4583	1	4
k63_1334181	2	292	-1	1
k63_1334181	295	1185	-1	2
k63_1334181	1200	2018	-1	3
k63_1334181	2090	2587	-1	4
k63_1334181	2596	2973	-1	5
k63_1334181	3148	3327	1	6
k63_1334181	3345	4451	-1	7
k63_585636	3	113	-1	1
k63_585636	158	808	-1	2
k63_585636	820	1281	-1	3
k63_585636	1290	1955	-1	4
k63_1441955	2	112	1	1
k63_1441955	189	830	1	2
k63_1441955	849	2039	1	3
k63_1441955	2078	2773	1	4
k63_1441955	2915	3049	-1	5
k63_46590	1	336	1	1
k63_46590	333	1577	1	2
k63_46590	1635	1883	1	3
k63_46590	1880	2197	1	4
k63_1014176	2	238	1	1
k63_1014176	649	1659	-1	2
k63_1014176	1652	2257	-1	3
k63_373038	3	635	-1	1
k63_373038	661	1086	-1	2
k63_373038	1187	2050	-1	3
k63_157685	1	384	1	1
k63_157685	374	1369	1	2
k63_157685	1389	2150	1	3
k63_157685	2200	3306	1	4
k63_157685	3428	3772	1	5
k63_157685	3821	5596	1	6
k63_157685	5604	6413	-1	7
k63_474224	1	1575	1	1
k63_474224	1602	2627	1	2
k63_474224	2763	3086	-1	3
k63_1015036	1	117	-1	1
k63_1015036	146	604	1	2
k63_1015036	710	1204	1	3
k63_1015036	1274	1840	1	4
k63_1015036	1863	2204	-1	5
k63_1015036	2305	3741	1	6
k63_1015036	3754	4632	-1	7
k63_1015036	4699	6096	1	8
k63_1015036	6146	6505	1	9
k63_1015036	6495	6746	1	10
k63_1015090	3	425	-1	1
k63_1015090	906	2399	1	2
k63_1015090	2692	3342	1	3
k63_1015090	3417	4205	-1	4
k63_48277	3	995	1	1
k63_48277	1129	1653	1	2
k63_48277	1680	2894	1	3
k63_48277	2947	4017	1	4
k63_48277	4092	5201	-1	5
k63_48277	5381	6196	1	6
k63_587521	2	349	1	1
k63_587521	351	1289	1	2
k63_587521	1333	2394	-1	3
k63_587521	2360	3418	-1	4
k63_1122916	3	341	1	1
k63_1122916	364	1986	1	2
k63_1122916	1992	3353	1	3
k63_909111	1	432	-1	1
k63_909111	512	1693	-1	2
k63_909111	1719	2258	-1	3
k63_909111	2258	3259	-1	4
k63_909111	3262	4344	-1	5
k63_909111	4341	4658	-1	6
k63_909111	4683	4847	-1	7
k63_1445347	91	363	1	1
k63_1445347	416	1591	1	2
k63_1445347	1572	2207	1	3
k63_1124787	3	680	1	1
k63_1124787	795	1250	-1	2
k63_1124787	1304	1582	-1	3
k63_1124787	1747	2655	1	4
k63_1124787	2717	3691	1	5
k63_1124787	3785	4357	1	6
k63_376245	1	396	-1	1
k63_376245	409	1497	-1	2
k63_376245	1844	4138	-1	3
k63_1124951	2	1099	1	1
k63_1124951	1139	1849	-1	2
k63_1124951	2007	2261	-1	3
k63_50114	3	806	-1	1
k63_50114	1007	1951	1	2
k63_50114	1891	2418	-1	3
k63_50114	2628	2993	1	4
k63_50114	3119	3319	1	5
k63_807438	2	1120	1	1
k63_807438	1364	1600	1	2
k63_807438	1605	1793	1	3
k63_807438	1797	1973	-1	4
k63_160730	3	119	-1	1
k63_160730	267	1079	1	2
k63_160730	1105	2307	1	3
k63_160730	2336	3589	-1	4
k63_160730	3573	4007	-1	5
k63_160730	4037	4693	1	6
k63_160730	4703	4846	1	7
k63_1551356	1	1392	1	1
k63_1551356	1371	2006	1	2
k63_378027	2	238	1	1
k63_378027	231	1682	1	2
k63_378027	1750	2628	1	3
k63_808390	2	352	1	1
k63_808390	479	1438	1	2
k63_808390	1441	1767	1	3
k63_1447807	3	590	1	1
k63_1447807	773	2305	-1	2
k63_1447807	2590	2856	1	3
k63_912365	3	212	1	1
k63_912365	216	1202	1	2
k63_912365	1301	1768	1	3
k63_912365	1794	2552	1	4
k63_1127655	3	140	-1	1
k63_1127655	436	1398	1	2
k63_1127655	1458	1802	1	3
k63_1127655	1799	2173	1	4
k63_479258	1	1107	-1	1
k63_479258	1123	2154	-1	2
k63_479258	2323	3198	-1	3
k63_479258	3406	3645	-1	4
k63_1341098	32	1000	-1	1
k63_1341098	997	1923	-1	2
k63_1341098	1943	2296	-1	3
k63_53707	3	188	-1	1
k63_53707	267	1220	-1	2
k63_53707	1274	1984	-1	3
k63_701406	3	368	-1	1
k63_701406	392	1558	-1	2
k63_701406	1548	2045	-1	3
k63_1233725	2	400	-1	1
k63_1233725	430	1707	-1	2
k63_1342204	1	273	1	1
k63_1342204	285	2129	-1	2
k63_271807	3	791	-1	1
k63_271807	817	1653	-1	2
k63_271807	1671	1943	-1	3
k63_271807	2383	3762	-1	4
k63_271807	3935	6115	1	5
k63_271807	6091	6333	-1	6
k63_271834	301	735	1	1
k63_271834	806	2305	1	2
k63_271834	2401	2694	-1	3
k63_1129934	2	1066	-1	1
k63_1129934	1089	1652	-1	2
k63_165736	2	472	1	1
k63_165736	469	1407	1	2
k63_165736	1640	2989	1	3
k63_165736	2996	3406	1	4
k63_165736	3467	3598	1	5
k63_165736	3595	3696	1	6
k63_165736	3733	4356	1	7
k63_165736	4609	4944	1	8
k63_165736	5143	5808	-1	9
k63_165736	6114	8024	1	10
k63_165736	8217	8924	-1	11
k63_57584	3	1892	1	1
k63_57584	1912	2706	-1	2
k63_57584	2813	3565	1	3
k63_57584	3562	4071	1	4
k63_1022307	2	241	-1	1
k63_1022307	324	1133	-1	2
k63_1022307	1160	2296	1	3
k63_1022307	2387	4063	1	4
k63_1022307	4073	4207	1	5
k63_166622	3	272	-1	1
k63_166622	429	1100	1	2
k63_166622	1107	1385	1	3
k63_166622	1403	1738	1	4
k63_166622	1874	2305	1	5
k63_166641	2	325	1	1
k63_166641	353	1093	1	2
k63_166641	1122	2447	1	3
k63_166641	2444	3127	-1	4
k63_166641	3320	5680	1	5
k63_166641	5692	6969	1	6
k63_166641	6988	7206	1	7
k63_166641	7282	8400	1	8
k63_58369	3	284	-1	1
k63_58369	412	1500	-1	2
k63_58369	1597	2490	-1	3
k63_382973	2	964	-1	1
k63_382973	1024	2004	-1	2
k63_382973	2245	3462	1	3
k63_382973	3447	4472	-1	4
k63_382973	4478	4747	-1	5
k63_704948	1	1632	1	1
k63_704948	1765	2766	1	2
k63_704948	2858	3055	1	3
k63_704948	3068	3163	1	4
k63_916675	1	819	1	1
k63_916675	1023	1988	1	2
k63_916675	1988	4648	1	3
k63_916675	4682	4909	-1	4
k63_916675	4980	5528	1	5
k63_1131779	2	1348	1	1
k63_917124	2	1057	1	1
k63_917124	1121	1948	-1	2
k63_917124	2019	2675	-1	3
k63_917124	2686	2799	-1	4
k63_383766	2	154	-1	1
k63_383766	297	1268	-1	2
k63_383766	1469	2047	-1	3
k63_168508	3	701	-1	1
k63_168508	710	1342	-1	2
k63_168508	1396	2037	-1	3
k63_168508	2037	2729	-1	4
k63_168508	2769	4151	-1	5
k63_168508	4179	4943	-1	6
k63_1024471	3	509	1	1
k63_1024471	543	1118	1	2
k63_1024471	1127	1837	1	3
k63_1024471	1868	2818	1	4
k63_1024471	2815	3588	1	5
k63_1024471	3634	3840	-1	6
k63_60348	1	489	1	1
k63_60348	504	860	1	2
k63_60348	853	1386	1	3
k63_60348	1860	2276	1	4
k63_60605	2	754	-1	1
k63_60605	925	1935	-1	2
k63_1559001	2	1525	-1	1
k63_1559001	1629	2765	-1	2
k63_1559001	3061	4413	-1	3
k63_1559001	4734	7244	1	4
k63_1559001	7298	8830	1	5
k63_1559001	8855	10003	-1	6
k63_1559001	10015	10806	-1	7
k63_1559001	10813	11460	-1	8
k63_1559001	11474	12190	-1	9
k63_1347373	171	539	1	1
k63_1347373	794	1267	1	2
k63_1347373	1458	2363	1	3
k63_1347373	2469	2657	-1	4
k63_1347373	2654	2899	-1	5
k63_485208	1	120	1	1
k63_485208	120	401	1	2
k63_485208	398	2074	1	3
k63_1559881	1	330	-1	1
k63_1559881	327	1202	-1	2
k63_1559881	1273	2793	-1	3
k63_1559881	3019	3969	1	4
k63_1559881	4078	4920	1	5
k63_816644	3	503	-1	1
k63_816644	639	971	-1	2
k63_816644	1057	2319	1	3
k63_816644	2360	2800	1	4
k63_816644	2917	4170	1	5
k63_816644	4212	4751	1	6
k63_1240378	3	107	1	1
k63_1240378	166	894	-1	2
k63_1240378	1091	2017	-1	3
k63_486570	2	316	-1	1
k63_486570	533	1618	1	2
k63_486570	1660	2442	1	3
k63_486570	2529	3095	1	4
k63_1349212	1	108	1	1
k63_1349212	105	593	-1	2
k63_1349212	637	768	-1	3
k63_1349212	790	2175	-1	4
k63_1349212	2156	2473	-1	5
k63_1027697	1	1290	-1	1
k63_1027697	1367	1909	-1	2
k63_601386	3	122	-1	1
k63_601386	126	1388	-1	2
k63_601386	1535	2323	-1	3
k63_601386	2376	3455	-1	4
k63_601386	3497	4750	-1	5
k63_601386	4757	5599	-1	6
k63_601386	5711	6643	-1	7
k63_487253	1	744	1	1
k63_487253	807	1625	-1	2
k63_278518	1	648	-1	1
k63_278518	645	2978	-1	2
k63_278518	3118	3522	1	3
k63_388037	3	2168	-1	1
k63_388037	2233	2607	-1	2
k63_388037	2668	2886	-1	3
k63_278721	1	507	1	1
k63_278721	553	936	1	2
k63_278721	958	1929	1	3
k63_278721	2086	2928	1	4
k63_278721	2939	3643	1	5
k63_1349854	3	302	-1	1
k63_1349854	466	777	-1	2
k63_1349854	817	1053	-1	3
k63_1349854	1120	1410	-1	4
k63_1349854	1403	2050	-1	5
k63_1349854	2047	2520	-1	6
k63_1349854	2526	3305	-1	7
k63_1349854	3302	4048	-1	8
k63_602310	1	387	1	1
k63_602310	503	1414	1	2
k63_602310	1436	1846	1	3
k63_922333	2	985	-1	1
k63_922333	1012	1704	-1	2
k63_1242248	1	342	1	1
k63_1242248	345	1769	1	2
k63_1242248	1781	2404	1	3
k63_1242248	2438	3352	-1	4
k63_1242248	3543	4430	1	5
k63_922466	2	1798	1	1
k63_922466	1799	2440	1	2
k63_922466	2437	3075	1	3
k63_922466	3164	3382	1	4
k63_1350218	433	966	-1	1
k63_1350218	926	1237	-1	2
k63_1350218	1779	2120	-1	3
k63_1350218	2446	2592	-1	4
k63_488266	2	1099	1	1
k63_488266	1099	1593	1	2
k63_488266	1640	1933	1	3
k63_1460288	241	711	1	1
k63_1460288	777	1412	1	2
k63_1460288	1439	1843	1	3
k63_1460288	1887	2357	1	4
k63_1460288	2483	2749	1	5
k63_489591	1	222	-1	1
k63_489591	226	1020	-1	2
k63_489591	1197	2063	1	3
k63_711555	1	159	1	1
k63_711555	195	362	-1	2
k63_711555	713	2347	1	3
k63_711555	2379	3635	1	4
k63_711555	3664	4740	-1	5
k63_1564457	122	937	1	1
k63_1564457	1034	2575	1	2
k63_925187	1	858	-1	1
k63_925187	892	1191	-1	2
k63_925187	1245	1529	-1	3
k63_925187	1529	1834	-1	4
k63_925187	1893	2348	1	5
k63_175745	3	899	-1	1
k63_175745	1039	1314	1	2
k63_175745	1315	2034	1	3
k63_606556	1	300	-1	1
k63_606556	451	1593	-1	2
k63_392716	96	1916	1	1
k63_392716	1919	3934	-1	2
k63_1246660	1	1500	-1	1
k63_1140724	2	937	1	1
k63_1140724	1000	1305	-1	2
k63_1140724	1305	1421	-1	3
k63_1140724	1491	2825	-1	4
k63_1140724	2880	3245	1	5
k63_1140724	3371	4519	1	6
k63_1140724	4546	5673	1	7
k63_1140724	5709	6092	-1	8
k63_1246943	2	1141	1	1
k63_1246943	1212	3038	1	2
k63_1246943	3050	3442	-1	3
k63_1247090	1	117	-1	1
k63_1247090	110	829	-1	2
k63_1247090	826	2925	-1	3
k63_1247345	1	177	-1	1
k63_1247345	317	1456	1	2
k63_1247345	1511	2365	-1	3
k63_1247345	2578	3504	1	4
k63_1247345	3501	3842	1	5
k63_1247345	3864	4058	-1	6
k63_1247345	4341	4517	1	7
k63_1141549	2	559	1	1
k63_1141549	594	2663	1	2
k63_1141549	2689	2910	-1	3
k63_927907	3	1136	1	1
k63_927907	1140	1694	1	2
k63_927907	1866	2774	-1	3
k63_927907	2811	3209	-1	4
k63_927907	3543	4916	-1	5
k63_927907	4967	5323	-1	6
k63_69938	2	712	-1	1
k63_69938	786	1304	1	2
k63_69938	1301	1648	1	3
k63_1466339	3	119	1	1
k63_1466339	158	634	1	2
k63_1466339	624	3161	1	3
k63_1143251	2	394	1	1
k63_1143251	401	1108	1	2
k63_1143251	1251	2156	1	3
k63_1143251	2375	3019	1	4
k63_1355833	3	776	1	1
k63_1355833	801	1616	-1	2
k63_1355833	1600	1926	-1	3
k63_1466902	3	299	-1	1
k63_1466902	359	1255	-1	2
k63_1466902	1306	2790	-1	3
k63_1466902	2816	3061	-1	4
k63_397400	2	397	-1	1
k63_397400	625	1818	-1	2
k63_397400	2037	3284	1	3
k63_397400	3505	3966	-1	4
k63_286690	2	73	-1	1
k63_286690	110	1570	-1	2
k63_1037728	3	314	1	1
k63_1037728	414	1931	1	2
k63_1037728	1900	2196	-1	3
k63_398314	1091	3004	1	1
k63_398314	3069	3674	-1	2
k63_398314	3765	4250	1	3
k63_1468939	3	239	-1	1
k63_1468939	239	2035	-1	2
k63_1468939	2032	2370	-1	3
k63_1468939	2367	2696	-1	4
k63_612639	83	1186	1	1
k63_612639	1183	1722	1	2
k63_612639	1719	2285	1	3
k63_612639	2272	3159	-1	4
k63_612639	3329	4177	1	5
k63_612639	4177	5010	1	6
k63_612639	5043	5948	1	7
k63_612639	5975	6730	1	8
k63_612639	6701	6850	-1	9
k63_288681	1	540	1	1
k63_288681	518	2086	-1	2
k63_288681	2112	2957	-1	3
k63_1571878	2	115	-1	1
k63_1571878	212	1108	-1	2
k63_1571878	1150	2637	-1	3
k63_1039699	3	599	-1	1
k63_1039699	869	1078	1	2
k63_1039699	1182	1631	-1	3
k63_828750	1	144	-1	1
k63_828750	316	1779	1	2
k63_828750	1763	2146	-1	3
k63_828750	2143	3126	-1	4
k63_828750	3279	4274	1	5
k63_828750	4282	4938	1	6
k63_401309	3	1259	-1	1
k63_401309	1375	1761	-1	2
k63_401309	1931	2389	1	3
k63_401309	2386	3327	1	4
k63_401309	3331	3678	1	5
k63_401309	3712	4542	1	6
k63_77338	9	1019	-1	1
k63_77338	976	1734	-1	2
k63_720639	1	342	-1	1
k63_720639	329	2194	-1	2
k63_720639	2282	2563	1	3
k63_720639	2463	2675	-1	4
k63_829846	1	498	-1	1
k63_829846	608	2365	-1	2
k63_829846	2484	2639	-1	3
k63_500401	1	189	1	1
k63_500401	241	1260	-1	2
k63_500401	1325	2140	1	3
k63_500401	2159	2269	-1	4
k63_829995	173	616	1	1
k63_829995	645	2303	-1	2
k63_829995	2339	2902	-1	3
k63_402533	2	958	1	1
k63_402533	1005	1916	1	2
k63_402533	1959	2201	-1	3
k63_402712	2	793	1	1
k63_402712	846	1550	-1	2
k63_79328	83	1486	1	1
k63_79328	1602	1868	1	2
k63_1150371	1	231	1	1
k63_1150371	241	1278	1	2
k63_1150371	1289	2062	1	3
k63_1150371	2115	2387	-1	4
k63_1150937	2	1354	-1	1
k63_722704	3	1217	-1	1
k63_722704	1284	2435	1	2
k63_722704	2425	4026	-1	3
k63_1474224	3	179	-1	1
k63_1474224	176	688	-1	2
k63_1474224	790	2385	1	3
k63_1474224	2666	3634	1	4
k63_1474224	3744	4406	1	5
k63_617533	98	1555	-1	1
k63_617533	1793	2065	1	2
k63_617688	3	665	1	1
k63_617688	702	1193	1	2
k63_617688	1234	3654	1	3
k63_617688	3623	4987	-1	4
k63_617688	5003	5821	-1	5
k63_617688	5815	6042	-1	6
k63_617688	6149	6799	1	7
k63_617688	6774	8153	1	8
k63_617688	8180	9196	-1	9
k63_81489	1	246	1	1
k63_81489	293	487	1	2
k63_81489	496	1749	1	3
k63_81489	1763	2158	-1	4
k63_833033	2	640	1	1
k63_833033	691	1245	1	2
k63_833033	1228	1908	-1	3
k63_82504	3	404	-1	1
k63_82504	521	1987	1	2
k63_939209	2	184	1	1
k63_939209	321	803	1	2
k63_939209	879	1757	-1	3
k63_939209	1844	2434	-1	4
k63_1475993	2	979	1	1
k63_1475993	1077	2012	-1	2
k63_1475993	2013	2177	-1	3
k63_1475993	2214	2513	-1	4
k63_1475993	2601	2876	1	5
k63_1475993	3003	3251	1	6
k63_1475993	3454	3666	-1	7
k63_1475993	3875	4732	-1	8
k63_294763	3	365	-1	1
k63_294763	435	722	-1	2
k63_294763	722	1912	-1	3
k63_294763	1925	2869	-1	4
k63_404941	91	486	-1	1
k63_404941	829	2613	-1	2
k63_82763	168	731	1	1
k63_82763	790	1581	-1	2
k63_82763	1596	2063	-1	3
k63_1258851	2	3646	-1	1
k63_1258851	3805	4188	-1	2
k63_1258851	4252	4443	-1	3
k63_1476387	2	466	-1	1
k63_1476387	543	1271	-1	2
k63_1476387	1301	2344	-1	3
k63_1476387	2349	3245	-1	4
k63_1045028	2	265	-1	1
k63_1045028	364	1035	1	2
k63_1045028	1039	1374	1	3
k63_1045028	1405	2523	1	4
k63_405240	2	772	-1	1
k63_405240	859	1050	-1	2
k63_405240	1054	2154	-1	3
k63_405240	2288	2422	1	4
k63_405240	2435	2824	1	5
k63_405240	2797	3033	1	6
k63_405240	3077	4783	1	7
k63_405240	4776	6164	1	8
k63_725972	3	182	-1	1
k63_725972	151	504	-1	2
k63_725972	831	1652	-1	3
k63_725972	1747	2910	-1	4
k63_725972	2949	3029	1	5
k63_191505	2	517	-1	1
k63_191505	819	1715	1	2
k63_191505	1715	1933	1	3
k63_726869	237	1670	-1	1
k63_726869	1687	3141	-1	2
k63_726869	3156	3443	-1	3
k63_726869	3614	4657	1	4
k63_726869	4828	5628	1	5
k63_726869	5621	6115	1	6
k63_726869	6115	7164	1	7
k63_84076	3	329	1	1
k63_84076	509	1378	-1	2
k63_84076	1427	2098	-1	3
k63_84076	2095	2976	-1	4
k63_84076	3016	5928	-1	5
k63_84122	3	1556	-1	1
k63_84122	1628	2668	-1	2
k63_84122	2738	4090	-1	3
k63_84122	4109	4555	-1	4
k63_84122	4585	4809	-1	5
k63_1579423	1	531	1	1
k63_1579423	624	1739	-1	2
k63_1579423	1776	2282	-1	3
k63_1579423	2322	2771	-1	4
k63_1579423	2771	3439	-1	5
k63_1579423	3494	3733	-1	6
k63_505739	1	2343	1	1
k63_836853	3	584	-1	1
k63_836853	584	1798	-1	2
k63_86827	1	375	-1	1
k63_86827	405	1598	-1	2
k63_86827	1651	2349	-1	3
k63_86827	2339	3541	-1	4
k63_86827	3538	4047	-1	5
k63_838159	3	356	-1	1
k63_838159	353	913	-1	2
k63_838159	1012	3054	-1	3
k63_196423	3	557	-1	1
k63_196423	865	1554	1	2
k63_196423	1579	3027	1	3
k63_196423	3030	3806	1	4
k63_196423	3840	5066	1	5
k63_196423	5072	5209	1	6
k63_196423	5212	6492	1	7
k63_1369396	2	391	-1	1
k63_1369396	419	1312	-1	2
k63_1369396	1582	2649	1	3
k63_839241	1	2190	1	1
k63_839241	2270	2698	-1	2
k63_839241	2848	4005	-1	3
k63_839241	4260	4802	-1	4
k63_839241	4792	5097	-1	5
k63_839241	5344	5484	1	6
k63_839241	5413	6759	-1	7
k63_731081	48	1163	-1	1
k63_731081	1228	1710	1	2
k63_946530	180	1433	1	1
k63_946530	1445	1714	1	2
k63_946530	1704	3251	1	3
k63_1583171	3	1355	-1	1
k63_1583171	1479	1823	1	2
k63_1583171	1820	2596	1	3
k63_1583171	2764	3231	1	4
k63_1583171	3231	3461	1	5
k63_1583171	3470	3931	1	6
k63_1583171	4003	5355	1	7
k63_1583171	5361	6515	1	8
k63_1583171	6508	7875	1	9
k63_1583171	7945	8136	1	10
k63_841092	1	309	1	1
k63_841092	293	1579	1	2
k63_1371531	128	1444	-1	1
k63_1371531	1441	2733	-1	2
k63_1265742	2	2008	1	1
k63_1265742	2005	2685	-1	2
k63_1265742	2839	2994	1	3
k63_303113	58	720	-1	1
k63_303113	751	1107	-1	2
k63_303113	1143	3686	-1	3
k63_303113	3683	3883	-1	4
k63_303113	3997	4368	-1	5
k63_303113	4818	5570	-1	6
k63_303113	5967	6194	-1	7
k63_1053371	27	932	1	1
k63_1053371	919	1770	1	2
k63_1053371	1780	3096	1	3
k63_1053371	3124	3405	1	4
k63_628470	2	760	1	1
k63_628470	892	1167	1	2
k63_628470	1569	1847	1	3
k63_628470	1863	2177	1	4
k63_1486001	2	340	1	1
k63_1486001	359	1432	1	2
k63_1486001	1479	1736	1	3
k63_1586442	2	1303	1	1
k63_1586442	1329	1460	1	2
k63_1586442	1447	1830	1	3
k63_1586766	51	890	-1	1
k63_1586766	1113	2888	1	2
k63_1586766	3040	3552	1	3
k63_1586766	3555	4400	1	4
k63_1586766	4406	4663	-1	5
k63_201436	3	284	-1	1
k63_201436	284	1339	-1	2
k63_201436	1439	2395	-1	3
k63_844539	2	244	1	1
k63_844539	416	2122	1	2
k63_844539	3001	3597	1	3
k63_844539	3623	4831	1	4
k63_844539	4885	5100	1	5
k63_512202	2	718	-1	1
k63_512202	742	2181	-1	2
k63_512202	2225	2653	-1	3
k63_951762	7	906	-1	1
k63_951762	973	1782	-1	2
k63_951762	1772	1984	-1	3
k63_512396	2	916	1	1
k63_512396	937	1284	1	2
k63_512396	1330	2034	1	3
k63_512396	2060	2482	1	4
k63_512396	2466	3065	1	5
k63_512396	3062	4489	1	6
k63_1267855	2	421	-1	1
k63_1267855	571	2334	-1	2
k63_1267855	2359	3510	-1	3
k63_1267855	3642	4088	-1	4
k63_1375148	3	101	-1	1
k63_1375148	159	1388	1	2
k63_1375148	1397	3019	-1	3
k63_1375148	3106	3576	1	4
k63_1375148	3614	4906	1	5
k63_1375148	4925	5317	-1	6
k63_1375148	5365	5829	-1	7
k63_512591	2	85	1	1
k63_512591	82	1332	1	2
k63_512814	3	740	-1	1
k63_512814	745	1827	-1	2
k63_512814	1821	2324	-1	3
k63_1588251	2	535	1	1
k63_1588251	540	1022	-1	2
k63_1588251	1292	2101	1	3
k63_1588251	2150	2806	1	4
k63_1588251	2803	4038	1	5
k63_203267	3	248	-1	1
k63_203267	545	1675	1	2
k63_203267	1765	2622	-1	3
k63_203267	2619	4136	-1	4
k63_953407	2	3019	-1	1
k63_953407	3175	3549	-1	2
k63_1376437	27	1118	-1	1
k63_1376437	1193	2287	-1	2
k63_1376437	2409	2906	-1	3
k63_1166381	3	560	1	1
k63_1166381	717	1793	1	2
k63_1166381	1806	2006	1	3
k63_97123	1	774	-1	1
k63_97123	951	2183	1	2
k63_97123	2180	3346	-1	3
k63_1270470	3	1103	-1	1
k63_1270470	1137	2138	-1	2
k63_1168029	1	816	1	1
k63_1168029	803	1519	1	2
k63_1591002	1	1230	-1	1
k63_1591002	1540	2418	-1	2
k63_849152	3	197	-1	1
k63_849152	269	1357	-1	2
k63_849152	1578	2297	1	3
k63_849152	2435	3274	1	4
k63_849152	3274	3846	1	5
k63_849152	3862	4764	-1	6
k63_1272693	2	1513	-1	1
k63_1592037	3	596	-1	1
k63_1592037	723	1052	1	2
k63_1592037	1190	2218	-1	3
k63_1592037	2245	3606	-1	4
k63_1592037	3686	3796	-1	5
k63_850064	3	341	1	1
k63_850064	429	1325	1	2
k63_850064	1342	2589	1	3
k63_850064	2639	3607	1	4
k63_850064	3613	4230	1	5
k63_850064	4300	5055	-1	6
k63_850064	5264	6052	1	7
k63_850095	3	119	1	1
k63_850095	139	1638	1	2
k63_850604	2	160	-1	1
k63_850604	399	1328	1	2
k63_850604	1342	2313	-1	3
k63_636810	2	685	1	1
k63_636810	800	2479	1	2
k63_1382415	2	535	1	1
k63_1382415	653	2041	-1	2
k63_1382415	2357	3223	1	3
k63_1171306	341	751	-1	1
k63_1171306	1396	1776	-1	2
k63_311270	2	586	-1	1
k63_311270	606	875	-1	2
k63_311270	872	2800	-1	3
k63_637431	3	230	-1	1
k63_637431	199	348	-1	2
k63_637431	478	2082	1	3
k63_637431	2076	3041	1	4
k63_742745	1	336	-1	1
k63_742745	350	1057	-1	2
k63_742745	1068	1799	-1	3
k63_742745	1824	2549	-1	4
k63_312292	2	295	1	1
k63_312292	301	750	1	2
k63_312292	810	1490	1	3
k63_312292	1533	1712	1	4
k63_1172656	2	1510	-1	1
k63_1172656	1656	3092	-1	2
k63_424335	1	690	1	1
k63_424335	751	1686	1	2
k63_424335	1674	2513	1	3
k63_424335	2546	3886	1	4
k63_424335	3919	4302	1	5
k63_424335	4458	4910	1	6
k63_424335	4919	5647	1	7
k63_424335	5692	6135	-1	8
k63_424335	6168	7901	-1	9
k63_424335	7936	8157	-1	10
k63_424335	8189	9214	-1	11
k63_424335	9420	10079	-1	12
k63_209928	40	636	-1	1
k63_209928	626	1486	-1	2
k63_209928	1601	2071	1	3
k63_210278	1	507	-1	1
k63_210278	533	1597	-1	2
k63_210278	1731	2594	1	3
k63_210278	2622	4295	1	4
k63_210278	4292	4567	1	5
k63_103880	1	579	-1	1
k63_103880	679	1488	1	2
k63_103880	1493	2200	1	3
k63_103880	2185	3465	-1	4
k63_103880	3515	3931	1	5
k63_103880	4072	5010	1	6
k63_425579	3	1199	-1	1
k63_425579	1233	1823	-1	2
k63_425579	1930	2088	-1	3
k63_1385688	3	1775	-1	1
k63_1385688	1923	2108	1	2
k63_1385688	2240	3172	1	3
k63_1595492	140	511	1	1
k63_1595492	450	926	1	2
k63_1595492	940	1857	1	3
k63_1175119	2	655	-1	1
k63_1175119	782	1354	-1	2
k63_1175119	1351	1521	-1	3
k63_1175119	1750	1944	-1	4
k63_1496721	1	1446	-1	1
k63_1496721	1496	2080	-1	2
k63_1496721	2107	3027	-1	3
k63_1496721	3043	3498	-1	4
k63_210966	1	216	1	1
k63_210966	308	922	-1	2
k63_210966	1107	2075	-1	3
k63_522433	1	948	1	1
k63_522433	954	2132	1	2
k63_522433	2133	3740	-1	3
k63_855144	1	1530	-1	1
k63_855144	1752	2060	1	2
k63_640993	48	2177	-1	1
k63_855272	57	644	1	1
k63_855272	731	1168	1	2
k63_855272	1195	2709	1	3
k63_855272	2725	3027	1	4
k63_855272	3031	3198	1	5
k63_855272	3173	3871	1	6
k63_855272	3914	4615	1	7
k63_855272	4620	4841	1	8
k63_963440	1	801	-1	1
k63_963440	873	1793	-1	2
k63_963440	1836	2798	-1	3
k63_1278229	173	601	1	1
k63_1278229	712	909	1	2
k63_1278229	929	1297	1	3
k63_1278229	1440	2432	1	4
k63_1278229	2447	2905	1	5
k63_427760	1	2679	-1	1
k63_1597125	65	853	-1	1
k63_1597125	1231	1833	-1	2
k63_212499	49	1185	1	1
k63_212499	1212	2051	1	2
k63_1279419	1	156	-1	1
k63_1279419	171	881	-1	2
k63_1279419	859	1812	-1	3
k63_1279419	1829	2425	-1	4
k63_1065940	148	1272	1	1
k63_1065940	1349	1729	1	2
k63_1065940	1748	2380	-1	3
k63_1065947	40	747	1	1
k63_1065947	761	2131	1	2
k63_1065947	2263	3447	1	3
k63_1065947	3658	4566	1	4
k63_316482	1	804	-1	1
k63_316482	873	2342	-1	2
k63_316482	2350	3003	1	3
k63_316482	3007	3264	1	4
k63_524900	2	109	1	1
k63_524900	102	1541	1	2
k63_524900	1560	2021	1	3
k63_213338	1	207	-1	1
k63_213338	448	1572	1	2
k63_213338	1649	2350	1	3
k63_1280571	2	736	1	1
k63_1280571	740	1123	1	2
k63_1280571	1197	1838	1	3
k63_1280571	1928	2449	1	4
k63_749406	2	562	-1	1
k63_749406	578	850	-1	2
k63_749406	847	1731	-1	3
k63_749406	1824	2348	-1	4
k63_749406	2345	2476	-1	5
k63_1390666	2	865	1	1
k63_1390666	862	1674	1	2
k63_1390666	1711	2568	1	3
k63_1390666	2570	2923	1	4
k63_1602322	2	1006	-1	1
k63_1602322	1008	2372	-1	2
k63_1603388	1	531	-1	1
k63_1603388	536	1234	-1	2
k63_1603388	1298	2308	-1	3
k63_1603388	2680	3774	1	4
k63_1603388	3791	5128	-1	5
k63_1603388	5157	5444	-1	6
k63_1603436	1	831	-1	1
k63_1603436	831	1511	-1	2
k63_1603436	1548	2303	-1	3
k63_1603436	2357	4183	-1	4
k63_1603436	4359	5060	1	5
k63_1603436	5057	5782	1	6
k63_1603436	5760	6065	1	7
k63_531418	2	763	1	1
k63_531418	818	1282	1	2
k63_531418	1201	1647	-1	3
k63_531418	1826	2791	1	4
k63_532086	3	68	1	1
k63_532086	276	671	1	2
k63_532086	760	1899	1	3
k63_532086	2001	2237	1	4
k63_532086	2144	4729	-1	5
k63_532086	4857	6089	-1	6
k63_1605372	2	1231	1	1
k63_1605372	1295	2830	-1	2
k63_1605372	2868	3209	1	3
k63_1605372	3381	4283	1	4
k63_534131	2	1702	1	1
