Contig	Start	End	Strand	Pos
k141_10	2	211	-1	1
k141_10	231	1265	-1	2
k141_10	1314	1697	-1	3
k141_25	1	546	1	1
k141_25	784	1302	1	2
k141_25	1299	1856	1	3
k141_25	1853	2545	1	4
k141_25	2751	4079	1	5
k141_34	2	235	-1	1
k141_34	260	772	-1	2
k141_34	885	1688	1	3
k141_34	1795	2169	-1	4
k141_43	280	651	1	1
k141_43	780	1250	1	2
k141_43	1345	2364	1	3
k141_57	2	76	-1	1
k141_57	189	893	1	2
k141_57	900	1355	-1	3
k141_57	1486	1779	1	4
k141_57	1892	2734	-1	5
k141_61	2	1492	-1	1
k141_61	1554	1865	-1	2
k141_61	1928	2296	-1	3
k141_61	2337	2435	1	4
k141_73	3	269	-1	1
k141_73	531	2171	1	2
k141_126	2	586	-1	1
k141_126	568	1035	-1	2
k141_126	1070	1894	-1	3
k141_126	1891	2307	-1	4
k141_133	1	405	1	1
k141_133	402	1814	1	2
k141_133	1873	2556	1	3
k141_133	2598	3236	1	4
k141_133	3182	3331	-1	5
k141_139	2	1447	1	1
k141_139	1447	2490	1	2
k141_151	3	317	1	1
k141_151	358	1215	-1	2
k141_151	1274	2158	-1	3
k141_151	2298	2690	1	4
k141_151	2758	3279	1	5
k141_151	3318	3746	-1	6
k141_151	3820	4029	-1	7
k141_151	4127	4465	-1	8
k141_151	4629	5933	-1	9
k141_151	5990	6508	-1	10
k141_151	6661	6858	1	11
k141_151	6858	7520	1	12
k141_151	7599	8543	-1	13
k141_154	2	970	1	1
k141_154	967	2034	1	2
k141_154	2031	2807	1	3
k141_154	2807	3610	1	4
k141_154	3667	4869	1	5
k141_154	5026	6372	1	6
k141_156	2	433	-1	1
k141_156	528	1706	1	2
k141_156	1782	2573	1	3
k141_156	2577	3827	-1	4
k141_156	3888	4073	-1	5
k141_172	2	1216	-1	1
k141_172	1935	3563	-1	2
k141_175	64	486	-1	1
k141_175	781	1431	1	2
k141_175	1463	1903	1	3
k141_175	1937	2188	1	4
k141_175	2185	2937	1	5
k141_175	3029	3460	1	6
k141_175	3492	3848	1	7
k141_175	3841	4062	1	8
k141_204	66	1994	1	1
k141_204	2030	2302	1	2
k141_217	24	1628	1	1
k141_217	1633	1851	1	2
k141_217	2518	3906	-1	3
k141_225	2	1144	1	1
k141_225	1155	2372	1	2
k141_225	2389	2940	-1	3
k141_232	227	1240	-1	1
k141_232	1237	1971	-1	2
k141_233	25	309	1	1
k141_233	225	830	-1	2
k141_233	892	1617	-1	3
k141_233	1842	1985	1	4
k141_241	1	912	-1	1
k141_241	1059	2189	1	2
k141_243	2	1975	1	1
k141_243	2057	2794	1	2
k141_249	90	1382	-1	1
k141_249	1379	2107	-1	2
k141_255	2	676	-1	1
k141_255	771	1706	-1	2
k141_255	1835	2260	1	3
k141_255	2621	2914	-1	4
k141_303	3	1523	1	1
k141_303	1534	1983	1	2
k141_303	2024	2392	-1	3
k141_304	2	94	1	1
k141_304	91	906	1	2
k141_304	903	1526	1	3
k141_304	1546	2244	1	4
k141_304	2292	2864	1	5
k141_304	3017	3481	1	6
k141_304	3500	3838	1	7
k141_304	4031	4696	1	8
k141_304	4783	5424	1	9
k141_304	5421	6530	1	10
k141_304	6527	6994	1	11
k141_304	7065	7523	-1	12
k141_304	7725	7982	1	13
k141_307	2	889	-1	1
k141_307	886	1236	-1	2
k141_307	1246	1668	-1	3
k141_317	2	778	-1	1
k141_317	850	1329	1	2
k141_317	1322	1537	1	3
k141_317	1566	2006	-1	4
k141_332	1	309	1	1
k141_332	321	782	1	2
k141_332	857	1333	1	3
k141_332	1444	3024	1	4
k141_339	3	1328	-1	1
k141_339	1339	1668	-1	2
k141_364	3	368	1	1
k141_364	378	1703	-1	2
k141_364	1700	3364	-1	3
k141_364	3435	3977	-1	4
k141_367	2	208	-1	1
k141_367	272	559	-1	2
k141_367	736	2133	-1	3
k141_367	2326	2751	1	4
k141_367	2748	3317	-1	5
k141_367	3465	3701	1	6
k141_367	3840	5042	1	7
k141_368	2	769	1	1
k141_368	1005	1400	-1	2
k141_368	1425	2105	1	3
k141_389	3	1262	1	1
k141_389	1279	2337	-1	2
k141_389	2514	3302	1	3
k141_389	3328	4614	1	4
k141_389	4669	5487	-1	5
k141_390	2	676	1	1
k141_390	676	1527	1	2
k141_390	1655	2110	1	3
k141_404	1	891	1	1
k141_404	896	2068	1	2
k141_405	3	590	1	1
k141_405	587	1771	1	2
k141_405	1867	2361	1	3
k141_408	1	420	-1	1
k141_408	442	1338	-1	2
k141_408	1485	2249	1	3
k141_408	2271	2414	-1	4
k141_414	2	97	1	1
k141_414	253	1470	1	2
k141_421	2	724	1	1
k141_421	808	1632	1	2
k141_421	2029	2211	1	3
k141_421	2227	2454	1	4
k141_424	2	385	1	1
k141_424	466	867	-1	2
k141_424	903	1541	1	3
k141_424	1538	1693	-1	4
k141_424	1822	2136	1	5
k141_438	1	588	-1	1
k141_438	590	2587	-1	2
k141_438	2577	3887	-1	3
k141_438	4121	4738	1	4
k141_446	3	311	-1	1
k141_446	308	934	-1	2
k141_446	1082	1498	-1	3
k141_446	1575	1925	1	4
k141_446	1918	2142	1	5
k141_446	2224	2958	-1	6
k141_446	3448	3870	1	7
k141_446	3974	4546	1	8
k141_456	3	1013	-1	1
k141_456	1010	1744	-1	2
k141_456	1882	2508	-1	3
k141_468	1	507	-1	1
k141_468	599	1612	-1	2
k141_469	1	63	-1	1
k141_469	185	1597	1	2
k141_469	1670	1858	1	3
k141_485	1	786	-1	1
k141_485	884	1849	1	2
k141_522	2	571	-1	1
k141_522	678	2015	1	2
k141_522	2064	2297	1	3
k141_522	2308	3462	1	4
k141_522	3536	4093	1	5
k141_522	4110	5006	1	6
k141_526	2	160	-1	1
k141_526	1001	1993	1	2
k141_532	3	809	1	1
k141_532	1054	1260	-1	2
k141_532	1576	2310	1	3
k141_533	1	621	1	1
k141_533	704	1900	1	2
k141_533	1857	2546	1	3
k141_533	2758	3639	1	4
k141_533	3755	5128	1	5
k141_533	5252	5842	-1	6
k141_533	5876	6478	1	7
k141_562	2	67	-1	1
k141_562	258	728	-1	2
k141_562	810	1154	-1	3
k141_562	1164	2132	-1	4
k141_566	2	568	-1	1
k141_566	628	1287	1	2
k141_566	1284	2252	-1	3
k141_566	2305	2766	-1	4
k141_566	2809	4047	-1	5
k141_566	4142	4534	-1	6
k141_566	4662	5180	-1	7
k141_566	5329	5736	1	8
k141_566	5865	7991	1	9
k141_566	8001	8729	-1	10
k141_566	8710	9153	-1	11
k141_566	9141	9785	-1	12
k141_566	9869	10489	1	13
k141_566	10545	11819	1	14
k141_566	11819	12244	1	15
k141_573	1	378	1	1
k141_573	390	1037	1	2
k141_573	1034	1948	1	3
k141_573	2009	2071	1	4
k141_582	1	1233	1	1
k141_582	1327	1521	1	2
k141_583	1	1140	-1	1
k141_583	1228	2076	1	2
k141_583	2207	2443	-1	3
k141_583	2624	3421	-1	4
k141_583	3528	4148	1	5
k141_583	4145	4270	-1	6
k141_605	2	457	1	1
k141_605	669	1046	-1	2
k141_605	1186	1692	1	3
k141_606	3	1022	1	1
k141_606	1461	4070	1	2
k141_606	4157	4300	1	3
k141_606	4398	5726	1	4
k141_606	5803	7437	1	5
k141_606	7567	9111	1	6
k141_606	9178	9972	1	7
k141_606	10016	11254	1	8
k141_606	11292	11903	1	9
k141_614	1	120	-1	1
k141_614	205	501	-1	2
k141_614	629	1042	-1	3
k141_614	1039	1704	-1	4
k141_614	1777	1917	1	5
k141_657	2	526	1	1
k141_657	611	1540	1	2
k141_657	1552	2727	1	3
k141_657	2907	4565	-1	4
k141_688	3	332	-1	1
k141_688	555	1115	-1	2
k141_688	1497	3371	1	3
k141_688	3361	3996	1	4
k141_688	4056	4295	1	5
k141_688	4315	5592	-1	6
k141_688	5634	5885	-1	7
k141_688	6122	6808	1	8
k141_688	6817	7764	1	9
k141_688	7893	8213	1	10
k141_689	44	856	-1	1
k141_689	1027	2313	-1	2
k141_701	1	1107	1	1
k141_701	1288	2334	1	2
k141_701	2428	3210	1	3
k141_701	3329	4204	1	4
k141_701	4182	4805	-1	5
k141_701	4821	5045	-1	6
k141_701	5055	5906	-1	7
k141_701	6077	6643	1	8
k141_701	6833	8068	-1	9
k141_701	8187	9362	-1	10
k141_702	2	1915	-1	1
k141_702	1915	2568	-1	2
k141_702	2637	3341	1	3
k141_702	3348	4247	-1	4
k141_702	4289	5215	1	5
k141_703	2	1489	1	1
k141_703	1543	2040	1	2
k141_703	2041	2523	-1	3
k141_703	2613	2762	1	4
k141_704	3	116	1	1
k141_704	247	1425	1	2
k141_704	1429	2052	-1	3
k141_711	3	599	1	1
k141_711	777	1943	-1	2
k141_712	3	167	-1	1
k141_712	372	2420	1	2
k141_712	2427	3224	-1	3
k141_715	1	195	1	1
k141_715	721	1752	1	2
k141_716	2	178	1	1
k141_716	268	1947	1	2
k141_716	1920	3119	-1	3
k141_716	3116	3448	-1	4
k141_718	1	651	1	1
k141_718	675	2315	1	2
k141_718	2312	3871	1	3
k141_718	3914	4612	1	4
k141_718	4706	5008	1	5
k141_719	1	288	-1	1
k141_719	276	1025	-1	2
k141_719	1027	1575	-1	3
k141_719	1538	2506	-1	4
k141_754	3	320	-1	1
k141_754	623	1072	1	2
k141_754	1075	1374	1	3
k141_754	1407	2012	-1	4
k141_754	2108	2233	1	5
k141_758	3	1967	-1	1
k141_763	2	832	1	1
k141_763	843	3029	1	2
k141_763	3019	4626	-1	3
k141_763	4749	5390	-1	4
k141_763	5455	5598	-1	5
k141_796	1	708	-1	1
k141_796	809	1354	1	2
k141_796	1354	3003	1	3
k141_796	2984	3685	1	4
k141_807	1	1557	1	1
k141_807	1678	2037	1	2
k141_814	3	578	1	1
k141_814	578	1801	1	2
k141_817	202	945	-1	1
k141_817	1063	1455	1	2
k141_817	1582	1911	-1	3
k141_817	2070	2951	1	4
k141_817	3039	3371	-1	5
k141_817	3499	3708	-1	6
k141_818	3	527	1	1
k141_818	531	1616	1	2
k141_818	1613	2440	1	3
k141_818	2530	2751	1	4
k141_822	2	502	1	1
k141_822	641	3598	1	2
k141_822	3592	4368	1	3
k141_830	2	184	1	1
k141_830	280	966	-1	2
k141_830	1177	2193	-1	3
k141_837	1	1275	1	1
k141_837	1358	1675	1	2
k141_869	3	200	1	1
k141_869	506	1396	1	2
k141_869	1489	1731	1	3
k141_873	2	1771	-1	1
k141_873	1761	2783	-1	2
k141_889	2	1492	-1	1
k141_889	1587	2642	-1	2
k141_889	2663	3475	-1	3
k141_889	3561	4067	-1	4
k141_889	4067	4990	-1	5
k141_889	4994	5110	-1	6
k141_891	2	1081	-1	1
k141_891	1249	1506	-1	2
k141_891	1632	2303	1	3
k141_891	2311	2817	-1	4
k141_891	3049	3168	1	5
k141_891	3241	3570	-1	6
k141_891	3625	4317	-1	7
k141_891	4356	4496	-1	8
k141_891	4605	4841	-1	9
k141_898	3	1253	-1	1
k141_898	1256	1807	-1	2
k141_898	2030	2521	1	3
k141_898	2518	2991	-1	4
k141_898	3370	3621	1	5
k141_936	3	275	-1	1
k141_936	366	1343	1	2
k141_936	1344	1523	1	3
k141_976	3	74	1	1
k141_976	150	470	-1	2
k141_976	818	1069	1	3
k141_976	1472	2443	1	4
k141_976	2527	2958	1	5
k141_976	3021	4304	1	6
k141_976	4301	5548	1	7
k141_976	5538	5726	1	8
k141_1006	1	1485	1	1
k141_1006	1521	2309	1	2
k141_1027	3	185	-1	1
k141_1027	178	780	-1	2
k141_1027	853	1347	1	3
k141_1027	1366	1641	-1	4
k141_1030	2	1570	1	1
k141_1075	2	106	-1	1
k141_1075	235	1062	-1	2
k141_1075	1275	2204	1	3
k141_1078	2	187	1	1
k141_1078	184	342	1	2
k141_1078	339	575	1	3
k141_1078	641	1945	1	4
k141_1078	1994	2182	-1	5
k141_1078	2241	3746	-1	6
k141_1078	3864	4523	-1	7
k141_1084	2	844	-1	1
k141_1084	915	1490	1	2
k141_1084	1544	1957	1	3
k141_1084	1978	2949	-1	4
k141_1084	2971	3552	1	5
k141_1090	48	1373	1	1
k141_1090	1370	2161	-1	2
k141_1090	2158	2568	-1	3
k141_1090	2577	3782	-1	4
k141_1090	3779	4834	-1	5
k141_1090	4883	5620	-1	6
k141_1090	5608	5793	-1	7
k141_1109	2	1888	1	1
k141_1109	1947	2144	1	2
k141_1114	3	380	-1	1
k141_1114	413	1624	-1	2
k141_1114	1908	2177	-1	3
k141_1114	2302	2565	-1	4
k141_1152	46	507	1	1
k141_1152	507	1643	1	2
k141_1152	1654	3243	1	3
k141_1152	3247	3918	-1	4
k141_1152	4075	4722	-1	5
k141_1152	4831	6582	-1	6
k141_1153	2	370	-1	1
k141_1153	448	1233	-1	2
k141_1153	1267	2463	-1	3
k141_1172	39	371	1	1
k141_1172	772	1140	1	2
k141_1172	1137	2543	1	3
k141_1184	3	71	-1	1
k141_1184	68	1441	-1	2
k141_1184	1693	1872	1	3
k141_1190	2	592	-1	1
k141_1190	844	1644	1	2
k141_1190	1761	2777	1	3
k141_1197	3	992	1	1
k141_1197	1017	1376	1	2
k141_1197	1381	1899	-1	3
k141_1197	2009	2116	1	4
k141_1235	59	2608	1	1
k141_1235	2610	3155	1	2
k141_1235	3155	3613	1	3
k141_1246	2	1576	1	1
k141_1271	115	1839	1	1
k141_1274	3	1412	1	1
k141_1274	1473	2342	-1	2
k141_1274	2339	2866	-1	3
k141_1283	436	2487	1	1
k141_1295	298	3444	1	1
k141_1295	3531	3707	1	2
k141_1308	2	652	-1	1
k141_1308	662	2176	-1	2
k141_1308	2176	2802	-1	3
k141_1311	2	403	1	1
k141_1311	400	1557	1	2
k141_1319	3	1229	1	1
k141_1319	1243	1506	-1	2
k141_1357	1	570	1	1
k141_1357	567	1157	-1	2
k141_1357	1260	2147	1	3
k141_1357	2144	3433	-1	4
k141_1357	3616	4305	1	5
k141_1368	1	1122	-1	1
k141_1368	1202	1801	-1	2
k141_1379	1	555	1	1
k141_1379	566	811	-1	2
k141_1379	813	1865	-1	3
k141_1379	1992	2456	1	4
k141_1379	2588	2740	-1	5
k141_1382	1	423	-1	1
k141_1382	426	1367	-1	2
k141_1382	1367	2086	-1	3
k141_1383	1	1776	-1	1
k141_1383	1928	3745	-1	2
k141_1409	1	207	1	1
k141_1409	204	788	1	2
k141_1409	871	2418	1	3
k141_1410	2	982	1	1
k141_1410	1003	1578	1	2
k141_1410	1667	2848	-1	3
k141_1410	2899	3171	1	4
k141_1428	2	973	1	1
k141_1428	1117	1503	-1	2
k141_1428	1500	2231	-1	3
k141_1428	2248	3279	-1	4
k141_1428	3339	4055	-1	5
k141_1428	4114	5262	1	6
k141_1428	5302	5412	1	7
k141_1455	2	1240	1	1
k141_1455	1237	2163	1	2
k141_1457	2	643	-1	1
k141_1457	1030	3180	1	2
k141_1457	3241	3708	1	3
k141_1457	3742	4137	-1	4
k141_1466	2	88	-1	1
k141_1466	92	1699	-1	2
k141_1466	1903	2415	-1	3
k141_1466	2686	2928	1	4
k141_1486	1	1239	1	1
k141_1486	1236	2408	1	2
k141_1497	232	381	1	1
k141_1497	388	600	1	2
k141_1497	691	1470	-1	3
k141_1497	1467	2279	-1	4
k141_1520	3	572	-1	1
k141_1520	799	2346	1	2
k141_1520	2354	2920	-1	3
k141_1520	2982	3164	-1	4
k141_1520	3188	4123	-1	5
k141_1520	4140	4973	-1	6
k141_1520	5029	5616	1	7
k141_1524	3	422	-1	1
k141_1524	437	1636	1	2
k141_1524	1702	3333	1	3
k141_1524	3415	3738	1	4
k141_1524	3735	4145	1	5
k141_1524	4160	4348	1	6
k141_1537	3	923	1	1
k141_1537	920	1846	1	2
k141_1547	3	308	-1	1
k141_1547	340	1524	-1	2
k141_1547	1642	3054	1	3
k141_1550	3	392	-1	1
k141_1550	389	1387	-1	2
k141_1550	1384	1560	-1	3
k141_1579	1	450	1	1
k141_1579	455	610	-1	2
k141_1579	1139	1783	-1	3
k141_1579	1985	2674	-1	4
k141_1579	2757	3389	-1	5
k141_1602	2	1015	1	1
k141_1602	1088	1834	-1	2
k141_1606	3	872	1	1
k141_1606	1040	2632	1	2
k141_1606	2829	2957	1	3
k141_1617	48	506	-1	1
k141_1617	571	1749	1	2
k141_1617	1994	2407	-1	3
k141_1617	2646	3128	-1	4
k141_1617	3228	3401	-1	5
k141_1617	3582	3812	1	6
k141_1617	3838	4503	1	7
k141_1617	4465	4674	-1	8
k141_1635	3	1175	1	1
k141_1635	1172	1900	-1	2
k141_1635	1972	2823	-1	3
k141_1635	2845	3990	-1	4
k141_1635	4142	4390	-1	5
k141_1652	3	218	1	1
k141_1652	229	999	-1	2
k141_1652	1039	1383	-1	3
k141_1652	1476	2135	-1	4
k141_1652	2306	3097	-1	5
k141_1652	3101	3523	-1	6
k141_1679	3	1643	-1	1
k141_1679	1640	2191	-1	2
k141_1699	1	1473	-1	1
k141_1699	1704	2432	-1	2
k141_1733	1	342	-1	1
k141_1733	339	761	-1	2
k141_1733	893	1264	1	3
k141_1733	1279	3360	-1	4
k141_1740	1	1980	1	1
k141_1740	2140	2412	1	2
k141_1742	152	1387	1	1
k141_1742	1391	2494	-1	2
k141_1742	2712	3533	-1	3
k141_1751	1	882	-1	1
k141_1751	922	1353	-1	2
k141_1751	1453	1863	-1	3
k141_1757	2	103	1	1
k141_1757	100	510	-1	2
k141_1757	556	1068	1	3
k141_1757	1073	2365	-1	4
k141_1757	2953	4305	-1	5
k141_1757	4302	4577	-1	6
k141_1764	3	1241	-1	1
k141_1764	1231	3225	-1	2
k141_1767	1	105	-1	1
k141_1767	398	1867	1	2
k141_1767	1890	2117	-1	3
k141_1767	2284	2763	-1	4
k141_1767	2768	3238	-1	5
k141_1772	117	764	1	1
k141_1772	816	1568	1	2
k141_1772	1645	3489	1	3
k141_1772	3937	4290	-1	4
k141_1772	4339	4824	1	5
k141_1772	4834	5607	-1	6
k141_1772	5604	6260	-1	7
k141_1773	2	400	1	1
k141_1773	522	2306	1	2
k141_1774	2	2413	-1	1
k141_1774	2571	2876	-1	2
k141_1788	3	824	-1	1
k141_1788	828	1787	-1	2
k141_1793	3	962	1	1
k141_1793	1049	2239	1	2
k141_1838	52	858	-1	1
k141_1838	944	1600	-1	2
k141_1838	1600	2052	-1	3
k141_1838	2054	2539	-1	4
k141_1838	2590	3030	-1	5
k141_1871	3	2669	-1	1
k141_1871	2666	4177	-1	2
k141_1871	4174	5025	-1	3
k141_1880	105	1145	-1	1
k141_1880	1470	1847	1	2
k141_1880	1844	2365	1	3
k141_1886	1	279	-1	1
k141_1886	269	979	-1	2
k141_1886	1087	3498	-1	3
k141_1897	104	808	1	1
k141_1897	805	1215	1	2
k141_1897	1223	1723	1	3
k141_1900	3	839	-1	1
k141_1900	851	2008	-1	2
k141_1900	2038	3183	-1	3
k141_1900	3263	4759	1	4
k141_1900	4949	6820	1	5
k141_1911	3	557	1	1
k141_1911	608	1039	1	2
k141_1911	982	1545	-1	3
k141_1911	1542	2744	-1	4
k141_1911	2819	3493	1	5
k141_1916	3	938	1	1
k141_1916	995	1489	-1	2
k141_1924	3	1070	1	1
k141_1924	1112	1939	1	2
k141_1962	2	1021	1	1
k141_1962	1025	1372	-1	2
k141_1962	1444	1968	-1	3
k141_1966	1	372	1	1
k141_1966	476	1114	-1	2
k141_1966	1319	2635	1	3
k141_1966	2696	3037	1	4
k141_1966	3034	3708	1	5
k141_1966	3802	3993	1	6
k141_1975	51	683	-1	1
k141_1975	846	1871	-1	2
k141_1975	1868	2452	-1	3
k141_2000	118	1200	-1	1
k141_2000	1354	1668	1	2
k141_2019	193	1536	1	1
k141_2019	1536	2351	1	2
k141_2019	2571	4886	1	3
k141_2019	4959	5252	1	4
k141_2019	5255	7234	1	5
k141_2019	7247	7912	1	6
k141_2027	1	849	1	1
k141_2027	846	1580	-1	2
k141_2027	1597	2562	-1	3
k141_2029	2	325	-1	1
k141_2029	482	712	-1	2
k141_2029	785	1078	-1	3
k141_2029	1272	1589	-1	4
k141_2029	1827	2819	1	5
k141_2029	2816	3361	1	6
k141_2036	2	187	-1	1
k141_2036	184	1920	-1	2
k141_2036	1983	2306	-1	3
k141_2041	3	206	-1	1
k141_2041	254	1048	-1	2
k141_2041	1127	2167	-1	3
k141_2041	2235	2846	-1	4
k141_2041	2920	3813	1	5
k141_2041	3920	4450	1	6
k141_2041	4559	5005	-1	7
k141_2041	5007	5429	-1	8
k141_2068	1	1224	1	1
k141_2068	1221	3044	1	2
k141_2068	3264	4010	1	3
k141_2077	2	1504	1	1
k141_2081	2	832	1	1
k141_2081	895	1272	1	2
k141_2081	1423	1623	1	3
k141_2081	1613	1927	-1	4
k141_2081	1927	2964	-1	5
k141_2087	1	1185	-1	1
k141_2087	1310	1630	1	2
k141_2087	1923	2369	-1	3
k141_2087	2508	3071	1	4
k141_2087	3068	3784	1	5
k141_2087	3854	4456	1	6
k141_2087	4543	5346	-1	7
k141_2087	5581	6645	-1	8
k141_2087	6642	7472	-1	9
k141_2087	7525	8820	-1	10
k141_2087	8810	9352	-1	11
k141_2108	3	1388	-1	1
k141_2108	1385	1519	-1	2
k141_2116	3	1055	1	1
k141_2116	1076	1522	1	2
k141_2130	2	898	-1	1
k141_2130	1022	2281	-1	2
k141_2130	2452	2688	-1	3
k141_2130	2823	3896	-1	4
k141_2149	3	74	1	1
k141_2149	74	952	1	2
k141_2149	957	1385	-1	3
k141_2149	1461	1811	-1	4
k141_2151	2	1258	1	1
k141_2151	1488	1826	1	2
k141_2151	1890	2339	1	3
k141_2173	2	424	-1	1
k141_2173	567	1190	1	2
k141_2173	1196	3400	-1	3
k141_2173	3636	3791	1	4
k141_2174	1	570	-1	1
k141_2174	583	2166	-1	2
k141_2174	2257	2493	1	3
k141_2195	1	711	-1	1
k141_2195	708	977	-1	2
k141_2195	977	1309	-1	3
k141_2195	1306	1608	-1	4
k141_2205	1	813	-1	1
k141_2205	959	1105	-1	2
k141_2205	1105	2262	-1	3
k141_2214	3	641	-1	1
k141_2214	716	1735	-1	2
k141_2222	1	588	-1	1
k141_2222	788	1675	1	2
k141_2222	1630	2076	1	3
k141_2226	3	167	1	1
k141_2226	169	1806	1	2
k141_2226	1809	2993	1	3
k141_2227	3	695	1	1
k141_2227	692	913	1	2
k141_2227	1062	2282	1	3
k141_2227	2647	3189	-1	4
k141_2227	3632	5017	1	5
k141_2227	5363	5650	-1	6
k141_2227	5857	5976	-1	7
k141_2238	31	1434	-1	1
k141_2238	1436	2506	-1	2
k141_2238	2634	2960	-1	3
k141_2238	2991	3584	-1	4
k141_2262	1	906	-1	1
k141_2262	1010	3799	-1	2
k141_2262	3994	4677	-1	3
k141_2262	4717	5769	-1	4
k141_2312	60	3533	-1	1
k141_2312	3533	6505	-1	2
k141_2312	6498	7217	-1	3
k141_2312	7214	8215	-1	4
k141_2312	8200	8652	-1	5
k141_2312	8649	11006	-1	6
k141_2319	2	763	1	1
k141_2319	915	2258	1	2
k141_2324	1	126	1	1
k141_2324	851	1108	-1	2
k141_2324	1609	1848	-1	3
k141_2324	2042	2365	-1	4
k141_2324	2998	4128	-1	5
k141_2326	3	593	-1	1
k141_2326	844	1578	1	2
k141_2326	1583	1738	1	3
k141_2326	1735	2172	1	4
k141_2326	2213	4177	1	5
k141_2326	4174	4704	1	6
k141_2326	4701	5150	1	7
k141_2326	5147	5794	1	8
k141_2326	5838	6296	1	9
k141_2333	3	1460	-1	1
k141_2333	1743	2834	-1	2
k141_2333	2831	3433	-1	3
k141_2333	3577	4296	1	4
k141_2338	3	296	1	1
k141_2338	297	1277	1	2
k141_2338	1274	2572	1	3
k141_2338	2569	3489	1	4
k141_2338	3637	4329	1	5
k141_2338	4419	5453	-1	6
k141_2338	5579	6064	-1	7
k141_2338	6102	7598	-1	8
k141_2348	3	104	-1	1
k141_2348	101	1327	-1	2
k141_2348	1329	1979	-1	3
k141_2363	3	266	1	1
k141_2363	263	967	1	2
k141_2363	967	1590	1	3
k141_2363	1801	2043	-1	4
k141_2378	20	253	-1	1
k141_2378	268	594	-1	2
k141_2378	806	3793	1	3
k141_2389	2	1129	-1	1
k141_2389	1126	1890	-1	2
k141_2389	1874	2515	-1	3
k141_2389	2524	2790	-1	4
k141_2389	2928	3242	-1	5
k141_2389	3427	4263	-1	6
k141_2402	1	867	1	1
k141_2402	864	2180	1	2
k141_2402	2177	3079	1	3
k141_2433	1	633	-1	1
k141_2433	635	1312	-1	2
k141_2433	1494	2183	-1	3
k141_2433	2346	2693	-1	4
k141_2449	1	672	-1	1
k141_2449	669	1490	-1	2
k141_2449	1480	2439	-1	3
k141_2449	2439	3800	-1	4
k141_2454	1	840	1	1
k141_2454	843	1622	1	2
k141_2454	1776	3098	-1	3
k141_2454	3350	3586	1	4
k141_2465	1	255	-1	1
k141_2465	267	764	-1	2
k141_2465	953	1597	1	3
k141_2465	1674	1988	1	4
k141_2465	2014	2514	1	5
k141_2512	2	133	-1	1
k141_2512	329	1915	1	2
k141_2512	1922	2416	1	3
k141_2512	2413	2973	1	4
k141_2523	237	1268	1	1
k141_2523	1393	1929	-1	2
k141_2523	2155	2598	1	3
k141_2526	3	167	-1	1
k141_2526	164	1192	-1	2
k141_2526	1423	2439	1	3
k141_2526	2495	2593	1	4
k141_2530	1	519	-1	1
k141_2530	606	2426	1	2
k141_2531	1	312	-1	1
k141_2531	314	562	-1	2
k141_2531	618	1211	1	3
k141_2531	1223	1660	1	4
k141_2531	1753	2742	1	5
k141_2531	2694	3848	-1	6
k141_2538	3	641	1	1
k141_2538	661	1425	1	2
k141_2538	1488	2483	1	3
k141_2540	2	1057	1	1
k141_2540	1060	2208	1	2
k141_2540	2401	3657	1	3
k141_2540	3701	4189	1	4
k141_2540	4170	4394	-1	5
k141_2555	3	647	-1	1
k141_2555	706	2361	-1	2
k141_2555	2480	3265	1	3
k141_2555	3269	3766	1	4
k141_2570	288	782	-1	1
k141_2570	801	1199	-1	2
k141_2570	1138	1641	-1	3
k141_2573	2	121	-1	1
k141_2573	124	792	-1	2
k141_2573	785	1030	-1	3
k141_2573	1027	2283	-1	4
k141_2573	2280	3221	-1	5
k141_2573	3339	3893	-1	6
k141_2573	3890	4264	-1	7
k141_2578	1	879	1	1
k141_2578	881	1513	1	2
k141_2578	1510	1815	1	3
k141_2599	2	100	1	1
k141_2599	367	1551	1	2
k141_2601	3	983	1	1
k141_2601	980	1402	1	2
k141_2601	1411	3081	-1	3
k141_2605	2	406	-1	1
k141_2605	459	1244	-1	2
k141_2605	1414	2841	1	3
k141_2606	2	76	-1	1
k141_2606	73	1398	-1	2
k141_2606	1403	2557	-1	3
k141_2606	2631	3572	-1	4
k141_2606	3594	4100	-1	5
k141_2606	4251	5921	-1	6
k141_2615	3	152	1	1
k141_2615	307	642	-1	2
k141_2615	725	1651	1	3
k141_2615	1764	2534	1	4
k141_2615	2619	3116	-1	5
k141_2615	3116	3595	-1	6
k141_2615	3771	4364	-1	7
k141_2617	1	405	-1	1
k141_2617	411	2090	-1	2
k141_2617	2236	2862	1	3
k141_2632	3	482	1	1
k141_2632	479	1702	1	2
k141_2632	1715	2566	1	3
k141_2632	2554	3294	1	4
k141_2632	3296	3802	1	5
k141_2633	2	1774	1	1
k141_2682	1	762	1	1
k141_2682	1477	2517	-1	2
k141_2682	2514	3374	-1	3
k141_2695	2	1381	1	1
k141_2695	1378	1836	1	2
k141_2695	1839	2177	1	3
k141_2696	2	241	1	1
k141_2696	345	1556	1	2
k141_2697	3	419	1	1
k141_2697	793	1266	1	2
k141_2697	1263	2453	1	3
k141_2697	2520	3203	1	4
k141_2697	3157	4827	-1	5
k141_2707	2	121	-1	1
k141_2707	118	588	-1	2
k141_2707	694	1956	1	3
k141_2709	1	546	1	1
k141_2709	650	1558	-1	2
k141_2713	27	746	1	1
k141_2713	739	1770	1	2
k141_2713	1767	3269	1	3
k141_2713	3266	4204	1	4
k141_2713	4204	5262	1	5
k141_2713	5259	5480	1	6
k141_2714	1	294	1	1
k141_2714	383	1870	1	2
k141_2714	1915	2160	1	3
k141_2714	2160	2456	1	4
k141_2714	2461	2742	1	5
k141_2722	3	1028	-1	1
k141_2722	1113	1535	-1	2
k141_2724	2	1294	-1	1
k141_2724	1455	2192	-1	2
k141_2724	2294	3106	1	3
k141_2724	3343	3606	1	4
k141_2724	4103	5461	1	5
k141_2724	5487	7136	-1	6
k141_2733	1	492	-1	1
k141_2733	663	833	-1	2
k141_2733	895	1410	-1	3
k141_2733	1467	2423	-1	4
k141_2742	1	1779	-1	1
k141_2742	1923	2315	-1	2
k141_2742	2436	3218	1	3
k141_2742	3215	3523	-1	4
k141_2758	1	393	-1	1
k141_2758	413	2956	-1	2
k141_2767	3	746	-1	1
k141_2767	941	1726	-1	2
k141_2778	1	417	1	1
k141_2778	414	1448	1	2
k141_2778	1475	2824	1	3
k141_2778	3242	3583	1	4
k141_2795	2	475	1	1
k141_2795	472	999	1	2
k141_2795	996	1679	-1	3
k141_2795	1727	2389	-1	4
k141_2795	2437	3294	-1	5
k141_2796	3	119	1	1
k141_2796	188	1441	1	2
k141_2796	1461	2117	1	3
k141_2796	2417	2821	1	4
k141_2796	2829	3287	1	5
k141_2822	3	1343	-1	1
k141_2822	1430	3571	-1	2
k141_2824	2	673	1	1
k141_2824	670	2043	1	2
k141_2866	3	680	1	1
k141_2866	757	1662	1	2
k141_2866	1662	3236	1	3
k141_2873	2	235	-1	1
k141_2873	454	1179	1	2
k141_2873	1176	1769	1	3
k141_2873	1936	2091	-1	4
k141_2874	3	908	1	1
k141_2874	1020	1901	1	2
k141_2901	2	787	1	1
k141_2901	1206	1706	-1	2
k141_2901	1945	2691	1	3
k141_2901	2762	3640	1	4
k141_2901	3783	4175	-1	5
k141_2902	189	650	-1	1
k141_2902	658	2484	-1	2
k141_2902	2555	2710	1	3
k141_2922	2	523	1	1
k141_2922	599	1465	-1	2
k141_2922	1486	1770	-1	3
k141_2939	3	464	-1	1
k141_2939	461	778	-1	2
k141_2939	821	1351	-1	3
k141_2939	1356	2714	-1	4
k141_2939	2751	3428	1	5
k141_2939	3392	4429	-1	6
k141_2980	3	296	-1	1
k141_2980	293	997	-1	2
k141_2980	1009	3714	-1	3
k141_2980	4000	4752	-1	4
k141_2980	4749	5657	-1	5
k141_2990	2	1078	-1	1
k141_2990	1080	1853	-1	2
k141_3021	2	100	1	1
k141_3021	250	1437	-1	2
k141_3021	1456	1806	-1	3
k141_3021	2089	2898	-1	4
k141_3024	2	1585	1	1
k141_3024	1662	2054	1	2
k141_3056	2	808	1	1
k141_3056	839	2077	1	2
k141_3056	2139	3461	1	3
k141_3056	3393	4745	-1	4
k141_3056	4919	5302	1	5
k141_3064	1	1668	-1	1
k141_3064	1835	2512	-1	2
k141_3064	2650	3339	-1	3
k141_3064	3372	4340	-1	4
k141_3064	4347	4730	-1	5
k141_3064	4874	5140	1	6
k141_3067	3	221	1	1
k141_3067	359	2713	1	2
k141_3067	2899	3477	1	3
k141_3067	3511	3777	-1	4
k141_3067	4110	4925	1	5
k141_3073	3	1940	-1	1
k141_3073	1937	2554	-1	2
k141_3073	2648	3538	1	3
k141_3073	3548	4072	1	4
k141_3073	4139	4846	1	5
k141_3073	4843	5427	1	6
k141_3073	5424	6359	1	7
k141_3073	6478	7839	1	8
k141_3082	3	596	1	1
k141_3082	640	1836	1	2
k141_3082	1888	2061	1	3
k141_3087	3	755	1	1
k141_3087	887	1789	1	2
k141_3088	88	1287	1	1
k141_3088	1340	2344	1	2
k141_3091	2	709	-1	1
k141_3091	778	1311	-1	2
k141_3091	1308	1646	-1	3
k141_3093	1	531	1	1
k141_3093	596	1588	1	2
k141_3093	1654	2508	1	3
k141_3093	2584	3300	1	4
k141_3100	1	1014	-1	1
k141_3100	1002	1940	-1	2
k141_3100	1933	2913	-1	3
k141_3100	2910	3551	-1	4
k141_3109	1	498	1	1
k141_3109	495	905	1	2
k141_3109	898	1845	1	3
k141_3112	3	512	1	1
k141_3112	509	1720	1	2
k141_3112	1720	1869	1	3
k141_3112	1866	2654	1	4
k141_3112	2651	3502	1	5
k141_3112	3629	4486	1	6
k141_3115	1	102	-1	1
k141_3115	102	857	-1	2
k141_3115	960	2489	-1	3
k141_3128	2	217	1	1
k141_3128	253	732	1	2
k141_3128	1179	1661	-1	3
k141_3128	1724	4276	1	4
k141_3128	4412	4846	1	5
k141_3128	4857	5783	-1	6
k141_3128	5882	6079	1	7
k141_3188	2	367	-1	1
k141_3188	438	854	-1	2
k141_3188	922	1587	1	3
k141_3188	1605	2606	-1	4
k141_3189	36	536	-1	1
k141_3189	829	1905	-1	2
k141_3272	2	877	1	1
k141_3272	886	2106	1	2
k141_3272	2112	2864	1	3
k141_3278	1	819	-1	1
k141_3278	950	3103	1	2
k141_3278	3197	4954	1	3
k141_3296	1	2463	1	1
k141_3323	2	274	1	1
k141_3323	372	1466	1	2
k141_3323	1463	2668	1	3
k141_3323	2680	2916	1	4
k141_3339	3	731	1	1
k141_3339	728	2851	1	2
k141_3339	2841	3593	1	3
k141_3339	3630	4118	-1	4
k141_3339	4145	4267	-1	5
k141_3345	2	769	-1	1
k141_3345	828	1730	-1	2
k141_3346	1	372	-1	1
k141_3346	509	976	1	2
k141_3346	994	1317	1	3
k141_3346	1373	2737	-1	4
k141_3346	2813	3502	1	5
k141_3346	3678	4580	1	6
k141_3368	75	866	1	1
k141_3368	863	1684	1	2
k141_3378	3	317	-1	1
k141_3378	320	1540	-1	2
k141_3378	1663	2127	-1	3
k141_3378	2177	3166	-1	4
k141_3378	3232	3351	1	5
k141_3383	3	506	-1	1
k141_3383	493	1362	-1	2
k141_3383	1359	1637	-1	3
k141_3396	80	964	1	1
k141_3396	1069	2040	1	2
k141_3396	2134	3072	1	3
k141_3396	3119	3364	1	4
k141_3402	47	1639	1	1
k141_3406	3	308	1	1
k141_3406	455	913	1	2
k141_3406	913	1713	1	3
k141_3424	1	258	1	1
k141_3424	460	2745	1	2
k141_3424	2742	3737	1	3
k141_3424	3833	5239	1	4
k141_3443	2	118	-1	1
k141_3443	308	814	-1	2
k141_3443	1107	1445	1	3
k141_3443	1448	1852	1	4
k141_3443	1856	2173	1	5
k141_3443	2179	3006	1	6
k141_3443	3040	3783	1	7
k141_3443	3796	4584	1	8
k141_3443	4565	5227	1	9
k141_3443	5255	5635	1	10
k141_3457	3	272	-1	1
k141_3457	451	912	-1	2
k141_3457	915	2201	-1	3
k141_3457	2405	2944	1	4
k141_3465	1	330	1	1
k141_3465	414	1022	1	2
k141_3465	1034	1354	1	3
k141_3465	1351	1986	-1	4
k141_3465	1997	2284	-1	5
k141_3465	2336	2764	1	6
k141_3465	2764	3348	1	7
k141_3465	3485	4132	1	8
k141_3465	4653	5348	-1	9
k141_3465	5353	5784	-1	10
k141_3465	5952	6881	-1	11
k141_3465	6925	7461	-1	12
k141_3465	7503	7700	-1	13
k141_3465	8171	8683	1	14
k141_3484	256	1134	1	1
k141_3484	1158	1820	1	2
k141_3484	1920	2258	1	3
k141_3484	2280	2570	-1	4
k141_3484	2650	2925	1	5
k141_3496	2	67	1	1
k141_3496	64	744	1	2
k141_3496	737	2326	1	3
k141_3511	209	778	1	1
k141_3511	809	3010	1	2
k141_3511	3054	3503	1	3
k141_3547	2	151	-1	1
k141_3547	211	492	-1	2
k141_3547	598	1182	-1	3
k141_3547	1340	1513	-1	4
k141_3547	1671	4505	-1	5
k141_3547	4529	5101	-1	6
k141_3547	5101	6357	-1	7
k141_3547	6444	7130	-1	8
k141_3559	2	226	1	1
k141_3559	573	779	1	2
k141_3559	794	1051	1	3
k141_3559	1076	1219	1	4
k141_3559	1236	1442	1	5
k141_3559	1519	1782	1	6
k141_3559	1959	2228	-1	7
k141_3559	2256	2489	-1	8
k141_3559	2479	2772	-1	9
k141_3559	2762	3397	-1	10
k141_3559	3737	4483	-1	11
k141_3581	1	795	1	1
k141_3581	810	1289	1	2
k141_3581	1282	1911	1	3
k141_3584	51	635	1	1
k141_3584	632	2041	-1	2
k141_3584	2411	4681	1	3
k141_3584	4756	5178	1	4
k141_3585	2	391	1	1
k141_3585	551	1093	-1	2
k141_3585	1208	1990	1	3
k141_3585	2009	2221	1	4
k141_3612	1	1611	1	1
k141_3612	1780	1911	1	2
k141_3618	3	3125	1	1
k141_3618	3122	4513	1	2
k141_3618	4692	4949	1	3
k141_3643	3	2312	-1	1
k141_3643	2382	3569	-1	2
k141_3643	3508	4062	-1	3
k141_3694	1	1281	1	1
k141_3694	1281	2078	1	2
k141_3696	3	320	1	1
k141_3696	770	1756	1	2
k141_3696	1953	2258	-1	3
k141_3696	2452	3402	-1	4
k141_3696	3526	4116	-1	5
k141_3696	4319	4642	1	6
k141_3696	4639	6345	1	7
k141_3703	1	354	-1	1
k141_3703	342	950	-1	2
k141_3703	960	1547	-1	3
k141_3703	1634	2116	1	4
k141_3717	3	1199	1	1
k141_3717	1407	1865	1	2
k141_3717	2017	3168	-1	3
k141_3717	3194	3817	-1	4
k141_3717	3855	4691	1	5
k141_3722	2	586	1	1
k141_3722	583	1347	1	2
k141_3722	1344	1997	1	3
k141_3725	119	1528	-1	1
k141_3725	1528	2433	-1	2
k141_3725	2430	2645	-1	3
k141_3725	2642	3709	-1	4
k141_3727	1	714	-1	1
k141_3727	940	1713	1	2
k141_3727	1710	2198	1	3
k141_3735	3	995	-1	1
k141_3735	1101	2582	-1	2
k141_3735	2698	3000	-1	3
k141_3735	3067	3693	-1	4
k141_3739	1	261	-1	1
k141_3739	576	1217	1	2
k141_3739	1229	1759	1	3
k141_3739	1779	2189	1	4
k141_3746	1	1704	-1	1
k141_3746	1949	2407	1	2
k141_3778	2	139	-1	1
k141_3778	158	2365	-1	2
k141_3820	3	1568	1	1
k141_3831	1	927	1	1
k141_3831	924	1898	-1	2
k141_3831	1895	2308	-1	3
k141_3831	2305	3684	-1	4
k141_3831	3937	5418	1	5
k141_3840	2	313	-1	1
k141_3840	286	864	-1	2
k141_3840	1111	1866	1	3
k141_3854	1	453	1	1
k141_3854	543	1007	1	2
k141_3854	1110	1634	1	3
k141_3856	1	330	1	1
k141_3856	427	1539	1	2
k141_3866	1	558	-1	1
k141_3866	582	2303	-1	2
k141_3866	2405	3679	-1	3
k141_3866	3779	4252	-1	4
k141_3866	4343	4681	-1	5
k141_3874	2	853	-1	1
k141_3874	983	2095	1	2
k141_3889	3	158	1	1
k141_3889	155	604	1	2
k141_3889	610	1749	1	3
k141_3889	1957	2091	1	4
k141_3896	98	532	1	1
k141_3896	641	1612	1	2
k141_3906	1	246	1	1
k141_3906	243	1061	1	2
k141_3906	1056	2210	-1	3
k141_3906	2342	2503	1	4
k141_3909	1	660	1	1
k141_3909	742	1488	1	2
k141_3923	2	163	-1	1
k141_3923	178	909	-1	2
k141_3923	1023	1949	-1	3
k141_3923	2093	2905	-1	4
k141_3923	3224	3484	1	5
k141_3923	3447	4241	-1	6
k141_3923	4243	4977	-1	7
k141_3923	5137	6351	1	8
k141_3923	6457	6966	1	9
k141_3936	94	864	1	1
k141_3936	1152	2501	-1	2
k141_3964	121	879	-1	1
k141_3964	876	2336	-1	2
k141_3968	3	428	-1	1
k141_3968	586	1383	-1	2
k141_3968	1556	1789	-1	3
k141_3974	3	140	-1	1
k141_3974	137	2140	-1	2
k141_3974	2289	2504	1	3
k141_3979	2	622	1	1
k141_3979	631	2178	1	2
k141_3979	2175	2891	1	3
k141_3987	1	1770	-1	1
k141_3987	1782	2840	-1	2
k141_3992	1	876	-1	1
k141_3992	1162	3351	1	2
k141_4008	3	1832	1	1
k141_4008	1844	3361	1	2
k141_4008	3368	3694	1	3
k141_4020	2	1690	1	1
k141_4020	1889	2167	1	2
k141_4020	2220	2828	-1	3
k141_4023	1	2301	1	1
k141_4023	2298	3350	-1	2
k141_4023	3361	4044	-1	3
k141_4024	170	2116	1	1
k141_4024	2113	2352	1	2
k141_4043	253	504	1	1
k141_4043	491	1912	-1	2
k141_4068	69	1229	-1	1
k141_4068	1226	2197	-1	2
k141_4086	2	151	-1	1
k141_4086	328	1236	1	2
k141_4086	1360	2310	-1	3
k141_4106	2	1666	1	1
k141_4106	1673	2389	1	2
k141_4106	2391	2516	1	3
k141_4113	1	192	-1	1
k141_4113	161	586	-1	2
k141_4113	717	1148	-1	3
k141_4113	1255	1737	-1	4
k141_4147	2	1048	-1	1
k141_4147	1236	1799	1	2
k141_4176	250	1521	-1	1
k141_4176	1653	2105	1	2
k141_4176	2175	2564	1	3
k141_4176	2561	3778	1	4
k141_4179	3	671	1	1
k141_4179	697	1734	1	2
k141_4179	1731	2252	1	3
k141_4179	2249	3016	1	4
k141_4179	3139	4131	1	5
k141_4207	1	996	-1	1
k141_4207	1070	1531	-1	2
k141_4212	3	1043	-1	1
k141_4212	1040	1900	-1	2
k141_4212	1962	3182	-1	3
k141_4212	3206	4933	-1	4
k141_4212	4933	5964	-1	5
k141_4212	5961	6497	-1	6
k141_4223	2	622	1	1
k141_4223	640	1248	1	2
k141_4223	1248	2168	1	3
k141_4223	2161	2496	1	4
k141_4223	2496	2774	1	5
k141_4223	2764	3537	1	6
k141_4223	3547	3816	1	7
k141_4223	3822	4601	1	8
k141_4223	4606	5562	1	9
k141_4224	2	550	1	1
k141_4224	722	1108	1	2
k141_4224	1220	2932	-1	3
k141_4224	3015	3788	-1	4
k141_4224	3785	4051	-1	5
k141_4241	422	949	-1	1
k141_4241	982	2172	-1	2
k141_4241	2244	3821	-1	3
k141_4241	3941	5314	1	4
k141_4241	5311	7356	1	5
k141_4241	7296	8438	1	6
k141_4246	1	924	1	1
k141_4246	927	1514	1	2
k141_4246	1862	2548	-1	3
k141_4246	2712	3950	1	4
k141_4251	2	1798	-1	1
k141_4263	1	2484	1	1
k141_4263	2529	3722	1	2
k141_4264	1	1785	-1	1
k141_4264	1839	2474	-1	2
k141_4264	2544	2804	1	3
k141_4265	3	569	1	1
k141_4265	656	1198	1	2
k141_4265	1373	2008	-1	3
k141_4265	2022	2360	-1	4
k141_4280	1	192	-1	1
k141_4280	346	1605	-1	2
k141_4280	1619	2557	-1	3
k141_4280	2554	3477	-1	4
k141_4280	3605	4501	-1	5
k141_4280	4548	5516	-1	6
k141_4289	2	202	-1	1
k141_4289	369	1475	1	2
k141_4289	1486	1815	1	3
k141_4300	3	557	-1	1
k141_4300	640	1479	-1	2
k141_4300	1659	2711	-1	3
k141_4304	2	1768	-1	1
k141_4315	1	345	1	1
k141_4315	666	1502	1	2
k141_4315	1597	2349	1	3
k141_4342	10	660	-1	1
k141_4342	660	1571	-1	2
k141_4353	43	219	-1	1
k141_4353	614	2737	1	2
k141_4353	2991	3866	1	3
k141_4353	3899	3967	1	4
k141_4373	1	1959	1	1
k141_4373	2090	2485	1	2
k141_4378	30	605	1	1
k141_4378	631	1095	-1	2
k141_4378	1273	2907	1	3
k141_4378	2951	3562	1	4
k141_4393	3	185	-1	1
k141_4393	337	750	-1	2
k141_4393	747	1316	-1	3
k141_4393	1385	2029	-1	4
k141_4393	2174	2986	-1	5
k141_4393	3304	3633	1	6
k141_4400	3	170	-1	1
k141_4400	443	1009	1	2
k141_4400	1048	1512	1	3
k141_4402	1	513	-1	1
k141_4402	501	1757	-1	2
k141_4402	1868	2623	-1	3
k141_4402	2756	5092	1	4
k141_4402	5229	6671	1	5
k141_4402	6695	7459	1	6
k141_4402	7465	8601	-1	7
k141_4410	3	1028	-1	1
k141_4410	1161	2615	1	2
k141_4410	2764	3213	1	3
k141_4425	3	1433	1	1
k141_4425	1583	2074	1	2
k141_4425	2067	2438	1	3
k141_4448	3	179	-1	1
k141_4448	200	2389	-1	2
k141_4448	2571	3347	-1	3
k141_4470	2	304	1	1
k141_4470	396	1259	1	2
k141_4470	1259	1612	1	3
k141_4488	1	96	1	1
k141_4488	93	1010	1	2
k141_4488	1511	1627	-1	3
k141_4518	2	106	1	1
k141_4518	103	732	1	2
k141_4518	1020	2573	-1	3
k141_4518	2681	4816	-1	4
k141_4518	4957	8472	-1	5
k141_4522	3	1142	-1	1
k141_4522	1251	1412	1	2
k141_4522	1405	2121	1	3
k141_4541	134	766	1	1
k141_4541	848	1576	1	2
k141_4571	2	712	1	1
k141_4571	726	1295	-1	2
k141_4571	1344	2189	1	3
k141_4584	1	531	-1	1
k141_4584	524	802	-1	2
k141_4584	804	1115	-1	3
k141_4584	1112	1519	-1	4
k141_4584	1569	1904	1	5
k141_4584	1906	2295	-1	6
k141_4599	128	1606	-1	1
k141_4599	1603	1890	-1	2
k141_4608	3	968	-1	1
k141_4608	965	1999	-1	2
k141_4608	2061	3014	1	3
k141_4608	3011	3718	1	4
k141_4608	3721	4272	1	5
k141_4609	2	1102	1	1
k141_4609	1215	2561	1	2
k141_4609	2595	4004	-1	3
k141_4609	4125	4853	1	4
k141_4624	71	1489	1	1
k141_4624	1560	2687	-1	2
k141_4624	2828	3211	1	3
k141_4624	3291	3590	1	4
k141_4624	3653	3829	1	5
k141_4656	1	1620	1	1
k141_4686	2	784	1	1
k141_4686	781	1782	1	2
k141_4686	1784	3034	1	3
k141_4686	3221	3469	1	4
k141_4686	3519	4271	1	5
k141_4686	4225	5259	-1	6
k141_4686	5310	6371	-1	7
k141_4691	77	1660	-1	1
k141_4691	1657	4332	-1	2
k141_4691	4657	4905	1	3
k141_4691	4918	5259	1	4
k141_4706	2	760	1	1
k141_4706	818	1642	1	2
k141_4724	3	482	-1	1
k141_4724	636	842	1	2
k141_4724	835	1323	1	3
k141_4724	1552	2133	1	4
k141_4724	2130	2360	1	5
k141_4724	2569	3768	-1	6
k141_4724	3965	4969	1	7
k141_4724	4981	5445	1	8
k141_4724	5519	6571	1	9
k141_4724	6634	7473	1	10
k141_4726	827	1288	1	1
k141_4726	1285	1533	1	2
k141_4729	2	2035	1	1
k141_4729	2022	2774	1	2
k141_4729	2954	4513	1	3
k141_4732	1	630	-1	1
k141_4732	627	1829	-1	2
k141_4732	1912	3288	1	3
k141_4732	3285	3422	1	4
k141_4735	1	516	1	1
k141_4735	577	1011	1	2
k141_4735	1008	1550	1	3
k141_4735	1543	2457	1	4
k141_4735	2756	4342	1	5
k141_4735	4772	4993	-1	6
k141_4752	30	896	-1	1
k141_4752	893	1174	-1	2
k141_4752	1167	1613	-1	3
k141_4752	1701	2129	-1	4
k141_4754	3	1160	1	1
k141_4754	1167	2222	1	2
k141_4754	2277	2603	-1	3
k141_4754	2692	4062	1	4
k141_4754	4129	4662	1	5
k141_4763	1	792	1	1
k141_4763	789	1229	1	2
k141_4763	1205	2011	-1	3
k141_4763	2149	2622	-1	4
k141_4763	2664	2996	-1	5
k141_4763	3059	3577	-1	6
k141_4763	3846	4325	1	7
k141_4769	2	1039	-1	1
k141_4769	1135	1740	-1	2
k141_4792	3	323	-1	1
k141_4792	327	2390	-1	2
k141_4792	2501	3940	-1	3
k141_4792	3967	5322	-1	4
k141_4792	5484	6410	1	5
k141_4792	6596	7603	-1	6
k141_4811	2	1792	1	1
k141_4811	1795	2676	1	2
k141_4828	1	2667	1	1
k141_4830	3	128	1	1
k141_4830	65	301	-1	2
k141_4830	884	1609	-1	3
k141_4837	2	772	1	1
k141_4837	769	1467	1	2
k141_4837	1603	2079	-1	3
k141_4837	2076	2969	-1	4
k141_4847	334	3279	1	1
k141_4847	3276	3683	1	2
k141_4876	3	2033	-1	1
k141_4876	2637	3149	1	2
k141_4883	1	630	1	1
k141_4883	645	848	1	2
k141_4883	845	2107	1	3
k141_4883	2195	3118	1	4
k141_4883	3133	3933	1	5
k141_4883	3995	4663	1	6
k141_4883	4660	5010	1	7
k141_4883	5007	5552	-1	8
k141_4939	1	711	-1	1
k141_4939	773	1912	-1	2
k141_4942	1	1182	1	1
k141_4942	1179	2069	-1	2
k141_4942	2062	2475	-1	3
k141_4946	446	736	1	1
k141_4946	733	1548	1	2
k141_4954	3	791	-1	1
k141_4954	992	1681	1	2
k141_4954	1678	2148	1	3
k141_4954	2150	2581	1	4
k141_4969	3	488	-1	1
k141_4969	663	2288	1	2
k141_4969	2334	3626	-1	3
k141_4981	3	905	1	1
k141_4981	1217	1726	1	2
k141_4981	1723	2484	1	3
k141_4991	2	1099	-1	1
k141_4991	1096	1863	-1	2
k141_4991	2009	2497	-1	3
k141_4997	182	1288	1	1
k141_4997	1403	2353	1	2
k141_4997	2420	3316	1	3
k141_5031	1	540	-1	1
k141_5031	727	1152	-1	2
k141_5031	1188	1706	-1	3
k141_5031	1821	2306	-1	4
k141_5065	2	448	1	1
k141_5065	470	640	1	2
k141_5065	661	1827	-1	3
k141_5074	48	422	1	1
k141_5074	531	1586	-1	2
k141_5074	1711	3141	-1	3
k141_5090	3	1010	1	1
k141_5090	1025	1801	1	2
k141_5099	1	885	1	1
k141_5099	882	1928	1	2
k141_5099	1947	2498	-1	3
k141_5099	2690	2812	1	4
k141_5101	3	83	-1	1
k141_5101	296	994	1	2
k141_5101	1080	1877	-1	3
k141_5109	2	793	-1	1
k141_5109	1079	1384	1	2
k141_5109	1618	1992	-1	3
k141_5109	2140	2661	-1	4
k141_5119	38	778	1	1
k141_5119	775	1806	1	2
k141_5128	2	787	1	1
k141_5128	830	1363	-1	2
k141_5128	1497	2222	-1	3
k141_5128	2225	2731	-1	4
k141_5128	2858	5098	1	5
k141_5128	5101	5598	1	6
k141_5128	5595	6305	1	7
k141_5128	6326	6679	-1	8
k141_5130	3	1178	1	1
k141_5130	1186	2046	-1	2
k141_5130	2070	3041	-1	3
k141_5130	3060	3575	-1	4
k141_5130	3762	4916	1	5
k141_5130	4916	5188	1	6
k141_5131	3	626	-1	1
k141_5131	629	937	-1	2
k141_5131	976	1884	-1	3
k141_5131	1881	2540	-1	4
k141_5131	2584	3402	-1	5
k141_5138	1	834	1	1
k141_5138	866	1774	1	2
k141_5150	2	1567	-1	1
k141_5150	1669	2361	-1	2
k141_5153	2	1060	1	1
k141_5153	1074	1826	1	2
k141_5153	1858	2235	1	3
k141_5162	3	578	1	1
k141_5162	636	2729	-1	2
k141_5162	2726	2959	-1	3
k141_5167	99	455	-1	1
k141_5167	547	2730	1	2
k141_5178	3	200	-1	1
k141_5178	222	812	-1	2
k141_5178	809	2239	-1	3
k141_5178	2450	2968	1	4
k141_5187	1	1359	1	1
k141_5187	1427	2836	-1	2
k141_5187	2925	3887	1	3
k141_5190	1	225	-1	1
k141_5190	309	752	1	2
k141_5190	785	1813	1	3
k141_5190	1823	2746	-1	4
k141_5190	2743	3180	-1	5
k141_5190	3336	3884	1	6
k141_5204	55	387	-1	1
k141_5204	384	2912	-1	2
k141_5204	2909	3517	-1	3
k141_5204	3547	3693	-1	4
k141_5226	3	446	-1	1
k141_5226	512	1798	-1	2
k141_5237	2	325	1	1
k141_5237	715	1503	1	2
k141_5237	1759	2079	-1	3
k141_5241	2	1486	1	1
k141_5246	2	307	1	1
k141_5246	246	662	1	2
k141_5246	864	1775	1	3
k141_5266	1	426	-1	1
k141_5266	595	2187	1	2
k141_5266	2337	2639	1	3
k141_5266	2641	3231	-1	4
k141_5273	2	769	-1	1
k141_5273	769	2100	-1	2
k141_5273	2097	2342	-1	3
k141_5285	1	93	1	1
k141_5285	86	1015	1	2
k141_5285	1002	1922	1	3
k141_5318	3	110	1	1
k141_5318	403	672	-1	2
k141_5318	1374	2915	-1	3
k141_5327	3	542	-1	1
k141_5327	687	1076	-1	2
k141_5327	1092	1310	-1	3
k141_5327	1307	2284	-1	4
k141_5327	2972	3241	-1	5
k141_5327	3238	3474	-1	6
k141_5327	3736	4050	1	7
k141_5327	4105	5724	1	8
k141_5327	5841	6935	1	9
k141_5327	6956	8158	1	10
k141_5343	2	316	1	1
k141_5343	428	1117	1	2
k141_5343	1114	2004	-1	3
k141_5343	2183	2842	1	4
k141_5343	2842	3123	1	5
k141_5346	3	1601	-1	1
k141_5346	1840	2043	-1	2
k141_5379	2	727	1	1
k141_5379	1023	2648	-1	2
k141_5379	2709	3059	-1	3
k141_5379	3317	3493	1	4
k141_5379	3671	3772	-1	5
k141_5406	3	926	1	1
k141_5406	973	1614	1	2
k141_5430	267	587	-1	1
k141_5430	679	1260	-1	2
k141_5430	1271	1669	-1	3
k141_5430	1662	2345	-1	4
k141_5430	2354	3136	-1	5
k141_5430	3183	3785	-1	6
k141_5430	3868	4575	-1	7
k141_5430	4708	5634	1	8
k141_5430	5789	6496	1	9
k141_5430	6576	7016	-1	10
k141_5430	7178	7702	-1	11
k141_5430	7942	8010	-1	12
k141_5456	1	1011	-1	1
k141_5456	1008	1316	-1	2
k141_5456	1386	1571	-1	3
k141_5467	2	1576	1	1
k141_5467	1913	2053	1	2
k141_5474	2	1318	1	1
k141_5474	1322	2233	1	2
k141_5490	1	237	1	1
k141_5490	234	332	1	2
k141_5490	329	1402	1	3
k141_5490	1399	1887	1	4
k141_5490	1900	2295	1	5
k141_5492	3	593	-1	1
k141_5492	741	1796	1	2
k141_5492	1846	2460	1	3
k141_5492	2520	2924	-1	4
k141_5554	1	168	-1	1
k141_5554	221	1570	-1	2
k141_5555	3	1475	-1	1
k141_5555	1472	1849	-1	2
k141_5555	2086	3681	1	3
k141_5555	3789	4268	1	4
k141_5555	4460	5290	1	5
k141_5564	3	911	-1	1
k141_5564	1035	1364	1	2
k141_5564	1364	2875	1	3
k141_5564	2885	3100	-1	4
k141_5586	1	480	-1	1
k141_5586	599	2026	-1	2
k141_5603	445	906	1	1
k141_5603	1010	1399	1	2
k141_5603	1448	1606	-1	3
k141_5603	1732	1929	1	4
k141_5647	3	278	-1	1
k141_5647	966	2288	1	2
k141_5647	2587	2982	-1	3
k141_5714	3	818	-1	1
k141_5714	869	1687	-1	2
k141_5716	1	216	-1	1
k141_5716	213	473	-1	2
k141_5716	486	1205	-1	3
k141_5716	1202	3670	-1	4
k141_5716	3667	3936	-1	5
k141_5716	3936	4268	-1	6
k141_5716	4265	5203	-1	7
k141_5716	5560	6816	1	8
k141_5716	7262	8161	1	9
k141_5720	2	88	1	1
k141_5720	207	1802	1	2
k141_5720	1825	2973	-1	3
k141_5734	1	993	-1	1
k141_5734	1277	2305	1	2
k141_5734	2310	2801	-1	3
k141_5734	2798	4381	-1	4
k141_5736	40	1113	-1	1
k141_5736	1115	2212	-1	2
k141_5736	2289	3728	-1	3
k141_5775	3	704	-1	1
k141_5775	781	1563	-1	2
k141_5775	1517	1798	-1	3
k141_5775	1807	2133	-1	4
k141_5783	3	314	1	1
k141_5783	421	2040	1	2
k141_5790	3	878	-1	1
k141_5790	1002	1982	1	2
k141_5790	3460	4467	1	3
k141_5795	3	674	-1	1
k141_5795	800	1420	1	2
k141_5795	1461	2987	1	3
k141_5795	2988	4466	1	4
k141_5849	2	331	-1	1
k141_5849	328	1512	-1	2
k141_5849	1509	3515	-1	3
k141_5873	3	596	-1	1
k141_5873	764	1147	1	2
k141_5873	1164	2036	-1	3
k141_5873	2160	2396	1	4
k141_5889	76	777	-1	1
k141_5889	867	1679	-1	2
k141_5889	1684	1962	-1	3
k141_5890	3	1877	1	1
k141_5890	2076	2687	-1	2
k141_5890	2921	3046	-1	3
k141_5890	3240	4667	-1	4
k141_6025	2	112	1	1
k141_6025	303	1679	1	2
k141_6025	1691	2086	1	3
k141_6025	2234	3298	-1	4
k141_6025	3482	4009	-1	5
k141_6030	2	598	1	1
k141_6030	749	1141	1	2
k141_6030	1170	1865	-1	3
k141_6030	1858	2316	-1	4
k141_6030	2451	3296	1	5
k141_6041	33	425	-1	1
k141_6041	418	861	-1	2
k141_6041	1132	1389	-1	3
k141_6041	1399	1929	-1	4
k141_6049	1	324	-1	1
k141_6049	391	1143	-1	2
k141_6049	1271	1792	-1	3
k141_6089	1	192	-1	1
k141_6089	366	788	-1	2
k141_6089	831	2324	-1	3
k141_6089	2523	3383	1	4
k141_6139	3	284	1	1
k141_6139	316	849	1	2
k141_6139	1028	1597	-1	3
k141_6139	1603	2190	-1	4
k141_6140	1	660	1	1
k141_6140	976	2259	-1	2
k141_6140	2438	3067	-1	3
k141_6140	3325	3765	-1	4
k141_6140	3845	4249	-1	5
k141_6143	1	1506	-1	1
k141_6143	1860	3317	-1	2
k141_6143	3364	4074	-1	3
k141_6143	4071	4637	-1	4
k141_6146	1	144	-1	1
k141_6146	200	1477	-1	2
k141_6146	1474	2118	-1	3
k141_6146	2144	3412	-1	4
k141_6150	1	171	-1	1
k141_6150	278	817	-1	2
k141_6150	847	1509	-1	3
k141_6181	2	1063	-1	1
k141_6181	1075	2142	-1	2
k141_6184	2	370	1	1
k141_6184	453	941	1	2
k141_6184	963	2105	1	3
k141_6184	2116	3381	-1	4
k141_6184	3529	4677	1	5
k141_6196	3	818	1	1
k141_6196	930	3269	1	2
k141_6196	3320	4114	1	3
k141_6205	2	2305	1	1
k141_6210	131	1399	1	1
k141_6210	1459	1734	1	2
k141_6218	76	243	-1	1
k141_6218	311	541	-1	2
k141_6218	658	858	-1	3
k141_6218	1008	2669	1	4
k141_6221	3	191	-1	1
k141_6221	871	1197	1	2
k141_6221	1284	2030	1	3
k141_6221	2123	2737	1	4
k141_6221	2749	2964	1	5
k141_6227	1	312	1	1
k141_6227	362	1588	-1	2
k141_6227	1747	3180	-1	3
k141_6227	3373	3558	-1	4
k141_6227	3718	4179	-1	5
k141_6227	4176	4934	-1	6
k141_6227	4931	5059	-1	7
k141_6249	2	235	-1	1
k141_6249	232	1341	-1	2
k141_6249	1350	1724	-1	3
k141_6249	1803	2240	-1	4
k141_6249	2237	2386	-1	5
k141_6251	1	192	1	1
k141_6251	216	671	1	2
k141_6251	682	1851	-1	3
k141_6251	1981	2256	1	4
k141_6251	2262	2573	-1	5
k141_6251	2583	2975	-1	6
k141_6304	2	586	-1	1
k141_6304	675	1274	-1	2
k141_6304	1312	1605	-1	3
k141_6314	2	925	1	1
k141_6314	925	1728	1	2
k141_6314	1725	2486	1	3
k141_6331	3	422	1	1
k141_6331	458	1318	-1	2
k141_6331	1315	1773	-1	3
k141_6331	1994	2551	1	4
k141_6331	2565	3848	1	5
k141_6331	3880	4689	1	6
k141_6331	4715	4975	1	7
k141_6332	1	786	1	1
k141_6332	918	1604	1	2
k141_6332	1826	2638	-1	3
k141_6332	2882	3223	1	4
k141_6332	3227	4882	1	5
k141_6332	4875	5912	1	6
k141_6332	5905	5979	1	7
k141_6346	1	378	1	1
k141_6346	508	1056	-1	2
k141_6346	2417	3154	1	3
k141_6346	3123	4163	1	4
k141_6346	4224	4448	1	5
k141_6346	4467	5078	-1	6
k141_6346	5075	5983	-1	7
k141_6346	5983	6615	-1	8
k141_6360	1	1953	-1	1
k141_6367	2	217	-1	1
k141_6367	380	1786	1	2
k141_6367	1839	2021	-1	3
k141_6367	2169	2351	-1	4
k141_6370	2	610	-1	1
k141_6370	726	1397	1	2
k141_6370	1452	2735	-1	3
k141_6370	2775	5360	-1	4
k141_6370	5541	6245	-1	5
k141_6382	3	230	1	1
k141_6382	258	527	1	2
k141_6382	822	3125	1	3
k141_6382	3314	4015	1	4
k141_6382	4084	4878	1	5
k141_6382	4926	5732	1	6
k141_6400	2	1105	1	1
k141_6400	1112	1507	-1	2
k141_6400	1574	2794	-1	3
k141_6412	1	513	-1	1
k141_6412	760	1740	-1	2
k141_6415	2	556	-1	1
k141_6415	549	869	-1	2
k141_6415	872	1240	-1	3
k141_6415	1298	1582	-1	4
k141_6415	1593	1799	-1	5
k141_6415	1805	2236	-1	6
k141_6415	2248	2574	-1	7
k141_6430	1	354	1	1
k141_6430	351	2543	1	2
k141_6430	2533	2895	1	3
k141_6452	2	973	1	1
k141_6452	967	1599	1	2
k141_6468	2	1033	1	1
k141_6468	1304	2005	-1	2
k141_6505	3	365	-1	1
k141_6505	362	769	-1	2
k141_6505	770	1318	-1	3
k141_6505	1318	2481	-1	4
k141_6511	1	540	-1	1
k141_6511	537	1061	-1	2
k141_6511	1144	3135	-1	3
k141_6519	169	1290	1	1
k141_6519	1287	1736	-1	2
k141_6520	2	274	-1	1
k141_6520	302	943	-1	2
k141_6520	936	1205	-1	3
k141_6520	1336	2211	-1	4
k141_6520	2289	2564	-1	5
k141_6542	3	902	-1	1
k141_6542	949	1878	-1	2
k141_6542	1997	2368	-1	3
k141_6550	1	609	-1	1
k141_6550	606	812	-1	2
k141_6550	923	1828	-1	3
k141_6550	1977	4577	1	4
k141_6605	1	1116	-1	1
k141_6605	1376	1570	1	2
k141_6605	1567	1974	1	3
k141_6605	2275	2991	-1	4
k141_6605	2996	3271	-1	5
k141_6605	3464	3994	-1	6
k141_6605	4089	4340	1	7
k141_6605	4783	5661	-1	8
k141_6605	5658	6257	-1	9
k141_6605	6229	7122	-1	10
k141_6605	7094	7837	-1	11
k141_6631	3	806	-1	1
k141_6631	1121	1810	1	2
k141_6631	1840	2019	1	3
k141_6641	2	1216	-1	1
k141_6641	1285	1590	1	2
k141_6641	1762	3048	1	3
k141_6641	3129	3602	-1	4
k141_6641	3785	5446	1	5
k141_6641	5466	5531	1	6
k141_6645	1	987	-1	1
k141_6645	1128	1691	-1	2
k141_6645	1782	2378	-1	3
k141_6671	35	1579	-1	1
k141_6704	1	2166	1	1
k141_6704	2270	3016	1	2
k141_6704	3087	3902	-1	3
k141_6704	3955	5295	1	4
k141_6704	5289	5735	-1	5
k141_6704	5806	6021	-1	6
k141_6704	6011	6511	-1	7
k141_6713	2	1291	-1	1
k141_6713	1493	1909	1	2
k141_6714	2	421	-1	1
k141_6714	622	1119	1	2
k141_6714	1205	1669	-1	3
k141_6714	1836	3023	-1	4
k141_6714	3181	4614	1	5
k141_6745	2	415	-1	1
k141_6745	444	1970	-1	2
k141_6745	2223	2600	1	3
k141_6745	2687	3112	1	4
k141_6745	3126	5876	-1	5
k141_6745	5912	6739	-1	6
k141_6745	6967	7464	-1	7
k141_6745	7724	8680	-1	8
k141_6745	8681	9463	-1	9
k141_6745	9460	10137	-1	10
k141_6745	10640	11305	-1	11
k141_6745	11360	13231	-1	12
k141_6745	13306	14589	-1	13
k141_6745	14634	14933	-1	14
k141_6749	1	2466	-1	1
k141_6757	1	399	1	1
k141_6757	444	1520	1	2
k141_6784	2	1471	-1	1
k141_6784	1612	2475	-1	2
k141_6784	2628	3098	1	3
k141_6784	3103	3462	-1	4
k141_6813	1	579	-1	1
k141_6813	590	2464	1	2
k141_6825	1	438	-1	1
k141_6825	458	1654	-1	2
k141_6833	3	263	-1	1
k141_6833	582	2708	1	2
k141_6866	3	491	-1	1
k141_6866	488	1501	-1	2
k141_6866	1501	2931	-1	3
k141_6866	2928	4178	-1	4
k141_6866	4348	4851	1	5
k141_6866	4906	5679	-1	6
k141_6866	5690	7228	-1	7
k141_6866	7439	7591	1	8
k141_6873	3	914	1	1
k141_6873	877	1875	1	2
k141_6873	1968	2348	1	3
k141_6927	123	719	-1	1
k141_6927	709	1335	-1	2
k141_6927	1619	2698	-1	3
k141_6927	2825	3178	-1	4
k141_6927	3168	5324	-1	5
k141_6943	3	551	1	1
k141_6943	628	1518	1	2
k141_6945	2	538	-1	1
k141_6945	550	4908	-1	2
k141_6945	5000	5644	-1	3
k141_6945	5789	5944	-1	4
k141_6985	1	144	-1	1
k141_6985	144	2141	-1	2
k141_6988	2	211	-1	1
k141_6988	208	891	-1	2
k141_6988	888	1754	-1	3
k141_6988	1957	2388	1	4
k141_7022	3	1028	1	1
k141_7022	1294	1587	-1	2
k141_7022	1673	1876	-1	3
k141_7022	1951	2109	-1	4
k141_7030	3	1184	-1	1
k141_7030	1415	2983	1	2
k141_7073	2	142	1	1
k141_7073	255	1724	-1	2
k141_7073	1760	2890	1	3
k141_7073	2895	3614	-1	4
k141_7073	3611	4396	-1	5
k141_7074	2	1156	-1	1
k141_7074	1208	3958	-1	2
k141_7082	331	993	1	1
k141_7082	997	1749	1	2
k141_7123	3	119	-1	1
k141_7123	291	1877	-1	2
k141_7132	1	438	1	1
k141_7132	810	2288	-1	2
k141_7136	2	607	-1	1
k141_7136	579	1259	-1	2
k141_7136	1266	2276	-1	3
k141_7136	2280	2654	-1	4
k141_7136	2651	2989	-1	5
k141_7136	3314	5359	1	6
k141_7136	5362	5787	1	7
k141_7136	5784	6806	1	8
k141_7136	6809	7156	1	9
k141_7136	7153	7437	1	10
k141_7136	7431	9005	1	11
k141_7140	2	223	-1	1
k141_7140	223	1599	-1	2
k141_7140	1596	2018	-1	3
k141_7147	2	157	-1	1
k141_7147	164	919	-1	2
k141_7159	2	199	-1	1
k141_7159	431	1180	-1	2
k141_7159	1184	1516	-1	3
k141_7159	1522	2118	-1	4
k141_7159	2088	2426	-1	5
k141_7161	3	101	-1	1
k141_7161	212	1507	-1	2
k141_7175	269	1069	-1	1
k141_7175	1339	2304	1	2
k141_7175	2782	3843	1	3
k141_7175	3876	4661	-1	4
k141_7175	4739	5548	1	5
k141_7175	5559	6473	1	6
k141_7175	6470	7000	1	7
k141_7175	7013	7741	1	8
k141_7175	7828	8328	-1	9
k141_7176	1	531	1	1
k141_7176	543	1700	1	2
k141_7179	2	595	-1	1
k141_7179	1598	2311	1	2
k141_7206	1	66	1	1
k141_7206	109	408	1	2
k141_7206	425	745	1	3
k141_7206	757	1029	1	4
k141_7206	1056	1304	1	5
k141_7206	1333	1617	1	6
k141_7206	1642	1896	1	7
k141_7206	2038	2883	-1	8
k141_7230	2	1198	1	1
k141_7230	1179	1889	1	2
k141_7230	1886	2920	1	3
k141_7232	158	1738	-1	1
k141_7232	1749	3623	-1	2
k141_7251	2	721	-1	1
k141_7251	723	1730	-1	2
k141_7251	1727	2164	-1	3
k141_7264	3	737	1	1
k141_7264	710	1471	-1	2
k141_7297	2	1759	1	1
k141_7344	3	749	-1	1
k141_7344	746	2107	-1	2
k141_7344	2116	2832	-1	3
k141_7367	1	348	-1	1
k141_7367	545	1447	1	2
k141_7367	1578	2651	1	3
k141_7367	2857	3567	1	4
k141_7367	3564	3737	1	5
k141_7383	2	448	1	1
k141_7383	470	1399	-1	2
k141_7383	1553	1873	1	3
k141_7401	1	144	-1	1
k141_7401	197	1345	-1	2
k141_7401	1478	1861	1	3
k141_7401	1864	2037	1	4
k141_7407	3	3095	-1	1
k141_7407	3095	4468	-1	2
k141_7410	1	522	1	1
k141_7410	574	1338	1	2
k141_7410	1921	2223	-1	3
k141_7412	3	494	-1	1
k141_7412	526	1671	-1	2
k141_7412	1826	2815	1	3
k141_7414	3	1409	1	1
k141_7414	1406	2437	1	2
k141_7470	3	2141	1	1
k141_7470	2219	2338	1	2
k141_7481	2	145	1	1
k141_7481	133	429	1	2
k141_7481	431	2062	1	3
k141_7481	2055	2471	1	4
k141_7481	2464	3255	1	5
k141_7481	3279	4790	-1	6
k141_7486	1	825	-1	1
k141_7486	837	2531	-1	2
k141_7486	2647	3258	-1	3
k141_7486	3458	3517	1	4
k141_7488	2	1564	-1	1
k141_7491	1	2046	1	1
k141_7491	2022	3140	1	2
k141_7491	3142	3384	1	3
k141_7506	3	905	1	1
k141_7506	902	1291	1	2
k141_7506	1326	1628	1	3
k141_7527	1	126	-1	1
k141_7527	153	830	1	2
k141_7527	803	1435	-1	3
k141_7527	1540	2031	1	4
k141_7527	2095	2466	1	5
k141_7527	2500	2802	1	6
k141_7531	3	614	1	1
k141_7531	611	1342	1	2
k141_7531	1402	2322	1	3
k141_7535	28	660	-1	1
k141_7535	797	1207	-1	2
k141_7535	1751	1924	-1	3
k141_7535	2088	2756	1	4
k141_7535	2757	2960	-1	5
k141_7535	2960	3064	-1	6
k141_7540	439	963	1	1
k141_7540	993	1925	1	2
k141_7562	3	425	1	1
k141_7562	476	1399	-1	2
k141_7562	1695	2579	-1	3
k141_7562	2579	2950	-1	4
k141_7562	2947	3021	-1	5
k141_7569	1	837	1	1
k141_7569	873	1196	1	2
k141_7569	1201	1563	1	3
k141_7569	1567	2964	1	4
k141_7569	3022	3480	-1	5
k141_7578	3	689	1	1
k141_7578	682	1359	1	2
k141_7578	1406	1879	1	3
k141_7578	1958	3442	1	4
k141_7635	1	1263	1	1
k141_7635	1263	2435	1	2
k141_7635	2442	2666	1	3
k141_7646	1	723	1	1
k141_7646	826	3069	-1	2
k141_7667	2	412	1	1
k141_7667	409	1293	-1	2
k141_7667	1363	2013	1	3
k141_7667	2032	2439	1	4
k141_7673	2	1126	-1	1
k141_7673	1227	1733	-1	2
k141_7674	1	105	1	1
k141_7674	311	790	1	2
k141_7674	784	1482	1	3
k141_7674	1482	1946	1	4
k141_7674	1956	2777	1	5
k141_7674	2783	4147	1	6
k141_7674	4257	4772	1	7
k141_7674	4759	5526	-1	8
k141_7674	5526	5624	-1	9
k141_7683	3	1274	1	1
k141_7683	1271	2725	1	2
k141_7683	2838	3539	1	3
k141_7684	3	356	-1	1
k141_7684	555	812	-1	2
k141_7684	972	2510	-1	3
k141_7684	2525	3034	-1	4
k141_7738	1	756	1	1
k141_7738	745	1854	-1	2
k141_7738	2094	2222	1	3
k141_7738	2283	2462	1	4
k141_7738	2687	5947	-1	5
k141_7756	1	1806	1	1
k141_7756	1867	3120	1	2
k141_7756	3163	3429	-1	3
k141_7761	2	442	-1	1
k141_7761	592	1998	1	2
k141_7811	3	1037	-1	1
k141_7811	1089	1628	-1	2
k141_7811	1943	2092	1	3
k141_7833	1	1734	1	1
k141_7833	2151	3548	-1	2
k141_7834	1	1839	1	1
k141_7834	2048	3355	1	2
k141_7834	3580	3813	-1	3
k141_7834	4079	4723	-1	4
k141_7834	4720	5154	-1	5
k141_7834	5151	5636	-1	6
k141_7834	5650	7182	-1	7
k141_7847	3	545	-1	1
k141_7847	559	648	-1	2
k141_7847	907	3570	1	3
k141_7847	4243	5424	-1	4
k141_7868	3	293	1	1
k141_7868	290	619	1	2
k141_7868	616	1083	1	3
k141_7868	1155	1973	1	4
k141_7868	2241	2804	1	5
k141_7868	2801	3763	1	6
k141_7868	3842	4720	1	7
k141_7869	2	898	1	1
k141_7869	1073	1366	1	2
k141_7869	1423	1779	1	3
k141_7869	1783	2328	-1	4
k141_7869	2376	3473	-1	5
k141_7873	3	512	1	1
k141_7873	516	857	-1	2
k141_7873	903	1349	-1	3
k141_7873	1427	1606	1	4
k141_7880	1	975	-1	1
k141_7880	975	1688	-1	2
k141_7883	2	811	-1	1
k141_7883	811	1302	-1	2
k141_7883	1289	1888	-1	3
k141_7894	99	1229	1	1
k141_7894	1262	1663	-1	2
k141_7894	1715	2437	-1	3
k141_7894	2437	2730	-1	4
k141_7894	2740	3996	-1	5
k141_7894	4190	4636	-1	6
k141_7894	4658	5686	-1	7
k141_7894	6034	6249	1	8
k141_7917	1	207	1	1
k141_7917	204	1217	1	2
k141_7917	1258	2682	-1	3
k141_7917	2796	4922	1	4
k141_7917	5027	5152	1	5
k141_7924	47	1204	-1	1
k141_7924	1489	2883	1	2
k141_7924	2880	4253	-1	3
k141_7924	4303	4584	-1	4
k141_7962	3	224	1	1
k141_7962	229	489	1	2
k141_7962	493	966	1	3
k141_7962	1540	2103	1	4
k141_7976	1	843	-1	1
k141_7976	882	1544	1	2
k141_7976	1531	1602	1	3
k141_7978	3	2483	-1	1
k141_7978	2480	2740	-1	2
k141_7978	2948	3274	1	3
k141_7990	1	537	1	1
k141_7990	643	1545	1	2
k141_8002	1	1698	-1	1
k141_8002	1787	2212	1	2
k141_8002	2288	4966	1	3
k141_8002	5080	5466	-1	4
k141_8029	3	203	-1	1
k141_8029	406	876	-1	2
k141_8029	944	1516	-1	3
k141_8029	1697	1813	1	4
k141_8045	3	1088	-1	1
k141_8045	1362	2306	-1	2
k141_8045	2303	2515	-1	3
k141_8045	2595	3791	-1	4
k141_8056	3	1028	1	1
k141_8056	982	1767	1	2
k141_8056	1831	2223	1	3
k141_8056	2261	2809	-1	4
k141_8060	1	1095	-1	1
k141_8060	1267	1971	1	2
k141_8060	2020	2889	1	3
k141_8060	2868	3089	-1	4
k141_8061	2	619	1	1
k141_8061	843	1235	1	2
k141_8061	1415	1537	-1	3
k141_8061	1678	1953	1	4
k141_8078	2	463	1	1
k141_8078	578	1708	1	2
k141_8078	1812	2192	1	3
k141_8078	2207	3205	-1	4
k141_8083	653	1237	1	1
k141_8083	1237	1506	1	2
k141_8084	2	346	1	1
k141_8084	456	1625	1	2
k141_8084	1629	1697	1	3
k141_8115	2	640	-1	1
k141_8115	784	1119	1	2
k141_8115	1125	2174	1	3
k141_8115	2171	3967	1	4
k141_8132	3	1559	1	1
k141_8132	1571	2830	1	2
k141_8139	3	800	1	1
k141_8139	804	1295	1	2
k141_8139	1279	1761	1	3
k141_8139	1751	2122	1	4
k141_8139	2119	2322	1	5
k141_8170	1	1197	-1	1
k141_8170	1204	1863	-1	2
k141_8170	1866	2933	-1	3
k141_8173	2	2314	-1	1
k141_8173	2339	2983	-1	2
k141_8173	3112	3570	1	3
k141_8185	1	228	1	1
k141_8185	242	607	1	2
k141_8185	947	1843	1	3
k141_8185	2002	3096	1	4
k141_8185	3093	4670	1	5
k141_8197	1	129	-1	1
k141_8197	306	2108	1	2
k141_8197	2137	2673	1	3
k141_8197	2699	3124	-1	4
k141_8197	3353	3658	-1	5
k141_8219	2	1309	1	1
k141_8219	1287	3065	-1	2
k141_8242	3	644	1	1
k141_8242	660	1280	-1	2
k141_8242	1406	1813	-1	3
k141_8242	2008	2235	1	4
k141_8242	2232	2864	1	5
k141_8242	2945	4138	1	6
k141_8242	4138	4899	1	7
k141_8242	4896	5444	1	8
k141_8248	1	366	1	1
k141_8248	400	2364	-1	2
k141_8248	2464	3765	1	3
k141_8261	2	844	1	1
k141_8261	861	1898	1	2
k141_8261	1952	2479	-1	3
k141_8280	2	1144	-1	1
k141_8280	1198	2193	-1	2
k141_8280	2193	2498	-1	3
k141_8281	3	686	-1	1
k141_8281	823	2034	1	2
k141_8281	2076	2531	1	3
k141_8281	2536	3048	-1	4
k141_8281	3132	3659	-1	5
k141_8281	3661	5484	-1	6
k141_8281	5684	6730	1	7
k141_8281	6816	7067	1	8
k141_8288	2	535	-1	1
k141_8288	532	639	-1	2
k141_8288	872	3052	-1	3
k141_8288	3235	4167	-1	4
k141_8288	4283	4729	-1	5
k141_8288	4837	5004	-1	6
k141_8296	1	717	-1	1
k141_8296	707	1840	-1	2
k141_8305	2	382	1	1
k141_8305	448	564	1	2
k141_8305	589	711	1	3
k141_8305	795	1574	1	4
k141_8305	1706	2782	1	5
k141_8305	2959	3777	-1	6
k141_8316	3	452	1	1
k141_8316	527	1411	1	2
k141_8316	1658	2026	1	3
k141_8316	2032	3657	1	4
k141_8323	2	436	1	1
k141_8323	433	1029	1	2
k141_8323	1383	1889	1	3
k141_8323	1886	2200	1	4
k141_8330	2	385	-1	1
k141_8330	378	1880	-1	2
k141_8330	1877	4036	-1	3
k141_8330	4043	4921	-1	4
k141_8330	5087	7786	-1	5
k141_8330	7870	8145	-1	6
k141_8333	2	1354	-1	1
k141_8333	1453	1662	1	2
k141_8341	2	220	1	1
k141_8341	225	515	1	2
k141_8341	616	1290	1	3
k141_8341	1292	1516	1	4
k141_8389	95	907	-1	1
k141_8389	1020	1472	1	2
k141_8389	1628	2206	-1	3
k141_8390	3	1271	1	1
k141_8390	1271	2290	1	2
k141_8391	1	1674	1	1
k141_8391	1755	2852	1	2
k141_8391	2901	3200	1	3
k141_8391	3247	3648	-1	4
k141_8421	2	286	-1	1
k141_8421	446	1873	-1	2
k141_8421	2053	2607	-1	3
k141_8421	2715	2924	-1	4
k141_8421	3068	3469	-1	5
k141_8421	3471	4655	1	6
k141_8421	4666	5193	-1	7
k141_8441	2	1108	1	1
k141_8441	1146	3443	-1	2
k141_8441	3501	4217	-1	3
k141_8449	1	309	-1	1
k141_8449	306	1157	-1	2
k141_8449	1154	1996	-1	3
k141_8449	2000	2977	-1	4
k141_8453	1	405	-1	1
k141_8453	528	1178	1	2
k141_8453	1370	2164	1	3
k141_8453	2167	2964	1	4
k141_8473	1	1050	1	1
k141_8473	996	1787	-1	2
k141_8483	2	229	-1	1
k141_8483	236	1777	-1	2
k141_8483	1866	2321	-1	3
k141_8483	2640	2882	-1	4
k141_8492	1	2073	-1	1
k141_8492	2166	2402	-1	2
k141_8497	3	254	-1	1
k141_8497	691	1467	-1	2
k141_8497	1566	2243	-1	3
k141_8497	2415	4028	-1	4
k141_8497	4243	5256	-1	5
k141_8512	3	782	1	1
k141_8512	771	2675	-1	2
k141_8512	2672	3097	-1	3
k141_8512	3094	3624	-1	4
k141_8512	3782	4762	-1	5
k141_8517	3	1529	1	1
k141_8517	1630	2628	-1	2
k141_8517	2736	3413	1	3
k141_8517	3410	3814	1	4
k141_8519	1	663	1	1
k141_8519	669	1982	1	2
k141_8519	2014	4512	-1	3
k141_8545	2	733	-1	1
k141_8545	846	1574	-1	2
k141_8545	1571	2716	-1	3
k141_8545	2713	3966	-1	4
k141_8545	4405	5187	-1	5
k141_8559	3	254	1	1
k141_8559	304	642	1	2
k141_8559	708	1943	1	3
k141_8559	1940	3202	1	4
k141_8559	3220	6381	1	5
k141_8559	6499	6717	1	6
k141_8564	2	880	1	1
k141_8564	1018	1275	-1	2
k141_8564	1673	2302	1	3
k141_8565	72	575	1	1
k141_8565	594	1553	-1	2
k141_8565	1648	2553	-1	3
k141_8565	2553	3155	-1	4
k141_8587	1	1401	1	1
k141_8587	1398	1703	1	2
k141_8587	1840	2361	-1	3
k141_8587	2475	3074	1	4
k141_8587	3035	3511	-1	5
k141_8587	3508	3828	-1	6
k141_8622	120	1475	-1	1
k141_8640	2	529	1	1
k141_8640	798	1547	1	2
k141_8644	3	248	-1	1
k141_8644	320	3328	-1	2
k141_8646	3	1253	-1	1
k141_8646	1348	2100	-1	2
k141_8663	1	1260	1	1
k141_8663	1257	1679	-1	2
k141_8668	1	219	1	1
k141_8668	295	3096	-1	2
k141_8668	3814	4245	-1	3
k141_8678	1	285	-1	1
k141_8678	410	2353	-1	2
k141_8678	2615	3940	1	3
k141_8678	4053	4781	1	4
k141_8682	2	1984	-1	1
k141_8685	1	606	1	1
k141_8685	796	1791	-1	2
k141_8685	1791	3425	-1	3
k141_8685	3422	4291	-1	4
k141_8687	3	266	1	1
k141_8687	474	806	1	2
k141_8687	854	1645	1	3
k141_8687	1687	1755	1	4
k141_8688	1	696	-1	1
k141_8688	707	1480	-1	2
k141_8688	1477	2103	-1	3
k141_8696	3	230	1	1
k141_8696	258	1187	1	2
k141_8696	1197	2144	1	3
k141_8696	2276	3787	1	4
k141_8696	3857	4021	-1	5
k141_8696	4160	4330	-1	6
k141_8696	4438	4824	1	7
k141_8696	4841	5785	-1	8
k141_8724	2	925	1	1
k141_8724	898	1788	1	2
k141_8737	2	316	-1	1
k141_8737	316	2046	-1	2
k141_8754	3	941	-1	1
k141_8754	1005	1736	-1	2
k141_8767	1	285	1	1
k141_8767	272	1102	1	2
k141_8767	1099	1830	1	3
k141_8771	3	1889	-1	1
k141_8781	3	428	1	1
k141_8781	468	1343	1	2
k141_8781	1365	2336	-1	3
k141_8781	2340	3032	-1	4
k141_8781	3072	4418	-1	5
k141_8784	3	227	1	1
k141_8784	320	1660	-1	2
k141_8796	2	1255	-1	1
k141_8796	1471	3528	1	2
k141_8796	3525	4106	1	3
k141_8796	4103	4369	1	4
k141_8800	72	1061	-1	1
k141_8800	1019	2056	-1	2
k141_8800	2503	2610	-1	3
k141_8800	2652	3110	-1	4
k141_8800	3125	5461	-1	5
k141_8842	1	447	1	1
k141_8842	448	2811	-1	2
k141_8862	1	846	1	1
k141_8862	1410	2420	1	2
k141_8862	2417	3388	1	3
k141_8862	3360	3533	-1	4
k141_8862	3537	4250	-1	5
k141_8883	2	1504	-1	1
k141_8883	1563	3122	-1	2
k141_8897	132	968	-1	1
k141_8897	1113	2414	-1	2
k141_8897	2419	3000	-1	3
k141_8912	1	1224	1	1
k141_8912	1250	1672	1	2
k141_8919	2	925	-1	1
k141_8919	922	1212	-1	2
k141_8919	1653	2375	-1	3
k141_8934	1	840	1	1
k141_8934	886	1791	1	2
k141_8955	1	1005	1	1
k141_8955	1002	1604	1	2
k141_8958	3	137	1	1
k141_8958	134	1624	1	2
k141_8967	1	177	1	1
k141_8967	229	1572	1	2
k141_8967	1582	2376	1	3
k141_8967	2589	2957	1	4
k141_8967	3061	3450	1	5
k141_8967	3563	4474	1	6
k141_8983	3	173	1	1
k141_8983	303	1499	1	2
k141_8983	1577	2467	1	3
k141_8983	2477	2671	1	4
k141_9005	3	1325	-1	1
k141_9005	1767	2636	-1	2
k141_9005	2899	4053	1	3
k141_9005	4191	5381	1	4
k141_9009	2	130	-1	1
k141_9009	224	388	-1	2
k141_9009	734	1084	1	3
k141_9009	1074	2222	1	4
k141_9011	2	1621	-1	1
k141_9025	2	562	1	1
k141_9025	549	1304	1	2
k141_9025	1332	1976	1	3
k141_9025	1984	2100	1	4
k141_9036	2	205	-1	1
k141_9036	211	1062	-1	2
k141_9036	1062	1466	-1	3
k141_9036	1463	1714	-1	4
k141_9036	1711	2457	-1	5
k141_9036	2454	3038	-1	6
k141_9036	3270	4118	1	7
k141_9042	158	1258	1	1
k141_9042	1280	1759	-1	2
k141_9042	1817	2524	-1	3
k141_9042	2567	3610	-1	4
k141_9053	343	1428	1	1
k141_9053	1544	2095	1	2
k141_9053	2203	2730	-1	3
k141_9084	2	1237	-1	1
k141_9084	1306	3612	-1	2
k141_9084	3717	4865	1	3
k141_9084	4945	5133	1	4
k141_9085	1	969	1	1
k141_9085	1470	1937	1	2
k141_9088	113	991	1	1
k141_9088	988	2640	1	2
k141_9088	2642	3571	1	3
k141_9100	3	548	-1	1
k141_9100	727	1119	1	2
k141_9100	1252	1881	1	3
k141_9109	1	213	-1	1
k141_9109	213	1433	-1	2
k141_9109	1441	1902	-1	3
k141_9109	1899	3089	-1	4
k141_9109	3114	4256	-1	5
k141_9109	4301	5044	-1	6
k141_9109	5109	5285	1	7
k141_9131	1	1857	-1	1
k141_9131	2214	3209	1	2
k141_9133	1	648	1	1
k141_9133	798	1559	-1	2
k141_9155	3	356	1	1
k141_9155	440	598	-1	2
k141_9155	702	1619	1	3
k141_9155	1674	1943	1	4
k141_9155	1936	2316	1	5
k141_9155	2324	3061	1	6
k141_9155	3066	3440	1	7
k141_9155	3549	4226	1	8
k141_9192	1	309	1	1
k141_9192	392	1564	1	2
k141_9192	1572	2303	1	3
k141_9192	2368	2709	-1	4
k141_9217	1	894	1	1
k141_9217	1156	1827	-1	2
k141_9226	3	1178	-1	1
k141_9226	1267	2319	1	2
k141_9226	2394	3536	1	3
k141_9226	3533	4150	1	4
k141_9226	4190	4597	1	5
k141_9226	4700	5665	1	6
k141_9236	2	907	1	1
k141_9236	1021	1761	1	2
k141_9236	1766	2458	1	3
k141_9236	2478	3251	-1	4
k141_9236	3248	3721	-1	5
k141_9251	1	366	-1	1
k141_9251	911	1165	-1	2
k141_9251	1285	2478	1	3
k141_9251	2651	3445	1	4
k141_9269	1	318	1	1
k141_9269	315	1409	1	2
k141_9269	1406	2824	1	3
k141_9269	2946	3284	1	4
k141_9285	2	970	-1	1
k141_9285	1096	1845	-1	2
k141_9285	1881	2618	-1	3
k141_9285	2618	3205	-1	4
k141_9285	3220	4260	1	5
k141_9285	4257	4436	1	6
k141_9317	58	1662	-1	1
k141_9317	1768	2256	1	2
k141_9317	2163	2780	-1	3
k141_9317	2919	3653	1	4
k141_9317	3801	4139	-1	5
k141_9326	3	614	-1	1
k141_9326	611	1102	-1	2
k141_9326	1443	2096	1	3
k141_9326	2310	3578	1	4
k141_9326	3854	6433	1	5
k141_9326	6543	6956	-1	6
k141_9326	7082	7753	-1	7
k141_9339	2	535	1	1
k141_9339	538	1293	1	2
k141_9339	1280	1738	1	3
k141_9339	1777	2331	1	4
k141_9339	2408	2647	1	5
k141_9342	39	1214	-1	1
k141_9342	1222	2577	1	2
k141_9342	2702	2857	-1	3
k141_9342	2961	3551	-1	4
k141_9342	3548	4186	-1	5
k141_9342	4195	4812	-1	6
k141_9342	5061	5630	1	7
k141_9372	14	1039	-1	1
k141_9372	1193	1921	1	2
k141_9372	1918	2562	1	3
k141_9372	2586	3158	1	4
k141_9372	3226	3819	-1	5
k141_9372	3839	4402	-1	6
k141_9373	2	514	-1	1
k141_9373	516	902	-1	2
k141_9373	921	1613	-1	3
k141_9379	2	205	1	1
k141_9379	202	1056	1	2
k141_9379	1099	2034	1	3
k141_9379	2134	2631	1	4
k141_9400	2	1084	1	1
k141_9400	1180	2475	1	2
k141_9400	2610	3020	-1	3
k141_9411	1	1887	1	1
k141_9411	1884	2333	-1	2
k141_9411	3203	3442	1	3
k141_9411	3446	3874	1	4
k141_9411	3993	4154	1	5
k141_9411	4488	4607	1	6
k141_9422	1	999	-1	1
k141_9422	1128	1448	1	2
k141_9422	1487	2131	1	3
k141_9422	2134	2391	-1	4
k141_9424	3	320	-1	1
k141_9424	317	1585	-1	2
k141_9424	1608	2630	-1	3
k141_9427	1	1470	-1	1
k141_9427	1482	1901	-1	2
k141_9433	121	876	1	1
k141_9433	1067	1558	1	2
k141_9433	1881	2174	1	3
k141_9456	2	271	1	1
k141_9456	282	1451	1	2
k141_9456	1575	2345	1	3
k141_9459	3	167	1	1
k141_9459	167	781	1	2
k141_9459	845	1579	1	3
k141_9459	1638	1949	1	4
k141_9459	2078	2212	1	5
k141_9459	2233	2571	1	6
k141_9459	2636	2848	1	7
k141_9476	2	640	1	1
k141_9476	642	3041	1	2
k141_9476	3377	4516	-1	3
k141_9476	4615	4878	-1	4
k141_9482	2	1126	-1	1
k141_9482	1127	1618	-1	2
k141_9482	1659	2219	-1	3
k141_9489	2	94	-1	1
k141_9489	176	838	-1	2
k141_9489	1024	1767	1	3
k141_9492	3	443	1	1
k141_9492	440	1021	1	2
k141_9492	1004	1666	-1	3
k141_9492	1659	2258	-1	4
k141_9502	2	115	1	1
k141_9502	112	759	1	2
k141_9502	784	1401	1	3
k141_9502	1471	1635	1	4
k141_9530	2	892	1	1
k141_9530	956	1867	1	2
k141_9530	1864	1932	1	3
k141_9539	3	302	-1	1
k141_9539	428	1432	1	2
k141_9539	1435	1764	-1	3
k141_9546	378	836	1	1
k141_9546	912	1799	1	2
k141_9546	1907	2209	-1	3
k141_9557	1	2391	1	1
k141_9597	84	1568	1	1
k141_9597	1565	2350	1	2
k141_9597	2347	2826	-1	3
k141_9619	3	725	1	1
k141_9619	730	1746	-1	2
k141_9619	1825	1971	-1	3
k141_9622	3	182	-1	1
k141_9622	188	775	-1	2
k141_9622	814	2268	-1	3
k141_9641	160	1380	-1	1
k141_9641	1377	1805	-1	2
k141_9641	1883	2110	-1	3
k141_9654	246	2192	1	1
k141_9660	3	1766	1	1
k141_9660	1763	1975	1	2
k141_9679	1	189	-1	1
k141_9679	216	740	-1	2
k141_9679	742	1185	-1	3
k141_9679	1224	2435	-1	4
k141_9679	2432	4213	-1	5
k141_9679	4387	4527	-1	6
k141_9680	65	697	-1	1
k141_9680	694	1218	-1	2
k141_9680	1226	1678	-1	3
k141_9680	1830	3386	-1	4
k141_9680	3383	3622	-1	5
k141_9681	1	993	1	1
k141_9681	1121	1828	1	2
k141_9692	2	556	-1	1
k141_9692	732	1448	1	2
k141_9692	1657	2262	1	3
k141_9698	1	138	-1	1
k141_9698	304	1656	-1	2
k141_9698	1722	2426	-1	3
k141_9700	2	1264	1	1
k141_9700	1254	1778	1	2
k141_9712	1	2451	1	1
k141_9712	2669	3685	1	2
k141_9712	3704	3988	-1	3
k141_9734	2	172	1	1
k141_9734	197	1330	-1	2
k141_9734	1450	3354	-1	3
k141_9734	3517	4050	1	4
k141_9734	4056	4538	1	5
k141_9740	2	199	-1	1
k141_9740	1089	1514	-1	2
k141_9767	3	1712	-1	1
k141_9777	2	517	1	1
k141_9777	527	1468	1	2
k141_9777	1480	2079	1	3
k141_9779	1	639	1	1
k141_9779	1088	1687	-1	2
k141_9779	2125	2895	1	3
k141_9782	1	669	-1	1
k141_9782	815	2293	1	2
k141_9782	2458	2598	-1	3
k141_9786	2	1252	-1	1
k141_9786	1325	2044	1	2
k141_9786	2055	2711	1	3
k141_9786	2934	3290	-1	4
k141_9788	1	606	-1	1
k141_9788	678	2039	-1	2
k141_9788	2053	2532	-1	3
k141_9788	2601	3041	-1	4
k141_9788	3120	3320	1	5
k141_9788	3320	3670	1	6
k141_9788	3673	4287	1	7
k141_9791	1	2652	-1	1
k141_9791	2591	3928	-1	2
k141_9791	4151	5635	1	3
k141_9806	1	255	1	1
k141_9806	269	775	1	2
k141_9806	772	1620	1	3
k141_9842	256	2256	1	1
k141_9842	2413	3792	1	2
k141_9885	2	784	1	1
k141_9885	781	1392	-1	2
k141_9885	1519	2016	1	3
k141_9897	2	907	1	1
k141_9897	907	1593	1	2
k141_9897	1632	2030	1	3
k141_9897	2033	2278	1	4
k141_9900	2	463	-1	1
k141_9900	714	836	1	2
k141_9900	847	1968	1	3
k141_9900	2080	2661	1	4
k141_9900	2816	3097	1	5
k141_9900	3294	4403	1	6
k141_9901	1	327	-1	1
k141_9901	398	1852	1	2
k141_9901	1890	3176	1	3
k141_9911	1	99	-1	1
k141_9911	107	1099	-1	2
k141_9911	1099	1572	-1	3
k141_9920	1	909	1	1
k141_9920	965	2422	-1	2
k141_9920	2629	3333	1	3
k141_9931	3	257	-1	1
k141_9931	307	1161	-1	2
k141_9931	1158	1988	-1	3
k141_9931	2086	2253	1	4
k141_9947	211	675	-1	1
k141_9947	741	1136	-1	2
k141_9947	1338	1808	1	3
k141_9947	1827	2465	-1	4
k141_9947	2462	2632	-1	5
k141_9947	2637	2927	-1	6
k141_9947	2949	3533	-1	7
k141_9947	3535	4716	-1	8
k141_9947	4787	5245	-1	9
k141_9947	5339	6523	-1	10
k141_9947	6550	7557	-1	11
k141_9947	7616	7984	-1	12
k141_9952	2	217	1	1
k141_9952	1236	2138	1	2
k141_9952	2320	3276	-1	3
k141_9952	3330	4646	1	4
k141_9968	2	118	1	1
k141_9968	216	617	1	2
k141_9968	676	1266	1	3
k141_9968	1315	1878	1	4
k141_9968	1878	2081	1	5
k141_9970	2	721	-1	1
k141_9970	718	1641	-1	2
k141_9970	1847	2062	1	3
k141_9970	2031	2474	1	4
k141_9970	2532	3485	1	5
k141_9970	3599	4381	1	6
k141_9972	3	233	-1	1
k141_9972	315	1073	1	2
k141_9972	1092	2366	-1	3
k141_9972	2610	3149	1	4
k141_9972	3157	3612	1	5
k141_9972	3612	4016	1	6
k141_9972	4000	4389	1	7
k141_9972	4484	4702	1	8
k141_9972	4743	5021	-1	9
k141_9972	5091	7565	-1	10
k141_9972	7573	8586	-1	11
k141_9972	8696	8983	1	12
k141_9972	8980	9672	1	13
k141_9972	10049	11449	-1	14
k141_9972	11461	11898	-1	15
k141_9981	3	428	-1	1
k141_9981	554	1273	-1	2
k141_9981	1325	1762	-1	3
k141_9983	2	109	-1	1
k141_9983	106	723	-1	2
k141_9983	786	2201	-1	3
k141_9983	2505	3605	-1	4
k141_9983	3602	3775	-1	5
k141_9984	3	848	-1	1
k141_9984	918	2678	-1	2
k141_9984	2774	2965	-1	3
k141_9990	1	1677	-1	1
k141_9990	2172	4061	-1	2
k141_9991	16	423	1	1
k141_9991	576	1499	-1	2
k141_9991	1720	2106	1	3
k141_10046	23	727	-1	1
k141_10046	724	1902	-1	2
k141_10046	1899	2099	-1	3
k141_10046	2151	4115	-1	4
k141_10046	4956	5276	-1	5
k141_10052	2	1963	1	1
k141_10052	1963	3732	1	2
k141_10058	1	624	-1	1
k141_10058	621	1748	-1	2
k141_10058	1880	2368	1	3
k141_10058	2344	2490	-1	4
k141_10058	2500	3057	-1	5
k141_10070	2	2059	1	1
k141_10070	2056	3111	1	2
k141_10074	2	472	-1	1
k141_10074	739	1227	-1	2
k141_10074	1272	1478	-1	3
k141_10074	1485	1670	-1	4
k141_10074	1675	2400	-1	5
k141_10074	2400	2756	-1	6
k141_10074	2760	3293	-1	7
k141_10074	3293	3655	-1	8
k141_10094	1	675	-1	1
k141_10094	682	1146	-1	2
k141_10094	1156	1797	-1	3
k141_10094	1794	2072	-1	4
k141_10094	2162	2524	1	5
k141_10094	2540	3016	-1	6
k141_10094	3013	4293	-1	7
k141_10094	4516	4683	-1	8
k141_10094	4906	5571	-1	9
k141_10096	1	933	-1	1
k141_10096	1108	1533	1	2
k141_10100	2	310	-1	1
k141_10100	307	525	-1	2
k141_10100	611	1477	-1	3
k141_10100	1474	2670	-1	4
k141_10100	2750	4012	-1	5
k141_10149	3	524	-1	1
k141_10149	551	1561	-1	2
k141_10149	1611	2786	1	3
k141_10175	3	197	-1	1
k141_10175	247	1233	-1	2
k141_10175	1235	2527	-1	3
k141_10180	1	342	1	1
k141_10180	464	1210	1	2
k141_10180	1394	1759	1	3
k141_10180	1761	2252	-1	4
k141_10180	2360	3091	1	5
k141_10180	3278	3877	1	6
k141_10180	3954	4493	-1	7
k141_10185	2	511	1	1
k141_10185	574	1467	1	2
k141_10185	1587	1817	1	3
k141_10201	1	630	1	1
k141_10201	630	1751	1	2
k141_10201	1748	2518	1	3
k141_10201	2562	3557	1	4
k141_10204	3	782	-1	1
k141_10204	767	1441	-1	2
k141_10204	1459	1719	-1	3
k141_10204	1730	2728	-1	4
k141_10204	2764	4296	1	5
k141_10204	4293	5522	1	6
k141_10204	5696	6352	1	7
k141_10204	6401	6484	1	8
k141_10218	1	894	-1	1
k141_10218	999	1328	1	2
k141_10218	1383	1625	1	3
k141_10218	1654	1971	1	4
k141_10218	2044	2790	1	5
k141_10218	2902	3372	1	6
k141_10218	3392	4192	-1	7
k141_10218	4662	6416	1	8
k141_10223	2	175	1	1
k141_10223	243	1628	1	2
k141_10224	137	1072	-1	1
k141_10224	1143	1892	-1	2
k141_10224	2059	2571	1	3
k141_10224	2603	3169	1	4
k141_10233	2	1024	-1	1
k141_10233	1021	1608	-1	2
k141_10233	1608	1925	-1	3
k141_10233	2029	3255	1	4
k141_10233	3330	3671	1	5
k141_10233	3804	5531	-1	6
k141_10247	1	1098	1	1
k141_10247	1103	1786	1	2
k141_10247	1783	2199	1	3
k141_10255	1	219	-1	1
k141_10255	487	2133	1	2
k141_10272	999	2531	-1	1
k141_10272	2619	3182	1	2
k141_10276	148	726	1	1
k141_10276	719	1753	1	2
k141_10276	1989	2891	1	3
k141_10320	2	1165	-1	1
k141_10320	1227	1829	-1	2
k141_10328	3	674	1	1
k141_10328	675	1781	-1	2
k141_10328	1901	3070	1	3
k141_10328	3169	3237	1	4
k141_10349	2	415	-1	1
k141_10349	537	1358	-1	2
k141_10349	1466	2011	-1	3
k141_10349	2039	2416	-1	4
k141_10353	121	792	-1	1
k141_10353	819	1739	1	2
k141_10353	1918	2598	1	3
k141_10368	2	796	-1	1
k141_10368	822	1988	-1	2
k141_10369	1	123	-1	1
k141_10369	203	1159	-1	2
k141_10369	1156	2856	-1	3
k141_10369	2853	2993	-1	4
k141_10370	797	2320	1	1
k141_10370	2359	2784	-1	2
k141_10370	2918	3220	1	3
k141_10370	3217	3612	1	4
k141_10370	3619	4047	-1	5
k141_10378	27	1742	-1	1
k141_10395	3	110	1	1
k141_10395	157	819	1	2
k141_10395	831	1271	-1	3
k141_10395	1580	1756	1	4
k141_10395	1779	2195	1	5
k141_10415	2	454	1	1
k141_10415	451	1809	1	2
k141_10415	1857	2558	1	3
k141_10415	2565	3077	1	4
k141_10415	3074	4069	-1	5
k141_10415	4066	4194	-1	6
k141_10419	321	521	1	1
k141_10419	518	1753	-1	2
k141_10419	2216	2941	1	3
k141_10429	3	1922	1	1
k141_10432	2	367	-1	1
k141_10432	364	1551	-1	2
k141_10432	1698	2138	1	3
k141_10434	360	1565	1	1
k141_10435	2	526	-1	1
k141_10435	541	969	-1	2
k141_10435	1040	1393	-1	3
k141_10435	1390	1794	-1	4
k141_10435	1920	2534	-1	5
k141_10455	2	994	1	1
k141_10455	1102	1761	1	2
k141_10455	2080	3234	1	3
k141_10455	3237	3443	1	4
k141_10473	3	1325	1	1
k141_10473	1335	2243	-1	2
k141_10473	2332	3345	1	3
k141_10479	1	141	1	1
k141_10479	138	1277	1	2
k141_10479	1274	2851	1	3
k141_10479	2848	3399	1	4
k141_10510	1	501	-1	1
k141_10510	511	1098	-1	2
k141_10510	1109	3139	-1	3
k141_10510	3152	4300	-1	4
k141_10515	2	589	1	1
k141_10515	626	2044	1	2
k141_10532	2	1837	1	1
k141_10532	1834	2736	-1	2
k141_10535	2	475	1	1
k141_10535	479	1264	1	2
k141_10535	1261	1575	1	3
k141_10542	1	84	-1	1
k141_10542	123	758	-1	2
k141_10542	760	1281	-1	3
k141_10542	1413	1919	1	4
k141_10542	1916	2095	1	5
k141_10542	2242	3420	1	6
k141_10542	3572	5341	1	7
k141_10542	5541	6518	1	8
k141_10556	330	572	1	1
k141_10556	590	1702	-1	2
k141_10581	168	1013	-1	1
k141_10581	1200	1691	-1	2
k141_10596	1	1788	-1	1
k141_10596	1989	2645	1	2
k141_10602	2	76	1	1
k141_10602	178	342	-1	2
k141_10602	490	942	1	3
k141_10602	939	2129	1	4
k141_10607	212	685	1	1
k141_10607	688	1203	-1	2
k141_10607	1242	1520	-1	3
k141_10608	2	385	1	1
k141_10608	378	1964	1	2
k141_10608	2018	2464	1	3
k141_10608	2461	3399	1	4
k141_10608	3414	3800	1	5
k141_10625	3	1046	1	1
k141_10625	1061	1765	-1	2
k141_10635	1	345	1	1
k141_10635	614	985	1	2
k141_10635	1249	1911	1	3
k141_10645	2	109	1	1
k141_10645	299	1078	1	2
k141_10645	1082	2197	1	3
k141_10654	3	656	1	1
k141_10654	656	1579	1	2
k141_10654	1576	1893	1	3
k141_10696	1	309	-1	1
k141_10696	398	1888	-1	2
k141_10696	1888	2838	-1	3
k141_10696	2835	3488	-1	4
k141_10712	2	436	1	1
k141_10712	438	698	1	2
k141_10712	841	2100	1	3
k141_10712	2252	2665	1	4
k141_10742	3	629	1	1
k141_10742	676	2172	1	2
k141_10742	2192	2869	-1	3
k141_10761	1	1194	-1	1
k141_10761	1262	1693	-1	2
k141_10761	1761	2300	-1	3
k141_10761	2287	2667	-1	4
k141_10761	2808	3149	1	5
k141_10766	3	1217	1	1
k141_10766	1269	2558	1	2
k141_10766	2831	4441	1	3
k141_10775	3	971	1	1
k141_10775	1009	1677	1	2
k141_10780	3	416	1	1
k141_10780	488	1621	1	2
k141_10780	1618	1947	1	3
k141_10780	1997	2926	-1	4
k141_10780	2923	3855	-1	5
k141_10780	3855	4535	-1	6
k141_10780	4532	5488	-1	7
k141_10780	5580	6719	1	8
k141_10780	6724	7689	1	9
k141_10820	1	372	-1	1
k141_10820	369	1100	-1	2
k141_10820	1256	1975	-1	3
k141_10820	2011	2685	-1	4
k141_10820	2744	3157	-1	5
k141_10820	3181	3855	-1	6
k141_10820	3905	4348	-1	7
k141_10820	4419	5120	-1	8
k141_10820	5287	6795	1	9
k141_10820	6795	7100	1	10
k141_10821	2	463	1	1
k141_10821	571	1350	1	2
k141_10821	1368	2969	1	3
k141_10821	2941	4548	-1	4
k141_10821	4697	5269	1	5
k141_10824	2	232	1	1
k141_10824	229	567	1	2
k141_10824	564	1892	1	3
k141_10824	1906	2424	1	4
k141_10826	2	253	1	1
k141_10826	250	741	-1	2
k141_10826	858	1406	-1	3
k141_10826	1438	1590	-1	4
k141_10828	285	1175	1	1
k141_10828	1319	2650	1	2
k141_10828	2647	3105	-1	3
k141_10828	3154	3510	1	4
k141_10839	2	310	1	1
k141_10839	327	959	-1	2
k141_10839	964	1632	-1	3
k141_10839	1845	2318	-1	4
k141_10839	2391	2942	-1	5
k141_10848	1	126	-1	1
k141_10848	212	1354	1	2
k141_10848	1444	1620	1	3
k141_10848	1651	2103	-1	4
k141_10848	2100	2255	-1	5
k141_10859	155	958	-1	1
k141_10859	1081	2199	-1	2
k141_10859	2349	3530	-1	3
k141_10859	3703	4263	1	4
k141_10867	426	1421	1	1
k141_10867	1920	2126	1	2
k141_10867	2130	2384	1	3
k141_10867	2428	2583	1	4
k141_10867	2603	2779	1	5
k141_10875	3	509	-1	1
k141_10875	535	1317	-1	2
k141_10875	1320	2000	-1	3
k141_10909	2	211	-1	1
k141_10909	256	2115	-1	2
k141_10915	3	1748	-1	1
k141_10915	1927	2220	1	2
k141_10964	3	404	-1	1
k141_10964	493	882	-1	2
k141_10964	1005	2414	1	3
k141_10964	2596	3438	1	4
k141_10964	3435	4046	-1	5
k141_10964	4287	4520	-1	6
k141_10968	2	550	1	1
k141_10968	609	2015	-1	2
k141_10968	2080	2313	1	3
k141_10968	2433	2831	1	4
k141_10968	2884	3051	-1	5
k141_10974	139	1728	-1	1
k141_10978	67	1053	1	1
k141_10978	1079	2542	-1	2
k141_10978	2662	3723	-1	3
k141_10992	3	1298	1	1
k141_10992	1404	1787	-1	2
k141_10992	1844	1975	-1	3
k141_11000	67	726	-1	1
k141_11000	723	1520	-1	2
k141_11043	1	2424	-1	1
k141_11043	2485	2781	-1	2
k141_11043	3169	4488	1	3
k141_11058	3	311	-1	1
k141_11058	473	625	-1	2
k141_11058	982	3183	1	3
k141_11058	3255	3863	-1	4
k141_11067	2	394	-1	1
k141_11067	391	1077	-1	2
k141_11067	1079	2359	-1	3
k141_11120	1	1995	1	1
k141_11129	3	404	-1	1
k141_11129	425	1204	-1	2
k141_11129	1204	1704	-1	3
k141_11129	1954	3468	1	4
k141_11129	3669	4316	-1	5
k141_11129	4448	4945	-1	6
k141_11129	5130	6245	1	7
k141_11129	6242	7141	-1	8
k141_11129	7138	8265	-1	9
k141_11129	8677	9441	-1	10
k141_11129	9490	10074	-1	11
k141_11129	10142	11530	-1	12
k141_11129	11619	12212	1	13
k141_11129	12224	12319	1	14
k141_11135	3	536	-1	1
k141_11135	659	1939	-1	2
k141_11135	1975	2349	-1	3
k141_11137	2	181	-1	1
k141_11137	281	1072	-1	2
k141_11137	1166	2032	1	3
k141_11137	2064	2807	1	4
k141_11137	2902	3435	1	5
k141_11138	2	565	-1	1
k141_11138	667	1491	-1	2
k141_11142	2	184	-1	1
k141_11142	312	2636	-1	2
k141_11142	2731	4266	1	3
k141_11152	1	1662	1	1
k141_11177	3	314	-1	1
k141_11177	352	903	-1	2
k141_11177	965	1705	-1	3
k141_11177	1705	3399	-1	4
k141_11197	128	577	1	1
k141_11197	898	1590	-1	2
k141_11197	1693	4017	-1	3
k141_11197	4142	5371	1	4
k141_11198	1	87	1	1
k141_11198	124	1029	-1	2
k141_11198	1085	1807	1	3
k141_11206	3	1688	1	1
k141_11206	1691	2269	1	2
k141_11206	2282	2761	1	3
k141_11206	2754	3224	-1	4
k141_11206	3275	4564	-1	5
k141_11209	1	762	1	1
k141_11209	1280	1435	1	2
k141_11209	1447	1818	-1	3
k141_11209	1943	2359	-1	4
k141_11218	3	767	1	1
k141_11218	767	1474	1	2
k141_11218	1582	2589	1	3
k141_11218	2597	3370	1	4
k141_11218	3367	3966	1	5
k141_11218	4036	4248	1	6
k141_11233	1	1173	-1	1
k141_11233	1193	2374	-1	2
k141_11254	1	720	-1	1
k141_11254	720	1412	-1	2
k141_11254	1495	2562	-1	3
k141_11268	356	1015	1	1
k141_11268	1038	2114	-1	2
k141_11279	3	224	1	1
k141_11279	232	999	1	2
k141_11279	1014	1451	1	3
k141_11279	1461	1898	1	4
k141_11279	1988	2716	1	5
k141_11279	2784	3233	1	6
k141_11279	3326	4516	-1	7
k141_11282	1	720	-1	1
k141_11282	779	1405	-1	2
k141_11282	1402	2178	-1	3
k141_11285	3	452	1	1
k141_11285	449	850	1	2
k141_11285	868	1656	-1	3
k141_11298	3	1370	-1	1
k141_11298	1479	1856	-1	2
k141_11298	1865	2197	-1	3
k141_11298	2274	2588	1	4
k141_11308	3	767	1	1
k141_11308	790	918	-1	2
k141_11308	1146	2603	-1	3
k141_11308	2697	3209	1	4
k141_11308	3297	4430	-1	5
k141_11308	4525	5370	1	6
k141_11308	5402	5557	1	7
k141_11327	3	605	-1	1
k141_11327	790	1884	1	2
k141_11327	1884	2213	1	3
k141_11327	2431	2577	-1	4
k141_11327	2933	4684	1	5
k141_11327	4681	5016	1	6
k141_11327	5129	5560	1	7
k141_11333	47	442	-1	1
k141_11333	439	972	-1	2
k141_11333	1009	1314	-1	3
k141_11333	1344	1889	-1	4
k141_11333	1982	3475	-1	5
k141_11333	3575	4462	1	6
k141_11333	4603	5778	1	7
k141_11333	5784	5885	1	8
k141_11336	3	512	1	1
k141_11336	496	1548	1	2
k141_11336	1588	2367	1	3
k141_11339	3	269	-1	1
k141_11339	474	581	1	2
k141_11339	578	1471	1	3
k141_11339	1576	2028	1	4
k141_11340	2	724	1	1
k141_11340	724	1722	1	2
k141_11340	1716	2486	1	3
k141_11340	2861	3361	1	4
k141_11342	3	413	-1	1
k141_11342	510	1604	-1	2
k141_11353	2	976	1	1
k141_11353	973	2577	1	2
k141_11353	2539	3840	-1	3
k141_11353	3857	5923	-1	4
k141_11360	3	404	-1	1
k141_11360	388	1044	-1	2
k141_11360	1044	1907	-1	3
k141_11360	1909	2619	-1	4
k141_11360	2707	3615	1	5
k141_11360	3673	4485	1	6
k141_11360	4632	5279	-1	7
k141_11360	5333	6037	-1	8
k141_11360	6040	6960	-1	9
k141_11360	7008	7607	1	10
k141_11360	7660	9102	1	11
k141_11360	9310	10074	-1	12
k141_11360	10071	10442	-1	13
k141_11360	10533	11036	1	14
k141_11362	1	84	1	1
k141_11362	105	1370	1	2
k141_11362	1371	2717	1	3
k141_11362	2700	3899	-1	4
k141_11369	1	654	1	1
k141_11369	657	1544	1	2
k141_11369	1604	2389	1	3
k141_11369	2451	2996	1	4
k141_11369	2993	4144	-1	5
k141_11369	4261	5007	1	6
k141_11369	5232	5960	1	7
k141_11369	6032	7144	-1	8
k141_11378	2	193	1	1
k141_11378	256	1095	-1	2
k141_11378	1273	1935	1	3
k141_11378	2132	2332	1	4
k141_11384	3	608	1	1
k141_11384	651	1499	1	2
k141_11384	1496	2440	-1	3
k141_11384	2554	3204	-1	4
k141_11390	1	1524	-1	1
k141_11411	3	431	-1	1
k141_11411	859	1398	-1	2
k141_11411	1594	2145	1	3
k141_11411	2147	2734	1	4
k141_11461	3	1598	-1	1
k141_11461	1685	2302	-1	2
k141_11461	2381	3823	1	3
k141_11520	3	1952	1	1
k141_11568	3	923	-1	1
k141_11568	1352	1663	1	2
k141_11573	44	352	1	1
k141_11573	377	1045	-1	2
k141_11573	1170	1406	1	3
k141_11573	1403	1729	1	4
k141_11573	1746	2555	-1	5
k141_11577	3	896	1	1
k141_11577	1016	1741	1	2
k141_11584	1	387	1	1
k141_11584	475	1317	-1	2
k141_11584	1314	2057	-1	3
k141_11584	2002	2517	-1	4
k141_11592	546	758	-1	1
k141_11592	751	1704	-1	2
k141_11598	2	598	-1	1
k141_11598	621	1094	-1	2
k141_11598	1132	1455	-1	3
k141_11598	1535	3127	-1	4
k141_11607	3	1409	1	1
k141_11607	1518	2081	1	2
k141_11607	2203	3021	1	3
k141_11607	3178	3627	-1	4
k141_11619	3	713	-1	1
k141_11619	883	1185	-1	2
k141_11619	1211	2149	-1	3
k141_11634	2	175	-1	1
k141_11634	314	925	1	2
k141_11634	911	3166	-1	3
k141_11634	3595	4035	1	4
k141_11643	2	427	1	1
k141_11643	494	1684	1	2
k141_11643	1681	1794	1	3
k141_11655	2	376	-1	1
k141_11655	499	2247	1	2
k141_11655	2247	2411	1	3
k141_11685	1	1614	1	1
k141_11685	1647	1733	1	2
k141_11691	2	1207	1	1
k141_11691	1237	1563	1	2
k141_11691	1656	2198	-1	3
k141_11691	2375	2704	-1	4
k141_11691	3234	3755	-1	5
k141_11691	3803	4681	1	6
k141_11691	4678	5088	1	7
k141_11691	5374	5439	-1	8
k141_11700	2	1861	-1	1
