Hmm	ORF	tlen	qlen	Eval	score	start	end	Acc	Pos	Cov_seq	Cov_hmm	strand
2OG_1_CAS-I-II-III-IV-V-VI	k63_117124_5	210	94	7.7e-06	24.8	1907	2536	k63_117124	5	0.4142857142857143	0.925531914893617	1
2OG_1_CAS-I-II-III-IV-V-VI	k63_216024_2	274	94	0.0014	17.5	840	1661	k63_216024	2	0.35036496350364965	0.925531914893617	-1
AbiEii_0_CAS-III	k63_1005727_2	374	284	0.03	12.1	785	1906	k63_1005727	2	0.19786096256684493	0.25	-1
AbiEii_0_CAS-III	k63_105424_5	481	284	0.0019	16.0	2131	3573	k63_105424	5	0.2806652806652807	0.397887323943662	-1
AbiEii_0_CAS-III	k63_1073034_13	311	284	1.9e-05	22.6	11013	11945	k63_1073034	13	0.45980707395498394	0.3767605633802817	-1
AbiEii_0_CAS-III	k63_1074463_6	181	284	0.044	11.5	4133	4675	k63_1074463	6	0.3701657458563536	0.22887323943661972	1
AbiEii_0_CAS-III	k63_1075261_3	192	284	8.2e-07	27.0	2265	2840	k63_1075261	3	0.546875	0.3485915492957746	1
AbiEii_0_CAS-III	k63_1078058_5	437	284	8.5e-07	27.0	2916	4226	k63_1078058	5	0.2791762013729977	0.3626760563380282	-1
AbiEii_0_CAS-III	k63_1090982_1	159	284	0.012	13.3	1	477	k63_1090982	1	0.3081761006289308	0.16549295774647887	-1
AbiEii_0_CAS-III	k63_1097765_4	256	284	2.7e-06	25.3	3750	4517	k63_1097765	4	0.29296875	0.25704225352112675	1
AbiEii_0_CAS-III	k63_1097765_5	237	284	0.024	12.4	4523	5233	k63_1097765	5	0.2109704641350211	0.18661971830985916	1
AbiEii_0_CAS-III	k63_1097765_9	263	284	1.8e-08	32.5	8987	9775	k63_1097765	9	0.4866920152091255	0.43309859154929575	1
AbiEii_0_CAS-III	k63_11039_3	316	284	4.5e-05	21.3	3768	4715	k63_11039	3	0.4177215189873418	0.4084507042253521	1
AbiEii_0_CAS-III	k63_1142056_4	403	284	3.9e-05	21.5	2444	3652	k63_1142056	4	0.141439205955335	0.2007042253521127	-1
AbiEii_0_CAS-III	k63_115621_2	376	284	4.3e-10	37.8	2345	3472	k63_115621	2	0.324468085106383	0.39436619718309857	1
AbiEii_0_CAS-III	k63_115742_1	650	284	0.028	12.2	243	2192	k63_115742	1	0.08	0.176056338028169	1
AbiEii_0_CAS-III	k63_1169971_3	264	284	0.00047	18.0	2026	2817	k63_1169971	3	0.2196969696969697	0.2007042253521127	1
AbiEii_0_CAS-III	k63_1169971_6	234	284	0.00028	18.8	4630	5331	k63_1169971	6	0.358974358974359	0.28169014084507044	-1
AbiEii_0_CAS-III	k63_1185243_2	381	284	0.034	11.9	1347	2489	k63_1185243	2	0.08661417322834646	0.11267605633802817	-1
AbiEii_0_CAS-III	k63_118596_9	418	284	0.00028	18.7	8043	9296	k63_118596	9	0.07655502392344497	0.1056338028169014	1
AbiEii_0_CAS-III	k63_118701_6	359	284	0.0042	14.9	5678	6754	k63_118701	6	0.3203342618384401	0.39436619718309857	-1
AbiEii_0_CAS-III	k63_1194635_2	479	284	0.00076	17.3	1054	2490	k63_1194635	2	0.14822546972860126	0.24647887323943662	1
AbiEii_0_CAS-III	k63_1210694_4	260	284	0.0063	14.3	2010	2789	k63_1210694	4	0.38076923076923075	0.3415492957746479	-1
AbiEii_0_CAS-III	k63_121765_1	202	284	0.034	11.9	3	608	k63_121765	1	0.29207920792079206	0.20422535211267606	-1
AbiEii_0_CAS-III	k63_1234820_1	686	284	7.9e-09	33.6	204	2261	k63_1234820	1	0.38629737609329445	0.46830985915492956	-1
AbiEii_0_CAS-III	k63_1237934_1	393	284	4.9e-08	31.1	3	1181	k63_1237934	1	0.16793893129770993	0.22887323943661972	-1
AbiEii_0_CAS-III	k63_126569_2	447	284	6.1e-11	40.6	1212	2552	k63_126569	2	0.3534675615212528	0.5387323943661971	1
AbiEii_0_CAS-III	k63_1293895_1	877	284	0.0055	14.5	193	2823	k63_1293895	1	0.1653363740022805	0.397887323943662	1
AbiEii_0_CAS-III	k63_1352655_3	410	284	2.7e-06	25.3	1115	2344	k63_1352655	3	0.3048780487804878	0.4119718309859155	-1
AbiEii_0_CAS-III	k63_135290_3	579	284	0.00059	17.7	817	2553	k63_135290	3	0.12607944732297063	0.23943661971830985	-1
AbiEii_0_CAS-III	k63_1382451_1	436	284	0.00027	18.8	247	1554	k63_1382451	1	0.22018348623853212	0.3380281690140845	-1
AbiEii_0_CAS-III	k63_1402396_6	353	284	1.8e-05	22.6	4652	5710	k63_1402396	6	0.3031161473087819	0.3591549295774648	-1
AbiEii_0_CAS-III	k63_147335_9	229	284	0.0018	16.1	12661	13347	k63_147335	9	0.31877729257641924	0.2535211267605634	1
AbiEii_0_CAS-III	k63_1517190_5	268	284	0.0008	17.2	5088	5891	k63_1517190	5	0.26119402985074625	0.24295774647887325	1
AbiEii_0_CAS-III	k63_1551128_1	1201	284	2.1e-06	25.7	285	3887	k63_1551128	1	0.08159866777685262	0.23591549295774647	-1
AbiEii_0_CAS-III	k63_1559850_3	210	284	2e-05	22.5	1346	1975	k63_1559850	3	0.5190476190476191	0.38380281690140844	1
AbiEii_0_CAS-III	k63_1570678_2	419	284	2.8e-08	31.8	517	1773	k63_1570678	2	0.2386634844868735	0.34507042253521125	-1
AbiEii_0_CAS-III	k63_1592234_12	334	284	0.048	11.4	15344	16345	k63_1592234	12	0.23652694610778444	0.27816901408450706	-1
AbiEii_0_CAS-III	k63_16534_1	1164	284	0.033	11.9	223	3714	k63_16534	1	0.01632302405498282	0.06690140845070422	-1
AbiEii_0_CAS-III	k63_212114_4	56	284	7.5e-05	20.6	1706	1873	k63_212114	4	0.375	0.07394366197183098	1
AbiEii_0_CAS-III	k63_219874_2	238	284	0.036	11.8	155	868	k63_219874	2	0.3277310924369748	0.2640845070422535	-1
AbiEii_0_CAS-III	k63_219874_3	250	284	7.3e-07	27.2	1042	1791	k63_219874	3	0.408	0.3591549295774648	-1
AbiEii_0_CAS-III	k63_227810_3	562	284	2.8e-07	28.6	2443	4128	k63_227810	3	0.19395017793594305	0.3274647887323944	-1
AbiEii_0_CAS-III	k63_269_3	416	284	1.3e-08	32.9	922	2169	k63_269	3	0.35336538461538464	0.4225352112676056	-1
AbiEii_0_CAS-III	k63_27235_2	412	284	1.4e-08	32.9	940	2175	k63_27235	2	0.3058252427184466	0.41901408450704225	-1
AbiEii_0_CAS-III	k63_328638_2	406	284	3.9e-06	24.8	903	2120	k63_328638	2	0.10591133004926108	0.15140845070422534	1
AbiEii_0_CAS-III	k63_331141_6	404	284	1.2e-11	43.0	6590	7801	k63_331141	6	0.297029702970297	0.38380281690140844	-1
AbiEii_0_CAS-III	k63_332554_6	255	284	4.1e-06	24.7	4348	5112	k63_332554	6	0.34509803921568627	0.2992957746478873	1
AbiEii_0_CAS-III	k63_334456_6	370	284	1.3e-06	26.3	3796	4905	k63_334456	6	0.24594594594594596	0.3204225352112676	1
AbiEii_0_CAS-III	k63_336109_10	259	284	0.0015	16.3	8341	9117	k63_336109	10	0.2277992277992278	0.20422535211267606	1
AbiEii_0_CAS-III	k63_336109_11	87	284	0.0029	15.4	9110	9370	k63_336109	11	0.4942528735632184	0.15140845070422534	1
AbiEii_0_CAS-III	k63_353666_1	61	284	1.8e-09	35.8	1	183	k63_353666	1	0.6721311475409836	0.14084507042253522	-1
AbiEii_0_CAS-III	k63_427999_1	84	284	0.0012	16.6	3	254	k63_427999	1	0.2261904761904762	0.06690140845070422	-1
AbiEii_0_CAS-III	k63_443607_2	310	284	2.3e-05	22.3	1193	2122	k63_443607	2	0.26129032258064516	0.2711267605633803	1
AbiEii_0_CAS-III	k63_444417_3	158	284	0.0012	16.7	1119	1592	k63_444417	3	0.3037974683544304	0.16549295774647887	1
AbiEii_0_CAS-III	k63_448663_1	349	284	0.024	12.4	337	1383	k63_448663	1	0.07163323782234957	0.0880281690140845	-1
AbiEii_0_CAS-III	k63_502149_2	263	284	0.00069	17.4	974	1762	k63_502149	2	0.2965779467680608	0.2640845070422535	1
AbiEii_0_CAS-III	k63_538402_1	370	284	0.043	11.6	69	1178	k63_538402	1	0.2891891891891892	0.3626760563380282	-1
AbiEii_0_CAS-III	k63_547654_3	1186	284	0.016	12.9	2620	6177	k63_547654	3	0.11467116357504216	0.44366197183098594	1
AbiEii_0_CAS-III	k63_548621_3	253	284	3.5e-09	34.8	2335	3093	k63_548621	3	0.5138339920948617	0.44014084507042256	1
AbiEii_0_CAS-III	k63_558324_3	213	284	0.013	13.3	1003	1641	k63_558324	3	0.07981220657276995	0.05985915492957746	-1
AbiEii_0_CAS-III	k63_558324_4	233	284	0.00068	17.5	1641	2339	k63_558324	4	0.44635193133047213	0.3626760563380282	-1
AbiEii_0_CAS-III	k63_558324_5	247	284	3.3e-06	25.0	2491	3231	k63_558324	5	0.3522267206477733	0.29225352112676056	-1
AbiEii_0_CAS-III	k63_560972_4	68	284	0.037	11.8	3009	3212	k63_560972	4	0.2647058823529412	0.06338028169014084	1
AbiEii_0_CAS-III	k63_563965_1	149	284	0.0048	14.7	3	449	k63_563965	1	0.44966442953020136	0.25	-1
AbiEii_0_CAS-III	k63_575921_2	1134	284	0.023	12.5	660	4061	k63_575921	2	0.01675485008818342	0.06690140845070422	1
AbiEii_0_CAS-III	k63_576837_4	581	284	2.7e-10	38.5	2054	3796	k63_576837	4	0.2289156626506024	0.4507042253521127	-1
AbiEii_0_CAS-III	k63_578817_3	560	284	1.9e-05	22.6	871	2550	k63_578817	3	0.20892857142857144	0.3274647887323944	1
AbiEii_0_CAS-III	k63_579737_2	276	284	0.00044	18.1	453	1280	k63_579737	2	0.30434782608695654	0.27816901408450706	-1
AbiEii_0_CAS-III	k63_59552_3	608	284	0.0003	18.6	2343	4166	k63_59552	3	0.12171052631578948	0.2535211267605634	-1
AbiEii_0_CAS-III	k63_596689_5	378	284	1.6e-07	29.4	3096	4229	k63_596689	5	0.43386243386243384	0.545774647887324	-1
AbiEii_0_CAS-III	k63_652096_10	865	284	0.015	13.1	10786	13380	k63_652096	10	0.04161849710982659	0.1267605633802817	1
AbiEii_0_CAS-III	k63_652096_25	271	284	1.5e-05	22.9	26527	27339	k63_652096	25	0.33948339483394835	0.3204225352112676	1
AbiEii_0_CAS-III	k63_652096_5	226	284	0.0062	14.3	4703	5380	k63_652096	5	0.2168141592920354	0.176056338028169	1
AbiEii_0_CAS-III	k63_655180_2	359	284	1.6e-05	22.8	926	2002	k63_655180	2	0.29526462395543174	0.3591549295774648	1
AbiEii_0_CAS-III	k63_666361_3	246	284	7.2e-05	20.7	1091	1828	k63_666361	3	0.23983739837398374	0.2007042253521127	-1
AbiEii_0_CAS-III	k63_760219_1	530	284	1.4e-06	26.3	3	1592	k63_760219	1	0.42641509433962266	0.4823943661971831	1
AbiEii_0_CAS-III	k63_769485_2	224	284	7.6e-07	27.1	253	924	k63_769485	2	0.21875	0.16549295774647887	-1
AbiEii_0_CAS-III	k63_808277_1	618	284	0.0062	14.3	477	2330	k63_808277	1	0.24757281553398058	0.44366197183098594	1
AbiEii_0_CAS-III	k63_866047_3	235	284	1.3e-06	26.3	2469	3173	k63_866047	3	0.5531914893617021	0.43661971830985913	-1
AbiEii_0_CAS-III	k63_866047_4	261	284	0.0012	16.7	3170	3952	k63_866047	4	0.26436781609195403	0.23591549295774647	-1
AbiEii_0_CAS-III	k63_867161_4	509	284	0.0024	15.6	986	2512	k63_867161	4	0.08840864440078586	0.15492957746478872	-1
AbiEii_0_CAS-III	k63_896643_3	258	284	3.1e-08	31.7	2342	3115	k63_896643	3	0.5348837209302325	0.4647887323943662	1
AbiEii_0_CAS-III	k63_900567_1	179	284	4.8e-07	27.8	3	539	k63_900567	1	0.5083798882681564	0.3380281690140845	-1
AbiEii_0_CAS-III	k63_926012_4	378	284	0.00012	20.0	1303	2436	k63_926012	4	0.35978835978835977	0.45422535211267606	-1
AbiEii_0_CAS-III	k63_967258_3	373	284	0.00024	19.0	1382	2500	k63_967258	3	0.21983914209115282	0.28169014084507044	-1
AbiEii_0_CAS-III	k63_969882_6	352	284	0.0049	14.6	7876	8931	k63_969882	6	0.23295454545454544	0.2711267605633803	-1
AbiEii_0_CAS-III	k63_982025_1	255	284	3e-08	31.8	1	765	k63_982025	1	0.5725490196078431	0.5035211267605634	-1
AbiEii_0_CAS-III	k63_983172_17	370	284	0.00029	18.7	17725	18834	k63_983172	17	0.3891891891891892	0.5176056338028169	1
AbiEii_0_CAS-III	k63_983172_4	434	284	1.1e-08	33.2	2643	3944	k63_983172	4	0.2350230414746544	0.3380281690140845	1
AbiEii_1_CAS-III-A	k63_1075261_3	192	335	0.0016	15.8	2265	2840	k63_1075261	3	0.4270833333333333	0.2537313432835821	1
AbiEii_1_CAS-III-A	k63_1078058_5	437	335	0.033	11.5	2916	4226	k63_1078058	5	0.18993135011441648	0.25970149253731345	-1
AbiEii_1_CAS-III-A	k63_1097765_5	237	335	0.027	11.8	4523	5233	k63_1097765	5	0.14345991561181434	0.10149253731343283	1
AbiEii_1_CAS-III-A	k63_1097765_9	263	335	0.013	12.9	8987	9775	k63_1097765	9	0.30798479087452474	0.2507462686567164	1
AbiEii_1_CAS-III-A	k63_115621_2	376	335	1.1e-07	29.5	2345	3472	k63_115621	2	0.23404255319148937	0.25970149253731345	1
AbiEii_1_CAS-III-A	k63_126569_2	447	335	1e-06	26.3	1212	2552	k63_126569	2	0.25727069351230425	0.33134328358208953	1
AbiEii_1_CAS-III-A	k63_1295799_3	324	335	0.018	12.4	1138	2109	k63_1295799	3	0.17901234567901234	0.19701492537313434	-1
AbiEii_1_CAS-III-A	k63_1368186_2	458	335	0.00063	17.2	275	1648	k63_1368186	2	0.14847161572052403	0.21194029850746268	1
AbiEii_1_CAS-III-A	k63_27235_2	412	335	0.00021	18.7	940	2175	k63_27235	2	0.220873786407767	0.2835820895522388	-1
AbiEii_1_CAS-III-A	k63_291490_5	467	335	0.00019	18.8	3420	4820	k63_291490	5	0.17558886509635974	0.2537313432835821	1
AbiEii_1_CAS-III-A	k63_328638_2	406	335	0.026	11.9	903	2120	k63_328638	2	0.3226600985221675	0.39104477611940297	1
AbiEii_1_CAS-III-A	k63_331141_6	404	335	7.8e-07	26.7	6590	7801	k63_331141	6	0.2079207920792079	0.2626865671641791	-1
AbiEii_1_CAS-III-A	k63_353666_1	61	335	0.02	12.2	1	183	k63_353666	1	0.45901639344262296	0.08358208955223881	-1
AbiEii_1_CAS-III-A	k63_502149_2	263	335	0.015	12.6	974	1762	k63_502149	2	0.17870722433460076	0.13432835820895522	1
AbiEii_1_CAS-III-A	k63_543649_2	446	335	0.0017	15.8	451	1788	k63_543649	2	0.1547085201793722	0.21492537313432836	-1
AbiEii_1_CAS-III-A	k63_576837_4	581	335	0.00013	19.4	2054	3796	k63_576837	4	0.16695352839931152	0.30149253731343284	-1
AbiEii_1_CAS-III-A	k63_59552_3	608	335	2e-06	25.4	2343	4166	k63_59552	3	0.17927631578947367	0.24477611940298508	-1
AbiEii_1_CAS-III-A	k63_596689_5	378	335	9.2e-07	26.5	3096	4229	k63_596689	5	0.29894179894179895	0.3582089552238806	-1
AbiEii_1_CAS-III-A	k63_596765_13	176	335	0.00032	18.1	14161	14688	k63_596765	13	0.3352272727272727	0.19402985074626866	1
AbiEii_1_CAS-III-A	k63_769485_2	224	335	0.037	11.4	253	924	k63_769485	2	0.13839285714285715	0.08955223880597014	-1
AbiEii_1_CAS-III-A	k63_866047_3	235	335	0.032	11.5	2469	3173	k63_866047	3	0.14893617021276595	0.1044776119402985	-1
AbiEii_1_CAS-III-A	k63_896643_3	258	335	0.015	12.6	2342	3115	k63_896643	3	0.35271317829457366	0.2746268656716418	1
AbiEii_1_CAS-III-A	k63_967258_3	373	335	0.00068	17.0	1382	2500	k63_967258	3	0.3780160857908847	0.4208955223880597	-1
AbiEii_1_CAS-III-A	k63_982025_1	255	335	0.034	11.5	1	765	k63_982025	1	0.3137254901960784	0.24776119402985075	-1
AbiEii_1_CAS-III-A	k63_983172_4	434	335	0.0029	15.0	2643	3944	k63_983172	4	0.16589861751152074	0.2208955223880597	1
AbiEii_2_CAS-III-C	k63_1097765_4	256	440	0.021	12.2	3750	4517	k63_1097765	4	0.3046875	0.17727272727272728	1
AbiEii_2_CAS-III-C	k63_115621_2	376	440	1.7e-08	32.3	2345	3472	k63_115621	2	0.3776595744680851	0.32045454545454544	1
AbiEii_2_CAS-III-C	k63_126569_2	447	440	2.8e-06	25.0	1212	2552	k63_126569	2	0.3534675615212528	0.35	1
AbiEii_2_CAS-III-C	k63_1295799_3	324	440	0.0056	14.1	1138	2109	k63_1295799	3	0.17592592592592593	0.1340909090909091	-1
AbiEii_2_CAS-III-C	k63_1295799_4	39	440	3.4e-05	21.5	2124	2240	k63_1295799	4	0.8717948717948718	0.07954545454545454	-1
AbiEii_2_CAS-III-C	k63_1352655_3	410	440	0.00013	19.5	1115	2344	k63_1352655	3	0.21951219512195122	0.20909090909090908	-1
AbiEii_2_CAS-III-C	k63_1368186_2	458	440	0.00032	18.2	275	1648	k63_1368186	2	0.2663755458515284	0.275	1
AbiEii_2_CAS-III-C	k63_1430376_8	339	440	4.7e-07	27.6	5212	6228	k63_1430376	8	0.2890855457227139	0.225	1
AbiEii_2_CAS-III-C	k63_1570678_2	419	440	0.00071	17.1	517	1773	k63_1570678	2	0.18377088305489261	0.17954545454545454	-1
AbiEii_2_CAS-III-C	k63_221603_1	681	440	0.0056	14.1	36	2078	k63_221603	1	0.15859030837004406	0.2340909090909091	1
AbiEii_2_CAS-III-C	k63_269_3	416	440	2.7e-07	28.3	922	2169	k63_269	3	0.3173076923076923	0.29318181818181815	-1
AbiEii_2_CAS-III-C	k63_27235_2	412	440	4.4e-06	24.4	940	2175	k63_27235	2	0.23300970873786409	0.22954545454545455	-1
AbiEii_2_CAS-III-C	k63_328638_2	406	440	4.4e-07	27.7	903	2120	k63_328638	2	0.10591133004926108	0.1	1
AbiEii_2_CAS-III-C	k63_331141_6	404	440	1.3e-05	22.8	6590	7801	k63_331141	6	0.2871287128712871	0.2727272727272727	-1
AbiEii_2_CAS-III-C	k63_334456_6	370	440	0.0019	15.7	3796	4905	k63_334456	6	0.1864864864864865	0.1590909090909091	1
AbiEii_2_CAS-III-C	k63_353666_1	61	440	2e-05	22.2	1	183	k63_353666	1	0.7049180327868853	0.1	-1
AbiEii_2_CAS-III-C	k63_444417_3	158	440	8.9e-05	20.1	1119	1592	k63_444417	3	0.26582278481012656	0.09545454545454546	1
AbiEii_2_CAS-III-C	k63_543649_2	446	440	0.00073	17.0	451	1788	k63_543649	2	0.26905829596412556	0.27045454545454545	-1
AbiEii_2_CAS-III-C	k63_576837_4	581	440	0.0015	16.0	2054	3796	k63_576837	4	0.0757314974182444	0.10227272727272728	-1
AbiEii_2_CAS-III-C	k63_59552_3	608	440	3e-05	21.6	2343	4166	k63_59552	3	0.13651315789473684	0.18863636363636363	-1
AbiEii_2_CAS-III-C	k63_596689_5	378	440	6.9e-08	30.3	3096	4229	k63_596689	5	0.2698412698412698	0.24545454545454545	-1
AbiEii_2_CAS-III-C	k63_769485_2	224	440	5e-05	20.9	253	924	k63_769485	2	0.18303571428571427	0.09318181818181819	-1
AbiEii_2_CAS-III-C	k63_926012_4	378	440	3.9e-07	27.8	1303	2436	k63_926012	4	0.3439153439153439	0.325	-1
AbiEii_2_CAS-III-C	k63_967258_3	373	440	0.0054	14.2	1382	2500	k63_967258	3	0.5067024128686327	0.4409090909090909	-1
AbiEii_2_CAS-III-C	k63_983172_4	434	440	9e-07	26.6	2643	3944	k63_983172	4	0.195852534562212	0.19318181818181818	1
Cas10-like_0_IVC	k63_861237_3	925	587	0.013	12.1	1851	4625	k63_861237	3	0.06378378378378378	0.09880749574105621	1
Cas10-like_1_IVC	k63_861237_3	925	597	0.1	9.1	1851	4625	k63_861237	3	0.0627027027027027	0.09547738693467336	1
Cas10_1_CAS-III	k63_547654_8	521	654	0.0027	14.5	8751	10313	k63_547654	8	0.2034548944337812	0.1529051987767584	1
Cas10_1_CAS-III	k63_557305_1	440	654	0.096	9.4	121	1440	k63_557305	1	0.11818181818181818	0.07033639143730887	-1
Cas10_1_CAS-III-B	k63_1138158_6	292	121	0.003	16.0	2856	3731	k63_1138158	6	0.25	0.47107438016528924	1
Cas10_1_IIIB	k63_1138158_6	292	116	0.043	12.4	2856	3731	k63_1138158	6	0.18493150684931506	0.45689655172413796	1
Cas11_3_IVC	k63_578305_1	711	116	0.029	12.6	1	2133	k63_578305	1	0.0829817158931083	0.5258620689655172	1
Cas12a_0_CAS-V-A	k63_1456550_2	437	1244	0.54	6.1	136	1446	k63_1456550	2	0.4965675057208238	0.1760450160771704	-1
Cas12a_M61_0_V-A	k63_543649_3	208	1259	0.038	9.6	1800	2423	k63_543649	3	0.4326923076923077	0.07466243050039714	-1
Cas12f1_1_CAS-V-F	k63_441985_3	345	557	1.6e-06	25.2	1177	2211	k63_441985	3	0.5072463768115942	0.3123877917414722	1
Cas12f1_2_CAS-V-F	k63_441985_3	345	429	3.4e-10	37.7	1177	2211	k63_441985	3	0.2811594202898551	0.23543123543123542	1
Cas12f2_0_CAS-V-F	k63_441985_3	345	517	5.1e-23	79.6	1177	2211	k63_441985	3	0.7913043478260869	0.5357833655705996	1
Cas12f2_1_CAS-V-F	k63_441985_3	345	422	2.3e-32	110.8	1177	2211	k63_441985	3	0.9855072463768116	0.8720379146919431	1
Cas12f2_1_CAS-V-F	k63_994044_2	55	422	0.069	10.4	1260	1424	k63_994044	2	0.5454545454545454	0.06635071090047394	1
Cas12f2_2_CAS-V-F	k63_441985_3	345	493	6.1e-51	171.7	1177	2211	k63_441985	3	0.8289855072463768	0.6288032454361054	1
Cas12f3_0_CAS-V-F	k63_441985_3	345	496	5.1000000000000004e-30	103.0	1177	2211	k63_441985	3	0.8956521739130435	0.6653225806451613	1
Cas12f7_0_CAS-V-F	k63_441985_3	345	566	1.6e-12	45.2	1177	2211	k63_441985	3	0.9043478260869565	0.5406360424028268	1
Cas12h_0_CAS-V-H	k63_131785_6	697	898	0.006	12.9	4808	6898	k63_131785	6	0.1649928263988522	0.12249443207126949	1
Cas13b_0_VIB1	k63_275516_1	229	1097	0.053	9.6	3	689	k63_275516	1	0.388646288209607	0.07292616226071102	-1
Cas1_0_CAS-I-II-III-IV-V-VI	k63_1351752_2	563	317	2.8000000000000002e-98	327.1	813	2501	k63_1351752	2	0.5754884547069272	0.9936908517350158	-1
Cas1_0_CAS-I-II-III-IV-V-VI	k63_1392346_5	571	317	1.7e-103	344.3	7854	9566	k63_1392346	5	0.5674255691768827	0.9936908517350158	1
Cas1_0_CAS-I-II-III-IV-V-VI	k63_1418008_5	141	317	2e-11	41.7	3390	3812	k63_1418008	5	0.5602836879432624	0.2555205047318612	1
Cas1_0_I-II-III	k63_1351752_2	563	327	4.7e-74	247.5	813	2501	k63_1351752	2	0.5772646536412078	0.981651376146789	-1
Cas1_0_I-II-III	k63_1392346_5	571	327	7.7e-82	273.1	7854	9566	k63_1392346	5	0.5761821366024519	0.9938837920489296	1
Cas1_0_I-II-III	k63_1418008_5	141	327	3.4e-15	54.1	3390	3812	k63_1418008	5	0.7943262411347518	0.3516819571865443	1
Cas1_0_I-II-III-V	k63_1351752_2	563	315	3.6e-90	300.2	813	2501	k63_1351752	2	0.5754884547069272	0.9936507936507937	-1
Cas1_0_I-II-III-V	k63_1392346_5	571	315	1.6e-93	311.2	7854	9566	k63_1392346	5	0.5674255691768827	0.9936507936507937	1
Cas1_0_I-II-III-V	k63_1418008_5	141	315	7.3e-06	23.2	3390	3812	k63_1418008	5	0.5319148936170213	0.24444444444444444	1
Cas1_0_IA	k63_1351752_2	563	347	9.8e-64	213.6	813	2501	k63_1351752	2	0.5950266429840142	0.962536023054755	-1
Cas1_0_IA	k63_1392346_5	571	347	1.1e-70	236.5	7854	9566	k63_1392346	5	0.5901926444833625	0.968299711815562	1
Cas1_0_IC	k63_1351752_2	563	340	1.3e-80	269.2	813	2501	k63_1351752	2	0.5896980461811723	0.9794117647058823	-1
Cas1_0_IC	k63_1392346_5	571	340	6.2e-88	293.4	7854	9566	k63_1392346	5	0.5831873905429071	0.9823529411764705	1
Cas1_0_IC	k63_1418008_5	141	340	0.034	11.5	3390	3812	k63_1418008	5	0.4397163120567376	0.18823529411764706	1
Cas1_0_IE	k63_1351752_2	563	269	0.0024	15.3	813	2501	k63_1351752	2	0.22380106571936056	0.4721189591078067	-1
Cas1_0_IE	k63_1392346_5	571	269	2e-08	32.0	7854	9566	k63_1392346	5	0.38003502626970226	0.7137546468401487	1
Cas1_0_IE	k63_1418008_5	141	269	2.6000000000000002e-37	126.7	3390	3812	k63_1418008	5	0.9361702127659575	0.4758364312267658	1
Cas1_0_IF	k63_1418008_5	141	307	2.3e-07	28.6	3390	3812	k63_1418008	5	0.8936170212765957	0.38436482084690554	1
Cas1_0_II	k63_1351752_2	563	278	4.4e-14	50.6	813	2501	k63_1351752	2	0.43161634103019536	0.7805755395683454	-1
Cas1_0_II	k63_1392346_5	571	278	3.3e-17	60.8	7854	9566	k63_1392346	5	0.43782837127845886	0.8057553956834532	1
Cas1_0_II	k63_1418008_5	141	278	0.0054	14.2	3390	3812	k63_1418008	5	0.45390070921985815	0.2302158273381295	1
Cas1_0_V	k63_1351752_2	563	317	1.3e-18	65.3	813	2501	k63_1351752	2	0.3339253996447602	0.5362776025236593	-1
Cas1_0_V	k63_1392346_5	571	317	1.3e-27	94.9	7854	9566	k63_1392346	5	0.4903677758318739	0.8359621451104101	1
Cas1_1_CAS-I-II-III-IV-V-VI	k63_1351752_2	563	261	2.3e-57	192.5	813	2501	k63_1351752	2	0.47424511545293074	1.0	-1
Cas1_1_CAS-I-II-III-IV-V-VI	k63_1392346_5	571	261	9.8e-64	213.3	7854	9566	k63_1392346	5	0.46760070052539404	1.0	1
Cas1_1_CAS-I-II-III-IV-V-VI	k63_1418008_5	141	261	2.8e-14	51.2	3390	3812	k63_1418008	5	0.6666666666666666	0.36015325670498083	1
Cas1_2_CAS-I-II-III-IV-V-VI	k63_1418008_5	141	306	2.3e-07	28.6	3390	3812	k63_1418008	5	0.900709219858156	0.3888888888888889	1
Cas1_3_CAS-I-II-III-IV-V-VI	k63_1351752_2	563	262	0.0024	15.4	813	2501	k63_1351752	2	0.23623445825932504	0.5114503816793893	-1
Cas1_3_CAS-I-II-III-IV-V-VI	k63_1392346_5	571	262	5e-09	34.0	7854	9566	k63_1392346	5	0.38003502626970226	0.732824427480916	1
Cas1_3_CAS-I-II-III-IV-V-VI	k63_1418008_5	141	262	6.8e-37	125.3	3390	3812	k63_1418008	5	0.9361702127659575	0.48854961832061067	1
Cas1_4_CAS-I-II-III-IV-V-VI	k63_1351752_2	563	275	2.3e-14	51.5	813	2501	k63_1351752	2	0.43872113676731794	0.8	-1
Cas1_4_CAS-I-II-III-IV-V-VI	k63_1392346_5	571	275	3.7e-18	63.9	7854	9566	k63_1392346	5	0.4413309982486865	0.8181818181818182	1
Cas1_4_CAS-I-II-III-IV-V-VI	k63_1418008_5	141	275	0.0099	13.3	3390	3812	k63_1418008	5	0.4397163120567376	0.22545454545454546	1
Cas1_5_CAS-I-II-III-IV-V-VI	k63_1351752_2	563	338	1.2000000000000001e-80	269.4	813	2501	k63_1351752	2	0.5896980461811723	0.985207100591716	-1
Cas1_5_CAS-I-II-III-IV-V-VI	k63_1392346_5	571	338	9.8e-88	292.7	7854	9566	k63_1392346	5	0.5831873905429071	0.9881656804733728	1
Cas1_5_CAS-I-II-III-IV-V-VI	k63_1418008_5	141	338	0.029	11.7	3390	3812	k63_1418008	5	0.4397163120567376	0.1893491124260355	1
Cas1_6_CAS-I-II-III-IV-V-VI	k63_1351752_2	563	320	3.1e-41	139.8	813	2501	k63_1351752	2	0.5754884547069272	0.971875	-1
Cas1_6_CAS-I-II-III-IV-V-VI	k63_1392346_5	571	320	6.899999999999999e-49	165.0	7854	9566	k63_1392346	5	0.5691768826619965	0.975	1
Cas1_7_CAS-I-II-III-IV-V-VI	k63_1351752_2	563	328	2.1e-69	232.3	813	2501	k63_1351752	2	0.5701598579040853	0.9451219512195121	-1
Cas1_7_CAS-I-II-III-IV-V-VI	k63_1392346_5	571	328	1.9e-79	265.3	7854	9566	k63_1392346	5	0.5779334500875657	0.9725609756097561	1
Cas1_7_CAS-I-II-III-IV-V-VI	k63_1418008_5	141	328	6.1e-14	50.0	3390	3812	k63_1418008	5	0.723404255319149	0.32621951219512196	1
Cas1_8_CAS-I-II-III-IV-V-VI	k63_1351752_2	563	283	4.4e-85	283.5	813	2501	k63_1351752	2	0.5150976909413855	1.0	-1
Cas1_8_CAS-I-II-III-IV-V-VI	k63_1392346_5	571	283	1.8999999999999998e-90	301.1	7854	9566	k63_1392346	5	0.5061295971978984	0.9964664310954063	1
Cas1_8_CAS-I-II-III-IV-V-VI	k63_1418008_5	141	283	9.1e-06	23.2	3390	3812	k63_1418008	5	0.524822695035461	0.26855123674911663	1
Cas2_0_CAS-I-II-III-IV-V-VI	k63_1351752_1	98	90	2.9e-11	41.8	514	807	k63_1351752	1	0.8163265306122449	0.9	-1
Cas2_0_CAS-I-II-III-IV-V-VI	k63_1392346_6	98	90	1.9e-12	45.6	9572	9865	k63_1392346	6	0.8061224489795918	0.8888888888888888	1
Cas2_0_CAS-III-AM	k63_1351752_1	98	95	0.0072	14.9	514	807	k63_1351752	1	0.5510204081632653	0.3368421052631579	-1
Cas2_0_CAS-III-AM	k63_857347_5	463	95	0.00071	18.1	6528	7916	k63_857347	5	0.07127429805615551	0.3473684210526316	-1
Cas2_0_I-II-III	k63_1351752_1	98	96	4.2e-10	37.9	514	807	k63_1351752	1	0.6632653061224489	0.71875	-1
Cas2_0_I-II-III	k63_1392346_6	98	96	1.4e-10	39.5	9572	9865	k63_1392346	6	0.6836734693877551	0.7395833333333334	1
Cas2_0_I-II-III-V	k63_1351752_1	98	83	1.4e-15	55.5	514	807	k63_1351752	1	0.673469387755102	0.8313253012048193	-1
Cas2_0_I-II-III-V	k63_1392346_6	98	83	2.8e-15	54.6	9572	9865	k63_1392346	6	0.673469387755102	0.8313253012048193	1
Cas2_0_IE	k63_1418008_6	98	87	2.3000000000000003e-28	96.3	3815	4108	k63_1418008	6	0.9285714285714286	1.0	1
Cas2_10_CAS-I-II-III-IV-V-VI	k63_1418008_6	98	86	5.1e-28	95.2	3815	4108	k63_1418008	6	0.9285714285714286	1.0	1
Cas2_11_CAS-I-II-III-IV-V-VI	k63_1351752_1	98	71	1.4e-18	65.1	514	807	k63_1351752	1	0.6632653061224489	0.9154929577464789	-1
Cas2_11_CAS-I-II-III-IV-V-VI	k63_1392346_6	98	71	2.4e-19	67.5	9572	9865	k63_1392346	6	0.673469387755102	0.9295774647887324	1
Cas2_1_CAS-I-II-III-IV-V-VI	k63_1418008_6	98	93	1.4000000000000001e-28	97.0	3815	4108	k63_1418008	6	0.9591836734693877	0.967741935483871	1
Cas2_2_CAS-I-II-III-IV-V-VI	k63_1351752_1	98	79	6e-21	72.7	514	807	k63_1351752	1	0.6938775510204082	0.8607594936708861	-1
Cas2_2_CAS-I-II-III-IV-V-VI	k63_1392346_6	98	79	7.3e-21	72.4	9572	9865	k63_1392346	6	0.6938775510204082	0.8607594936708861	1
Cas2_3_CAS-I-II-III-IV-V-VI	k63_1418008_6	98	62	8.1e-21	72.1	3815	4108	k63_1418008	6	0.6836734693877551	1.0	1
Cas2_4_CAS-I-II-III-IV-V-VI	k63_1351752_1	98	89	1.2e-16	59.0	514	807	k63_1351752	1	0.7346938775510204	0.8202247191011236	-1
Cas2_4_CAS-I-II-III-IV-V-VI	k63_1392346_6	98	89	2.1e-17	61.4	9572	9865	k63_1392346	6	0.7959183673469388	0.8876404494382022	1
Cas2_6_CAS-I-II-III-IV-V-VI	k63_1351752_1	98	90	1.2e-09	36.7	514	807	k63_1351752	1	0.6326530612244898	0.6888888888888889	-1
Cas2_6_CAS-I-II-III-IV-V-VI	k63_1392346_6	98	90	1.1e-07	30.3	9572	9865	k63_1392346	6	0.7244897959183674	0.7555555555555555	1
Cas2_7_CAS-I-II-III-IV-V-VI	k63_1351752_1	98	94	1.3e-08	33.3	514	807	k63_1351752	1	0.6530612244897959	0.6914893617021277	-1
Cas2_7_CAS-I-II-III-IV-V-VI	k63_1392346_6	98	94	2.5e-07	29.3	9572	9865	k63_1392346	6	0.6428571428571429	0.6808510638297872	1
Cas2_7_CAS-I-II-III-IV-V-VI	k63_1521544_11	470	94	0.043	12.5	9389	10798	k63_1521544	11	0.13404255319148936	0.425531914893617	1
Cas2_7_CAS-I-II-III-IV-V-VI	k63_507232_2	56	94	0.035	12.8	1091	1258	k63_507232	2	0.5535714285714286	0.3191489361702128	-1
Cas3-Cas2_0_CAS-I-F	k63_1233588_1	749	1106	1.4e-05	21.2	593	2839	k63_1233588	1	0.3164218958611482	0.21518987341772153	1
Cas3-Cas2_0_CAS-I-F	k63_1392346_3	995	1106	2.3e-05	20.5	3839	6823	k63_1392346	3	0.09447236180904522	0.08770343580470162	1
Cas3-Cas2_0_IF	k63_1233588_1	749	1110	1.5e-05	21.2	593	2839	k63_1233588	1	0.315086782376502	0.21351351351351353	1
Cas3-Cas2_0_IF	k63_1392346_3	995	1110	2.4e-05	20.4	3839	6823	k63_1392346	3	0.09547738693467336	0.08828828828828829	1
Cas3HD_0_CAS-I	k63_1148815_2	422	203	0.0049	14.9	1107	2372	k63_1148815	2	0.10900473933649289	0.2315270935960591	1
Cas3HD_0_CAS-I	k63_1233588_1	749	203	2.5e-39	133.4	593	2839	k63_1233588	1	0.2750333778371162	0.9753694581280788	1
Cas3HD_0_CAS-I	k63_1351752_6	914	203	2.6e-12	45.2	6789	9530	k63_1351752	6	0.15098468271334792	0.645320197044335	-1
Cas3HD_0_CAS-I	k63_1392346_3	995	203	1.1e-16	59.5	3839	6823	k63_1392346	3	0.22512562814070353	0.9753694581280788	1
Cas3HD_0_CAS-I	k63_409489_1	353	203	1.8000000000000001e-22	78.4	3	1061	k63_409489	1	0.6118980169971672	0.9852216748768473	-1
Cas3HD_0_CAS-I	k63_547654_8	521	203	0.00028	18.9	8751	10313	k63_547654	8	0.18618042226487524	0.5221674876847291	1
Cas3HD_0_CAS-I	k63_992572_3	875	203	9.4e-19	66.2	2095	4719	k63_992572	3	0.24914285714285714	0.9605911330049262	-1
Cas3HD_1_CAS-I	k63_1233588_1	749	191	0.001	17.1	593	2839	k63_1233588	1	0.08945260347129506	0.35602094240837695	1
Cas3HD_1_CAS-I	k63_1351752_6	914	191	0.022	12.8	6789	9530	k63_1351752	6	0.060175054704595186	0.20418848167539266	-1
Cas3HD_2_CAS-I	k63_1233588_1	749	231	0.00029	18.7	593	2839	k63_1233588	1	0.03871829105473965	0.12554112554112554	1
Cas3HD_2_CAS-I	k63_1351752_6	914	231	0.025	12.3	6789	9530	k63_1351752	6	0.0700218818380744	0.20346320346320346	-1
Cas3_0_CAS-I	k63_1233588_1	749	353	7.699999999999999e-35	118.8	593	2839	k63_1233588	1	0.44192256341789055	0.9348441926345609	1
Cas3_0_CAS-I	k63_1305815_9	307	353	0.0061	13.9	8983	9903	k63_1305815	9	0.06840390879478828	0.059490084985835696	1
Cas3_0_CAS-I	k63_1351752_6	914	353	5.4e-13	46.9	6789	9530	k63_1351752	6	0.14660831509846828	0.3371104815864023	-1
Cas3_0_CAS-I	k63_1392346_3	995	353	3.3e-23	80.5	3839	6823	k63_1392346	3	0.349748743718593	0.8611898016997167	1
Cas3_0_CAS-I	k63_219360_2	1003	353	0.0083	13.4	543	3551	k63_219360	2	0.09471585244267199	0.2521246458923513	-1
Cas3_0_CAS-I	k63_353666_2	1009	353	0.00029	18.3	514	3540	k63_353666	2	0.08919722497522299	0.24929178470254956	1
Cas3_0_CAS-I	k63_409489_1	353	353	0.00012	19.5	3	1061	k63_409489	1	0.11898016997167139	0.11898016997167139	-1
Cas3_0_CAS-I	k63_453414_4	310	353	0.026	11.8	2874	3803	k63_453414	4	0.3161290322580645	0.20679886685552407	-1
Cas3_0_CAS-I	k63_596765_13	176	353	0.018	12.3	14161	14688	k63_596765	13	0.5	0.2521246458923513	1
Cas3_0_CAS-I	k63_663172_3	721	353	1.8e-08	32.1	2015	4177	k63_663172	3	0.33980582524271846	0.6883852691218131	-1
Cas3_0_CAS-I	k63_782499_1	666	353	3.4e-10	37.7	2	1999	k63_782499	1	0.3108108108108108	0.6005665722379604	1
Cas3_0_CAS-I	k63_859639_8	435	353	4.7e-06	24.1	11050	12354	k63_859639	8	0.5379310344827586	0.6628895184135978	1
Cas3_0_CAS-I	k63_923508_8	866	353	0.00011	19.7	5647	8244	k63_923508	8	0.3648960739030023	0.8951841359773371	1
Cas3_0_CAS-I	k63_939608_1	892	353	3e-07	28.1	145	2820	k63_939608	1	0.16367713004484305	0.45892351274787535	-1
Cas3_0_CAS-I	k63_992572_3	875	353	1.4e-50	170.6	2095	4719	k63_992572	3	0.42742857142857144	0.9065155807365439	-1
Cas3_0_CAS-I-D	k63_1233588_1	749	626	0.0001	18.9	593	2839	k63_1233588	1	0.2590120160213618	0.2971246006389776	1
Cas3_0_CAS-I-D	k63_1351752_6	914	626	2.3e-08	30.9	6789	9530	k63_1351752	6	0.10284463894967177	0.1501597444089457	-1
Cas3_0_CAS-I-D	k63_1392346_3	995	626	0.001	15.5	3839	6823	k63_1392346	3	0.0864321608040201	0.12300319488817892	1
Cas3_0_CAS-I-D	k63_219360_2	1003	626	0.077	9.3	543	3551	k63_219360	2	0.049850448654037885	0.07507987220447285	-1
Cas3_0_CAS-I-D	k63_866606_2	610	626	0.0057	13.1	320	2149	k63_866606	2	0.24262295081967214	0.20607028753993611	1
Cas3_0_CAS-I-D	k63_923508_8	866	626	6.4e-05	19.5	5647	8244	k63_923508	8	0.14780600461893764	0.19169329073482427	1
Cas3_0_CAS-I-D	k63_968885_2	669	626	0.0016	14.9	422	2428	k63_968885	2	0.2645739910313901	0.28913738019169327	-1
Cas3_0_CAS-I-D	k63_992572_3	875	626	5.2e-06	23.1	2095	4719	k63_992572	3	0.16228571428571428	0.23162939297124602	-1
Cas3_0_CAS-I-U	k63_1233588_1	749	843	3.4e-11	39.9	593	2839	k63_1233588	1	0.27236315086782376	0.2586002372479241	1
Cas3_0_CAS-I-U	k63_1351752_6	914	843	4e-148	492.9	6789	9530	k63_1351752	6	0.8949671772428884	0.963226571767497	-1
Cas3_0_CAS-I-U	k63_1392346_3	995	843	6e-115	383.1	3839	6823	k63_1392346	3	0.7336683417085427	0.797153024911032	1
Cas3_0_CAS-I-U	k63_992572_3	875	843	1.5e-07	27.8	2095	4719	k63_992572	3	0.20114285714285715	0.20640569395017794	-1
Cas3_0_I	k63_1233588_1	749	358	1.1e-36	124.8	593	2839	k63_1233588	1	0.45660881174899864	0.9720670391061452	1
Cas3_0_I	k63_1305815_9	307	358	0.0057	14.0	8983	9903	k63_1305815	9	0.07166123778501629	0.061452513966480445	1
Cas3_0_I	k63_1351752_6	914	358	1.7e-12	45.3	6789	9530	k63_1351752	6	0.14770240700218817	0.3407821229050279	-1
Cas3_0_I	k63_1392346_3	995	358	5.8e-24	83.0	3839	6823	k63_1392346	3	0.24120603015075376	0.61731843575419	1
Cas3_0_I	k63_219360_2	1003	358	0.0066	13.7	543	3551	k63_219360	2	0.13559322033898305	0.276536312849162	-1
Cas3_0_I	k63_353666_2	1009	358	0.001	16.4	514	3540	k63_353666	2	0.09117938553022795	0.25977653631284914	1
Cas3_0_I	k63_409489_1	353	358	6e-05	20.5	3	1061	k63_409489	1	0.11898016997167139	0.11731843575418995	-1
Cas3_0_I	k63_596765_13	176	358	0.011	13.0	14161	14688	k63_596765	13	0.5852272727272727	0.2988826815642458	1
Cas3_0_I	k63_663172_3	721	358	1.1e-08	32.8	2015	4177	k63_663172	3	0.332871012482663	0.6759776536312849	-1
Cas3_0_I	k63_782499_1	666	358	8.5e-10	36.4	2	1999	k63_782499	1	0.25825825825825827	0.48324022346368717	1
Cas3_0_I	k63_859639_8	435	358	2e-05	22.0	11050	12354	k63_859639	8	0.4666666666666667	0.5810055865921788	1
Cas3_0_I	k63_923508_8	866	358	0.00046	17.5	5647	8244	k63_923508	8	0.3625866050808314	0.888268156424581	1
Cas3_0_I	k63_939608_1	892	358	7e-07	26.8	145	2820	k63_939608	1	0.16367713004484305	0.4553072625698324	-1
Cas3_0_I	k63_992572_3	875	358	1.1e-48	164.4	2095	4719	k63_992572	3	0.42628571428571427	0.9022346368715084	-1
Cas3_0_ID	k63_113470_2	733	357	0.034	11.4	749	2947	k63_113470	2	0.14051841746248295	0.28851540616246496	-1
Cas3_0_ID	k63_1351752_6	914	357	0.0015	15.9	6789	9530	k63_1351752	6	0.03938730853391685	0.10084033613445378	-1
Cas3_0_ID	k63_1392346_3	995	357	0.0027	15.0	3839	6823	k63_1392346	3	0.06834170854271357	0.1876750700280112	1
Cas3_0_ID	k63_663172_3	721	357	0.036	11.3	2015	4177	k63_663172	3	0.10263522884882108	0.19887955182072828	-1
Cas3_0_ID	k63_859639_8	435	357	0.04	11.2	11050	12354	k63_859639	8	0.12413793103448276	0.13165266106442577	1
Cas3_0_ID	k63_968885_2	669	357	0.058	10.6	422	2428	k63_968885	2	0.08968609865470852	0.12605042016806722	-1
Cas3_0_ID	k63_992572_3	875	357	0.01	13.1	2095	4719	k63_992572	3	0.112	0.2605042016806723	-1
Cas3_0_IU	k63_1233588_1	749	864	2.3e-11	40.6	593	2839	k63_1233588	1	0.2616822429906542	0.23032407407407407	1
Cas3_0_IU	k63_1351752_6	914	864	1.3e-150	501.3	6789	9530	k63_1351752	6	0.9879649890590809	0.9988425925925926	-1
Cas3_0_IU	k63_1392346_3	995	864	9.400000000000001e-125	415.7	3839	6823	k63_1392346	3	0.7346733668341708	0.7974537037037037	1
Cas3_0_IU	k63_353666_2	1009	864	0.0035	13.5	514	3540	k63_353666	2	0.19127849355797819	0.2013888888888889	1
Cas3_0_IU	k63_992572_3	875	864	6.3e-10	35.8	2095	4719	k63_992572	3	0.2925714285714286	0.27199074074074076	-1
Cas3_1_CAS-I	k63_1233588_1	749	745	5.5e-52	175.2	593	2839	k63_1233588	1	0.48731642189586116	0.5033557046979866	1
Cas3_1_CAS-I	k63_1351752_6	914	745	3.4e-16	56.9	6789	9530	k63_1351752	6	0.1739606126914661	0.1959731543624161	-1
Cas3_1_CAS-I	k63_1392346_3	995	745	1.5e-27	94.5	3839	6823	k63_1392346	3	0.3306532663316583	0.4174496644295302	1
Cas3_1_CAS-I	k63_409489_1	353	745	0.0018	14.8	3	1061	k63_409489	1	0.11898016997167139	0.05906040268456376	-1
Cas3_1_CAS-I	k63_663172_3	721	745	2.3e-08	31.0	2015	4177	k63_663172	3	0.1900138696255201	0.19328859060402684	-1
Cas3_1_CAS-I	k63_782499_1	666	745	0.0058	13.2	2	1999	k63_782499	1	0.2882882882882883	0.2644295302013423	1
Cas3_1_CAS-I	k63_859639_8	435	745	0.00015	18.4	11050	12354	k63_859639	8	0.296551724137931	0.1825503355704698	1
Cas3_1_CAS-I	k63_923508_8	866	745	0.0053	13.3	5647	8244	k63_923508	8	0.1836027713625866	0.22818791946308725	1
Cas3_1_CAS-I	k63_939608_1	892	745	0.0013	15.3	145	2820	k63_939608	1	0.24327354260089687	0.3167785234899329	-1
Cas3_1_CAS-I	k63_992572_3	875	745	5.3000000000000003e-45	152.2	2095	4719	k63_992572	3	0.456	0.48322147651006714	-1
Cas3_1_CAS-I-D	k63_1351752_6	914	353	0.001	16.4	6789	9530	k63_1351752	6	0.03938730853391685	0.10198300283286119	-1
Cas3_1_CAS-I-D	k63_1392346_3	995	353	0.0019	15.5	3839	6823	k63_1392346	3	0.06733668341708543	0.18696883852691218	1
Cas3_1_CAS-I-D	k63_663172_3	721	353	0.0012	16.2	2015	4177	k63_663172	3	0.15672676837725383	0.32011331444759206	-1
Cas3_1_CAS-I-D	k63_859639_8	435	353	0.04	11.2	11050	12354	k63_859639	8	0.12643678160919541	0.1359773371104816	1
Cas3_1_CAS-I-D	k63_866606_2	610	353	0.037	11.3	320	2149	k63_866606	2	0.07213114754098361	0.12464589235127478	1
Cas3_1_CAS-I-D	k63_939608_1	892	353	0.00019	18.8	145	2820	k63_939608	1	0.14349775784753363	0.35694050991501414	-1
Cas3_1_CAS-I-D	k63_968885_2	669	353	0.013	12.7	422	2428	k63_968885	2	0.08669656203288491	0.12181303116147309	-1
Cas3_1_CAS-I-D	k63_992572_3	875	353	0.023	11.9	2095	4719	k63_992572	3	0.072	0.17847025495750707	-1
Cas3_1_I	k63_1148815_2	422	178	0.0023	16.2	1107	2372	k63_1148815	2	0.0971563981042654	0.2303370786516854	1
Cas3_1_I	k63_1233588_1	749	178	4.2e-31	106.5	593	2839	k63_1233588	1	0.260347129506008	0.9943820224719101	1
Cas3_1_I	k63_1351752_6	914	178	3.9e-13	48.0	6789	9530	k63_1351752	6	0.16630196936542668	0.7584269662921348	-1
Cas3_1_I	k63_1392346_3	995	178	6.4e-14	50.5	3839	6823	k63_1392346	3	0.19195979899497487	0.9550561797752809	1
Cas3_1_I	k63_409489_1	353	178	7.2e-19	66.7	3	1061	k63_409489	1	0.5835694050991501	1.0	-1
Cas3_1_I	k63_547654_8	521	178	0.61	8.3	8751	10313	k63_547654	8	0.1324376199616123	0.42696629213483145	1
Cas3_1_I	k63_992572_3	875	178	1.1e-13	49.8	2095	4719	k63_992572	3	0.21942857142857142	0.9943820224719101	-1
Cas3_2_CAS-I	k63_1351752_6	914	967	3.2e-06	23.7	6789	9530	k63_1351752	6	0.10393873085339168	0.09720785935884178	-1
Cas3_2_CAS-I	k63_1392346_3	995	967	3.8e-06	23.4	3839	6823	k63_1392346	3	0.19597989949748743	0.18304033092037228	1
Cas3_2_CAS-I	k63_663172_3	721	967	3.4e-05	20.3	2015	4177	k63_663172	3	0.14285714285714285	0.10237849017580145	-1
Cas3_2_CAS-I	k63_782499_1	666	967	0.012	11.8	2	1999	k63_782499	1	0.13963963963963963	0.09203722854188211	1
Cas3_2_CAS-I	k63_923508_8	866	967	9.6e-16	55.2	5647	8244	k63_923508	8	0.33371824480369516	0.2874870734229576	1
Cas3_2_CAS-I	k63_968885_2	669	967	0.0015	14.8	422	2428	k63_968885	2	0.22122571001494767	0.15615305067218202	-1
Cas3_2_CAS-I	k63_992572_3	875	967	9.1e-05	18.9	2095	4719	k63_992572	3	0.07885714285714286	0.07135470527404343	-1
Cas3d_0_CAS-I-D	k63_923508_8	866	639	0.00081	16.1	5647	8244	k63_923508	8	0.1581986143187067	0.20970266040688576	1
Cas3d_1_CAS-I-D	k63_866606_2	610	627	7.5e-07	26.0	320	2149	k63_866606	2	0.3114754098360656	0.3094098883572568	1
Cas3d_1_CAS-I-D	k63_968885_2	669	627	0.0047	13.4	422	2428	k63_968885	2	0.24813153961136025	0.25199362041467305	-1
Cas4_0_CAS-I-II-III-IV-V-VI	k63_1050432_3	288	179	9.6e-05	20.8	1312	2175	k63_1050432	3	0.2569444444444444	0.37988826815642457	-1
Cas4_0_CAS-I-II-III-IV-V-VI	k63_1351752_2	563	179	5.2e-27	93.4	813	2501	k63_1351752	2	0.33570159857904086	0.9888268156424581	-1
Cas4_0_CAS-I-II-III-IV-V-VI	k63_1392346_5	571	179	2.7000000000000002e-27	94.3	7854	9566	k63_1392346	5	0.3274956217162872	0.994413407821229	1
Cas4_0_CAS-I-II-III-IV-V-VI	k63_508615_3	209	179	1.6e-07	29.9	1630	2256	k63_508615	3	0.5215311004784688	0.6256983240223464	1
Cas4_0_CAS-I-II-III-IV-V-VI	k63_569559_2	1167	179	0.021	13.2	3340	6840	k63_569559	2	0.060839760068551844	0.3743016759776536	1
Cas4_0_I-II	k63_1050432_3	288	180	6.6e-05	21.0	1312	2175	k63_1050432	3	0.2569444444444444	0.36666666666666664	-1
Cas4_0_I-II	k63_1351752_2	563	180	8.3e-30	102.1	813	2501	k63_1351752	2	0.33747779751332146	0.9888888888888889	-1
Cas4_0_I-II	k63_1392346_5	571	180	4.4999999999999995e-31	106.2	7854	9566	k63_1392346	5	0.329246935201401	0.9944444444444445	1
Cas4_0_I-II	k63_508615_3	209	180	2.7e-08	32.0	1630	2256	k63_508615	3	0.5933014354066986	0.7	1
Cas4_0_I-II	k63_569559_1	1111	180	0.036	12.0	2	3334	k63_569559	1	0.1269126912691269	0.6944444444444444	1
Cas4_0_I-II	k63_569559_2	1167	180	0.047	11.7	3340	6840	k63_569559	2	0.07712082262210797	0.46111111111111114	1
Cas4_0_I-II	k63_782232_2	1160	180	0.00049	18.1	192	3671	k63_782232	2	0.12241379310344827	0.7444444444444445	1
Cas4_0_I-II-V	k63_1050432_3	288	177	4.5e-05	21.7	1312	2175	k63_1050432	3	0.2569444444444444	0.3728813559322034	-1
Cas4_0_I-II-V	k63_1351752_2	563	177	3.3e-23	80.8	813	2501	k63_1351752	2	0.3321492007104796	0.9774011299435028	-1
Cas4_0_I-II-V	k63_1392346_5	571	177	3.1999999999999998e-24	84.1	7854	9566	k63_1392346	5	0.3222416812609457	0.9774011299435028	1
Cas4_0_I-II-V	k63_508615_3	209	177	2.5e-09	35.6	1630	2256	k63_508615	3	0.6172248803827751	0.7344632768361582	1
Cas4_0_V	k63_1351752_2	563	178	0.0023	16.1	813	2501	k63_1351752	2	0.3285968028419183	0.9550561797752809	-1
Cas4_0_V	k63_1392346_5	571	178	1.9e-05	22.9	7854	9566	k63_1392346	5	0.3239929947460595	0.9719101123595506	1
Cas4_3_CAS-I-II-III-IV-V-VI	k63_1351752_2	563	197	1.9e-20	71.9	813	2501	k63_1351752	2	0.3410301953818828	0.9137055837563451	-1
Cas4_3_CAS-I-II-III-IV-V-VI	k63_1392346_5	571	197	2.6e-22	78.0	7854	9566	k63_1392346	5	0.3362521891418564	0.9289340101522843	1
Cas4_3_CAS-I-II-III-IV-V-VI	k63_508615_3	209	197	0.047	11.9	1630	2256	k63_508615	3	0.49282296650717705	0.4873096446700508	1
Cas4_5_CAS-I-II-III-IV-V-VI	k63_1351752_2	563	161	2.4e-25	87.8	813	2501	k63_1351752	2	0.3339253996447602	0.9813664596273292	-1
Cas4_5_CAS-I-II-III-IV-V-VI	k63_1392346_5	571	161	1.2e-27	95.2	7854	9566	k63_1392346	5	0.3257443082311734	0.9875776397515528	1
Cas4_5_CAS-I-II-III-IV-V-VI	k63_508615_3	209	161	0.00041	18.7	1630	2256	k63_508615	3	0.3588516746411483	0.4161490683229814	1
Cas5_0_CAS-I	k63_1233588_2	223	201	4.7e-50	168.3	3136	3804	k63_1233588	2	0.9417040358744395	1.0	1
Cas5_0_CAS-I	k63_1418008_2	251	201	3.1e-25	87.3	1354	2106	k63_1418008	2	0.796812749003984	0.8905472636815921	1
Cas5_0_CAS-I-C	k63_1233588_2	223	198	2.9999999999999996e-84	280.0	3136	3804	k63_1233588	2	0.9372197309417041	1.0	1
Cas5_0_CAS-I-E	k63_1418008_2	251	182	1.3e-35	121.1	1354	2106	k63_1418008	2	0.6733067729083665	0.8901098901098901	1
Cas5_0_I	k63_1233588_2	223	43	1.9e-18	64.1	3136	3804	k63_1233588	2	0.18834080717488788	0.9767441860465116	1
Cas5_0_I	k63_1418008_2	251	43	2.5e-11	41.4	1354	2106	k63_1418008	2	0.16733067729083664	0.9767441860465116	1
Cas5_0_IC	k63_1233588_2	223	203	7.4999999999999995e-56	187.6	3136	3804	k63_1233588	2	0.9551569506726457	0.9901477832512315	1
Cas5_0_IC	k63_1294608_3	329	203	0.015	13.6	1196	2182	k63_1294608	3	0.12462006079027356	0.2019704433497537	1
Cas5_0_IE	k63_1418008_2	251	230	2.1e-46	156.6	1354	2106	k63_1418008	2	0.9043824701195219	0.9956521739130435	1
Cas5_10_CAS-I-B	k63_1418008_2	251	238	3e-05	21.7	1354	2106	k63_1418008	2	0.30278884462151395	0.31932773109243695	1
Cas5_1_CAS-I-C	k63_1233588_2	223	198	1.6999999999999999e-84	280.9	3136	3804	k63_1233588	2	0.9372197309417041	1.0	1
Cas5_1_CAS-I-E	k63_1418008_2	251	180	5.6e-36	122.2	1354	2106	k63_1418008	2	0.7330677290836654	0.9777777777777777	1
Cas5_1_IB	k63_1233588_2	223	241	0.00011	20.1	3136	3804	k63_1233588	2	0.26905829596412556	0.24896265560165975	1
Cas5_1_IC	k63_1418008_2	251	236	0.068	10.8	1354	2106	k63_1418008	2	0.14342629482071714	0.15254237288135594	1
Cas5_2_CAS-I	k63_1233588_2	223	213	1.1999999999999999e-46	157.5	3136	3804	k63_1233588	2	0.9372197309417041	0.9953051643192489	1
Cas5_2_CAS-I	k63_1418008_2	251	213	2.1000000000000002e-32	111.0	1354	2106	k63_1418008	2	0.8924302788844621	0.9953051643192489	1
Cas5_4_CAS-I-B	k63_1233588_2	223	190	5.2e-05	21.1	3136	3804	k63_1233588	2	0.17488789237668162	0.20526315789473684	1
Cas5_4_CAS-I-B	k63_1418008_2	251	190	0.0074	14.1	1354	2106	k63_1418008	2	0.30278884462151395	0.38421052631578945	1
Cas5_5_CAS-I-B	k63_1418008_2	251	220	0.014	13.3	1354	2106	k63_1418008	2	0.11155378486055777	0.12727272727272726	1
Cas5_6_CAS-I-B	k63_1506241_5	531	272	0.043	11.3	3060	4652	k63_1506241	5	0.0583804143126177	0.1213235294117647	1
Cas5_7_CAS-I-B	k63_1233588_2	223	239	6.7e-05	20.8	3136	3804	k63_1233588	2	0.17937219730941703	0.16736401673640167	1
Cas5_7_CAS-I-B	k63_1418008_2	251	239	0.036	11.9	1354	2106	k63_1418008	2	0.199203187250996	0.20920502092050208	1
Cas5u_0_CAS-I-U	k63_1351752_3	721	418	9.1e-73	243.8	2651	4813	k63_1351752	3	0.5991678224687933	0.9880382775119617	-1
Cas5u_0_CAS-I-U	k63_1392346_2	796	418	6.9e-14	49.8	1459	3846	k63_1392346	2	0.2989949748743719	0.5741626794258373	1
Cas5u_1_CAS-I-U	k63_1351752_3	721	501	9.999999999999999e-31	105.6	2651	4813	k63_1351752	3	0.8890429958391124	0.998003992015968	-1
Cas5u_1_CAS-I-U	k63_1392346_2	796	501	6.8e-40	135.9	1459	3846	k63_1392346	2	0.5251256281407035	0.8423153692614771	1
Cas6_0_IE	k63_1418008_3	264	208	2.7e-10	39.1	2103	2894	k63_1418008	3	0.45075757575757575	0.5817307692307693	1
Cas6_0_IVA3	k63_1418008_3	264	189	2.2e-07	29.0	2103	2894	k63_1418008	3	0.14015151515151514	0.19576719576719576	1
Cas6_3_IVA	k63_388592_1	699	192	0.012	13.7	100	2196	k63_388592	1	0.1759656652360515	0.3958333333333333	-1
Cas6_5_IV	k63_1418008_3	264	188	2e-07	29.1	2103	2894	k63_1418008	3	0.14015151515151514	0.19680851063829788	1
Cas6e_0_CAS-I-II-III-IV-V-VI	k63_1418008_3	264	210	7e-10	37.5	2103	2894	k63_1418008	3	0.5984848484848485	0.6523809523809524	1
Cas6e_1_CAS-I-II-III-IV-V-VI	k63_1418008_3	264	212	4.2999999999999996e-24	83.9	2103	2894	k63_1418008	3	0.8598484848484849	0.9292452830188679	1
Cas6e_2_CAS-I-II-III-IV-V-VI	k63_1418008_3	264	202	4.7e-24	84.0	2103	2894	k63_1418008	3	0.8560606060606061	0.9257425742574258	1
Cas7_0_CAS-I-C	k63_1233588_4	221	268	4.499999999999999e-62	208.2	5555	6217	k63_1233588	4	0.9864253393665159	0.7276119402985075	1
Cas7_0_CAS-I-E	k63_1108505_1	59	325	6.8e-24	83.5	2	178	k63_1108505	1	0.864406779661017	0.15692307692307692	-1
Cas7_0_CAS-I-E	k63_1418008_1	378	325	3.3e-98	327.8	257	1390	k63_1418008	1	0.8809523809523809	1.0	1
Cas7_0_CAS-I-U	k63_1351752_4	351	174	5.0000000000000004e-45	151.8	4837	5889	k63_1351752	4	0.4843304843304843	1.0	-1
Cas7_0_CAS-I-U	k63_1392346_1	400	174	1.9e-22	78.3	260	1459	k63_1392346	1	0.4	0.8793103448275862	1
Cas7_0_IC	k63_1233588_4	221	284	3.6e-83	277.4	5555	6217	k63_1233588	4	0.9728506787330317	0.7077464788732394	1
Cas7_0_IE	k63_1108505_1	59	325	7.7e-24	83.3	2	178	k63_1108505	1	0.847457627118644	0.15384615384615385	-1
Cas7_0_IE	k63_1418008_1	378	325	5e-96	320.6	257	1390	k63_1418008	1	0.8809523809523809	1.0	1
Cas7_1_CAS-I-B	k63_1233588_4	221	286	4.5e-29	99.9	5555	6217	k63_1233588	4	0.9728506787330317	0.6678321678321678	1
Cas7_1_CAS-I-C	k63_1233588_4	221	278	4.0000000000000003e-81	270.5	5555	6217	k63_1233588	4	0.9728506787330317	0.7050359712230215	1
Cas7_1_CAS-I-E	k63_1108505_1	59	359	3.3e-24	84.2	2	178	k63_1108505	1	0.8135593220338984	0.13370473537604458	-1
Cas7_1_CAS-I-E	k63_1418008_1	378	359	1.3e-98	328.9	257	1390	k63_1418008	1	0.9153439153439153	0.9387186629526463	1
Cas7_1_CAS-I-E	k63_553867_15	93	359	0.047	11.3	13306	13584	k63_553867	15	0.5806451612903226	0.15041782729805014	-1
Cas7_1_CAS-I-U	k63_1351752_4	351	168	1.4e-37	127.6	4837	5889	k63_1351752	4	0.48148148148148145	0.9880952380952381	-1
Cas7_1_CAS-I-U	k63_1392346_1	400	168	4.6e-27	93.3	260	1459	k63_1392346	1	0.42	0.9226190476190477	1
Cas7_2_CAS-I-C	k63_1233588_4	221	283	2.7999999999999997e-41	139.9	5555	6217	k63_1233588	4	1.0	0.6855123674911661	1
Cas7_2_IB	k63_1233588_4	221	286	1.8e-27	94.7	5555	6217	k63_1233588	4	0.9728506787330317	0.6678321678321678	1
Cas7_3_IB	k63_1233588_4	221	268	5.9e-64	214.4	5555	6217	k63_1233588	4	0.9864253393665159	0.7313432835820896	1
Cas7b_0_CAS-I-B-I-C	k63_1233588_4	221	254	5.9e-82	273.2	5555	6217	k63_1233588	4	0.9773755656108597	0.7283464566929134	1
Cas7f_1_CAS-I-F	k63_624872_1	242	331	0.039	11.5	323	1048	k63_624872	1	0.19008264462809918	0.1299093655589124	1
Cas7f_2_CAS-I-F	k63_624872_1	242	326	0.058	10.9	323	1048	k63_624872	1	0.1446280991735537	0.09815950920245399	1
Cas8c_0_CAS-I-C	k63_1233588_3	586	576	4e-150	499.3	3801	5558	k63_1233588	3	0.9795221843003413	0.9982638888888888	1
Cas8c_0_IC	k63_1233588_3	586	588	1.2e-175	583.6	3801	5558	k63_1233588	3	0.9761092150170648	0.9965986394557823	1
Cas8c_0_IC	k63_1399409_1	137	588	0.048	10.3	2	412	k63_1399409	1	0.583941605839416	0.1292517006802721	1
Cas8c_1_CAS-I-C	k63_1233588_3	586	570	3.1000000000000004e-167	555.7	3801	5558	k63_1233588	3	0.9692832764505119	1.0	1
Cas8c_3_CAS-I-C	k63_1233588_3	586	559	2.3000000000000003e-158	526.4	3801	5558	k63_1233588	3	0.962457337883959	1.0	1
Cas8e_0_CAS-I-E	k63_1108505_3	536	470	1.4e-14	52.2	1171	2778	k63_1108505	3	0.960820895522388	0.9914893617021276	-1
Cas8e_0_CAS-I-E	k63_992572_2	533	470	4.3e-29	100.1	325	1923	k63_992572	2	0.9455909943714822	0.9936170212765958	-1
Cas8e_1_CAS-I-E	k63_992572_2	533	474	2.3e-10	38.3	325	1923	k63_992572	2	0.8386491557223265	0.930379746835443	-1
Cas8e_2_CAS-I-E	k63_1108505_3	536	523	8.9e-158	524.2	1171	2778	k63_1108505	3	0.996268656716418	0.988527724665392	-1
Cas8e_2_CAS-I-E	k63_992572_2	533	523	1.8e-179	595.8	325	1923	k63_992572	2	0.9699812382739212	0.9770554493307839	-1
Cas8u1_1_CAS-I-U	k63_1392346_4	313	312	4e-83	277.5	6810	7748	k63_1392346	4	0.9776357827476039	0.9839743589743589	1
Cas8u2_0_CAS-I-U	k63_1351752_5	309	272	7.7e-44	148.0	5870	6796	k63_1351752	5	0.9029126213592233	0.9926470588235294	-1
Cas8u2_1_CAS-I-U	k63_1351752_5	309	296	4.4e-13	47.0	5870	6796	k63_1351752	5	0.343042071197411	0.36486486486486486	-1
Cas9_0_CAS-II-B	k63_547654_2	199	804	0.073	9.4	1898	2494	k63_547654	2	0.15577889447236182	0.03731343283582089	1
Cas9_0_II	k63_1352655_2	216	830	0.0043	13.6	471	1118	k63_1352655	2	0.14814814814814814	0.04216867469879518	-1
Cas9_0_II	k63_547654_2	199	830	0.00018	18.2	1898	2494	k63_547654	2	0.34673366834170855	0.09036144578313253	1
Cas9_0_II	k63_95389_12	103	830	0.00027	17.6	7822	8130	k63_95389	12	0.8349514563106796	0.10963855421686747	1
Cas9_0_II-C2	k63_1352655_2	216	967	0.047	9.9	471	1118	k63_1352655	2	0.13425925925925927	0.02998965873836608	-1
Cas9_0_II-C2	k63_542041_4	91	967	2.1e-09	34.3	1676	1948	k63_542041	4	0.8021978021978022	0.07238883143743537	1
Cas9_0_II-C2	k63_547654_2	199	967	9.5e-14	48.7	1898	2494	k63_547654	2	0.2964824120603015	0.06101344364012409	1
Cas9_0_II-C2	k63_95389_12	103	967	1.2e-06	25.2	7822	8130	k63_95389	12	0.6601941747572816	0.06928645294725956	1
Cas9_0_II-D	k63_117124_7	264	853	0.0014	15.3	3327	4118	k63_117124	7	0.4393939393939394	0.1160609613130129	-1
Cas9_0_II-D	k63_1323962_1	69	853	0.0062	13.2	227	433	k63_1323962	1	0.6521739130434783	0.05275498241500586	1
Cas9_0_II-D	k63_1352655_2	216	853	6.9e-05	19.6	471	1118	k63_1352655	2	0.27314814814814814	0.06213364595545135	-1
Cas9_0_II-D	k63_542041_4	91	853	2.1e-09	34.5	1676	1948	k63_542041	4	0.8131868131868132	0.08792497069167643	1
Cas9_0_II-D	k63_547654_2	199	853	8.8e-15	52.3	1898	2494	k63_547654	2	0.3015075376884422	0.06916764361078546	1
Cas9_0_II-D	k63_95389_11	140	853	0.0052	13.4	7364	7783	k63_95389	11	0.37857142857142856	0.059788980070339975	-1
Cas9_0_II-D	k63_95389_12	103	853	2.1e-08	31.3	7822	8130	k63_95389	12	0.6504854368932039	0.07620164126611957	1
Cas9_0_IIB	k63_547654_2	199	802	0.083	9.3	1898	2494	k63_547654	2	0.15577889447236182	0.03740648379052369	1
Cas9_1_II	k63_95389_12	103	1120	0.024	10.9	7822	8130	k63_95389	12	0.8349514563106796	0.08035714285714286	1
CasR_0_CAS-I-II-III-IV-V-VI	k63_1036977_4	225	198	0.0037	15.1	2763	3437	k63_1036977	4	0.19111111111111112	0.2222222222222222	-1
CasR_0_CAS-I-II-III-IV-V-VI	k63_1220997_2	372	198	0.019	12.8	995	2110	k63_1220997	2	0.1881720430107527	0.25252525252525254	-1
CasR_0_CAS-I-II-III-IV-V-VI	k63_1345115_1	82	198	0.011	13.5	3	248	k63_1345115	1	0.524390243902439	0.21717171717171718	1
CasR_0_CAS-I-II-III-IV-V-VI	k63_316765_2	199	198	0.00028	18.7	2540	3136	k63_316765	2	0.31155778894472363	0.30808080808080807	-1
CasR_0_CAS-I-II-III-IV-V-VI	k63_511563_3	918	198	0.029	12.2	2720	5473	k63_511563	3	0.10021786492374728	0.4595959595959596	-1
CasR_0_CAS-I-II-III-IV-V-VI	k63_553054_3	123	198	0.0091	13.8	1258	1626	k63_553054	3	0.6341463414634146	0.3888888888888889	1
CasR_0_CAS-I-II-III-IV-V-VI	k63_8445_4	130	198	0.022	12.5	1870	2259	k63_8445	4	0.3	0.20707070707070707	-1
CasR_1_CAS-I-II-III-IV-V-VI	k63_1036977_4	225	218	0.0061	13.9	2763	3437	k63_1036977	4	0.17777777777777778	0.18807339449541285	-1
CasR_1_CAS-I-II-III-IV-V-VI	k63_1299582_2	563	218	0.0029	15.0	403	2091	k63_1299582	2	0.15630550621669628	0.2706422018348624	1
CasR_1_CAS-I-II-III-IV-V-VI	k63_1345115_1	82	218	0.0022	15.4	3	248	k63_1345115	1	0.5365853658536586	0.2018348623853211	1
CasR_1_CAS-I-II-III-IV-V-VI	k63_1521393_4	557	218	0.022	12.1	1106	2776	k63_1521393	4	0.19569120287253142	0.3211009174311927	-1
CasR_1_CAS-I-II-III-IV-V-VI	k63_316765_2	199	218	0.00095	16.6	2540	3136	k63_316765	2	0.37185929648241206	0.3348623853211009	-1
CasR_1_CAS-I-II-III-IV-V-VI	k63_553054_3	123	218	0.0091	13.4	1258	1626	k63_553054	3	0.6341463414634146	0.3532110091743119	1
CasR_1_CAS-I-II-III-IV-V-VI	k63_579737_3	153	218	0.041	11.2	1277	1735	k63_579737	3	0.2679738562091503	0.19724770642201836	-1
CasR_1_CAS-I-II-III-IV-V-VI	k63_8445_4	130	218	0.0073	13.7	1870	2259	k63_8445	4	0.3	0.18807339449541285	-1
CasR_1_CAS-I-II-III-IV-V-VI	k63_925055_2	390	218	0.011	13.1	722	1891	k63_925055	2	0.24615384615384617	0.43119266055045874	-1
CasR_3_CAS-III-D	k63_469786_3	264	384	0.014	12.5	1256	2047	k63_469786	3	0.09848484848484848	0.06770833333333333	-1
Cmr5gr11_0_CAS-III-B	k63_444417_4	130	225	0.055	11.2	1589	1978	k63_444417	4	0.4	0.24444444444444444	1
Cmr5gr11_1_CAS-III-C	k63_652096_9	531	180	6.8	4.7	9133	10725	k63_652096	9	0.2033898305084746	0.35555555555555557	1
CorA_0_CAS-III-D	k63_760921_2	122	346	0.023	12.1	887	1252	k63_760921	2	0.7868852459016393	0.17630057803468208	-1
CorA_1_CAS-III-B	k63_16534_1	1164	125	0.013	13.7	223	3714	k63_16534	1	0.03264604810996564	0.304	-1
Csa3_1_CAS-I-II-III-IV-V-VI	k63_1036977_4	225	118	0.0073	14.9	2763	3437	k63_1036977	4	0.29333333333333333	0.5677966101694916	-1
Csa3_1_CAS-I-II-III-IV-V-VI	k63_1298850_1	526	118	0.041	12.5	214	1791	k63_1298850	1	0.16539923954372623	0.5084745762711864	1
Csa3_1_CAS-I-II-III-IV-V-VI	k63_579737_3	153	118	0.022	13.4	1277	1735	k63_579737	3	0.40522875816993464	0.423728813559322	-1
Csa3_1_CAS-I-II-III-IV-V-VI	k63_8028_3	234	118	6e-10	37.7	1046	1747	k63_8028	3	0.2948717948717949	0.6186440677966102	-1
Csb1_0_IU	k63_1351752_4	351	178	2.9e-38	129.6	4837	5889	k63_1351752	4	0.4843304843304843	1.0	-1
Csb1_0_IU	k63_1392346_1	400	178	1e-20	72.5	260	1459	k63_1392346	1	0.42	0.9269662921348315	1
Csb1gr7_0_CAS-I-U	k63_1351752_4	351	169	1.3e-36	124.1	4837	5889	k63_1351752	4	0.45584045584045585	0.9822485207100592	-1
Csb1gr7_0_CAS-I-U	k63_1392346_1	400	169	9.499999999999999e-53	176.7	260	1459	k63_1392346	1	0.4275	0.9822485207100592	1
Csb2_0_IU	k63_1351752_3	721	492	1.6e-107	358.9	2651	4813	k63_1351752	3	0.9694868238557559	0.9979674796747967	-1
Csb2_0_IU	k63_1392346_2	796	492	2.2e-90	302.3	1459	3846	k63_1392346	2	0.7374371859296482	1.0	1
Csb2gr5_0_CAS-I-U	k63_1351752_3	721	498	4.5e-110	367.1	2651	4813	k63_1351752	3	0.9722607489597781	0.9799196787148594	-1
Csb2gr5_0_CAS-I-U	k63_1392346_2	796	498	4.0999999999999995e-90	301.3	1459	3846	k63_1392346	2	0.714824120603015	0.9879518072289156	1
Csb2gr5_1_CAS-I-U	k63_1351752_3	721	534	4.1e-23	80.1	2651	4813	k63_1351752	3	0.42857142857142855	0.6479400749063671	-1
Csb2gr5_1_CAS-I-U	k63_1392346_2	796	534	1e-22	78.8	1459	3846	k63_1392346	2	0.5087939698492462	0.8052434456928839	1
Csb3_0_IU	k63_1351752_5	309	282	9.7e-65	217.1	5870	6796	k63_1351752	5	0.9514563106796117	0.9893617021276596	-1
Csc1gr5_5_CAS-I-D	k63_27222_5	360	210	0.043	11.6	3954	5033	k63_27222	5	0.1111111111111111	0.19047619047619047	-1
Cse1_0_IE	k63_1108505_3	536	504	6.2e-13	46.6	1171	2778	k63_1108505	3	0.5783582089552238	0.6111111111111112	-1
Cse1_0_IE	k63_906398_4	302	504	0.0084	13.2	2394	3299	k63_906398	4	0.19205298013245034	0.11706349206349206	1
Cse1_0_IE	k63_992572_2	533	504	4.3000000000000004e-30	103.2	325	1923	k63_992572	2	0.9455909943714822	0.9920634920634921	-1
Cse2_0_IE	k63_1108505_2	323	159	3.3e-12	45.2	206	1174	k63_1108505	2	0.47368421052631576	0.9748427672955975	-1
Cse2gr11_0_CAS-I-E	k63_1108505_2	323	160	1.9e-12	46.0	206	1174	k63_1108505	2	0.44891640866873067	0.93125	-1
Cse2gr11_1_CAS-I-E	k63_1108505_2	323	143	9.7e-14	50.0	206	1174	k63_1108505	2	0.43962848297213625	1.0	-1
Cse2gr11_4_CAS-I-E	k63_1108505_2	323	181	5.5e-24	83.3	206	1174	k63_1108505	2	0.4551083591331269	0.8176795580110497	-1
Cse2gr11_4_CAS-I-E	k63_992572_1	115	181	1.5e-14	52.5	12	356	k63_992572	1	0.7652173913043478	0.46408839779005523	-1
Cse2gr11_6_CAS-I-E	k63_1108505_2	323	183	7.7e-34	115.0	206	1174	k63_1108505	2	0.4984520123839009	0.8688524590163934	-1
Cse2gr11_7_CAS-I-E	k63_1108505_2	323	144	7.9e-10	37.5	206	1174	k63_1108505	2	0.42724458204334365	0.9930555555555556	-1
Csf2_1_IVA3	k63_1196784_5	79	263	0.034	11.6	2288	2524	k63_1196784	5	0.6962025316455697	0.20912547528517111	-1
Csf4_0_IVA	k63_859639_8	435	666	0.00018	18.4	11050	12354	k63_859639	8	0.16551724137931034	0.1066066066066066	1
Csf4_1_IVA1	k63_113470_2	733	802	6.3e-06	22.8	749	2947	k63_113470	2	0.14051841746248295	0.12718204488778054	-1
Csf4_1_IVA1	k63_923508_8	866	802	0.0016	14.9	5647	8244	k63_923508	8	0.10739030023094688	0.11845386533665836	1
Csm2gr11_3_CAS-III-A	k63_858324_5	47	141	0.02	13.3	1813	1953	k63_858324	5	0.5531914893617021	0.18439716312056736	-1
Csm3gr7_9_CAS-III-A-III-D	k63_1419502_3	111	271	0.014	13.3	1337	1669	k63_1419502	3	0.45045045045045046	0.18450184501845018	-1
Csm5gr7_2_CAS-III-A-III-D	k63_1574138_3	169	258	0.022	12.3	826	1332	k63_1574138	3	0.30177514792899407	0.19767441860465115	1
Csn2_7_CAS-II-A	k63_1185243_2	381	372	0.029	11.5	1347	2489	k63_1185243	2	0.11811023622047244	0.12096774193548387	-1
Csn2_7_CAS-II-A	k63_291490_5	467	372	0.00013	19.3	3420	4820	k63_291490	5	0.16488222698072805	0.20698924731182797	1
Csn2_7_CAS-II-A	k63_548621_3	253	372	0.034	11.3	2335	3093	k63_548621	3	0.3675889328063241	0.25	1
Csn2_7_CAS-II-A	k63_596765_13	176	372	0.02	12.0	14161	14688	k63_596765	13	0.3977272727272727	0.19623655913978494	1
Csn2_7_CAS-II-A	k63_926012_4	378	372	0.0069	13.6	1303	2436	k63_926012	4	0.20105820105820105	0.20967741935483872	-1
Csx18_0_CAS-I-III	k63_1190593_3	233	96	0.049	11.8	1751	2449	k63_1190593	3	0.22746781115879827	0.5520833333333334	1
Csx19_12_CAS-III-D	k63_19026_1	284	214	0.011	13.3	1	852	k63_19026	1	0.2640845070422535	0.3691588785046729	-1
Csx19_1_CAS-III-D	k63_965195_2	183	200	0.02	12.5	573	1121	k63_965195	2	0.273224043715847	0.265	-1
Csx1_11_CAS-III	k63_334588_2	332	206	0.058	11.1	846	1841	k63_334588	2	0.15060240963855423	0.2524271844660194	1
Csx1_7_CAS-III	k63_364301_5	1105	309	0.1	10.3	4008	7322	k63_364301	5	0.1502262443438914	0.41423948220064727	-1
Csx20_0_CAS-I-III	k63_495689_4	423	131	0.043	12.2	3015	4283	k63_495689	4	0.1276595744680851	0.4122137404580153	-1
Csx27_0_CAS-VI-B	k63_1085855_2	227	238	8.3	4.6	1887	2567	k63_1085855	2	0.2290748898678414	0.2184873949579832	1
Csx3_2_CAS-I-III	k63_1004283_4	421	277	0.0031	14.9	7179	8441	k63_1004283	4	0.08076009501187649	0.11191335740072202	1
Csx3_2_CAS-I-III	k63_1097765_9	263	277	0.005	14.2	8987	9775	k63_1097765	9	0.09125475285171103	0.08664259927797834	1
Csx3_2_CAS-I-III	k63_1237934_1	393	277	0.0018	15.7	3	1181	k63_1237934	1	0.06870229007633588	0.09747292418772563	-1
Csx3_2_CAS-I-III	k63_1592234_1	447	277	8.2e-07	26.6	68	1408	k63_1592234	1	0.1789709172259508	0.19494584837545126	-1
Csx3_2_CAS-I-III	k63_541934_5	696	277	0.00042	17.7	2772	4859	k63_541934	5	0.08189655172413793	0.10830324909747292	-1
Csx3_2_CAS-I-III	k63_560972_4	68	277	0.0011	16.3	3009	3212	k63_560972	4	0.38235294117647056	0.09386281588447654	1
Csx3_2_CAS-I-III	k63_867161_4	509	277	0.026	11.8	986	2512	k63_867161	4	0.05108055009823183	0.09386281588447654	-1
Csx3_2_CAS-I-III	k63_896643_3	258	277	0.0039	14.5	2342	3115	k63_896643	3	0.10465116279069768	0.09747292418772563	1
Csx3_2_CAS-I-III	k63_982025_1	255	277	0.0017	15.7	1	765	k63_982025	1	0.10588235294117647	0.09747292418772563	-1
CysH_0_IVB	k63_1547441_2	478	249	0.045	11.6	1097	2530	k63_1547441	2	0.13389121338912133	0.24096385542168675	1
CysH_0_IVB	k63_963743_2	281	249	0.041	11.7	1845	2687	k63_963743	2	0.1494661921708185	0.1646586345381526	1
DEDDh_0_CAS-I-II-III-IV-V-VI	k63_409489_2	179	160	4.0000000000000004e-24	83.8	1177	1713	k63_409489	2	0.8547486033519553	0.9875	1
HEAT_CxxC_PDDEXK_0_CAS-I-C	k63_511563_2	445	288	1.3e-06	25.9	1401	2735	k63_511563	2	0.5101123595505618	0.3020833333333333	-1
HEAT_CxxC_PDDEXK_0_CAS-I-C	k63_813780_2	426	288	1.2e-05	22.8	1646	2923	k63_813780	2	0.4154929577464789	0.2534722222222222	-1
HTH_0_CAS-III-A	k63_1103675_3	143	364	0.01	13.2	497	925	k63_1103675	3	0.36363636363636365	0.13736263736263737	1
HTH_0_CAS-III-A	k63_433165_1	129	364	0.072	10.4	1	387	k63_433165	1	0.32558139534883723	0.11538461538461539	1
HTH_0_CAS-III-A	k63_547654_5	76	364	0.084	10.2	7227	7454	k63_547654	5	0.8026315789473685	0.16758241758241757	1
HTH_0_CAS-III-A	k63_801705_5	228	364	0.004	14.5	2035	2718	k63_801705	5	0.13596491228070176	0.08516483516483517	1
Mem_01_0_CAS-III-B	k63_560972_2	321	534	0.32	8.0	1226	2188	k63_560972	2	0.20249221183800623	0.13295880149812733	1
Mem_DnaJ_0_CAS-III-AM	k63_139522_3	116	284	3.4e-08	31.4	505	852	k63_139522	3	0.5517241379310345	0.2323943661971831	-1
Mem_DnaJ_0_CAS-III-AM	k63_246186_3	372	284	0.028	11.9	3818	4933	k63_246186	3	0.13978494623655913	0.2007042253521127	-1
NYN_0_CAS-III-B	k63_1219906_9	98	320	7e-05	20.3	7134	7427	k63_1219906	9	0.45918367346938777	0.134375	-1
NYN_0_CAS-III-B	k63_258482_10	299	320	7.2e-06	23.6	9181	10077	k63_258482	10	0.3076923076923077	0.29375	1
PD_DExK_0_CAS-I-II-III-IV-V-VI	k63_562287_2	319	159	6.5e-27	92.6	308	1264	k63_562287	2	0.6050156739811913	0.7044025157232704	-1
PrimPol_0_CAS-I-II-III-IV-V-VI	k63_215072_1	787	361	1.8e-113	377.4	1	2361	k63_215072	1	0.4256670902160102	0.8642659279778393	1
PrimPol_0_CAS-I-II-III-IV-V-VI	k63_336109_7	385	361	0.016	12.4	5084	6238	k63_336109	7	0.15324675324675324	0.15512465373961218	1
PrimPol_1_CAS-I-II-III-IV-V-VI	k63_16454_3	305	130	2.4e-13	48.5	2591	3505	k63_16454	3	0.380327868852459	0.9307692307692308	1
RT_0_CAS-I-E	k63_171863_2	446	414	7e-06	23.2	87	1424	k63_171863	2	0.16367713004484305	0.178743961352657	-1
RT_0_CAS-I-E	k63_508615_2	353	414	0.015	12.3	126	1184	k63_508615	2	0.26628895184135976	0.22705314009661837	-1
RT_0_CAS-I-II-III-IV-V-VI	k63_1078629_3	596	213	1.5e-21	75.3	2198	3985	k63_1078629	3	0.3338926174496644	0.8826291079812206	1
RT_0_CAS-I-II-III-IV-V-VI	k63_1308232_1	443	213	2.6e-40	136.5	230	1558	k63_1308232	1	0.5011286681715575	1.0	-1
RT_0_CAS-I-II-III-IV-V-VI	k63_13355_5	424	213	1.9e-20	71.6	3431	4702	k63_13355	5	0.5023584905660378	0.9624413145539906	1
RT_0_CAS-I-II-III-IV-V-VI	k63_171863_2	446	213	1.7999999999999998e-35	120.7	87	1424	k63_171863	2	0.4730941704035874	1.0	-1
RT_0_CAS-I-II-III-IV-V-VI	k63_339965_8	879	213	3.1e-06	25.2	10129	12765	k63_339965	8	0.12514220705346984	0.48826291079812206	1
RT_0_CAS-I-II-III-IV-V-VI	k63_4729_2	442	213	1.7000000000000002e-32	111.0	588	1913	k63_4729	2	0.5226244343891403	0.9953051643192489	-1
RT_0_CAS-I-II-III-IV-V-VI	k63_555308_2	415	213	3.0999999999999997e-46	155.9	977	2221	k63_555308	2	0.5325301204819277	1.0	1
RT_0_CAS-I-II-III-IV-V-VI	k63_556014_1	462	213	5.300000000000001e-44	148.6	440	1825	k63_556014	1	0.44805194805194803	0.9953051643192489	1
RT_0_CAS-III-AM-III-B	k63_1078629_3	596	298	2.3e-45	153.0	2198	3985	k63_1078629	3	0.5134228187919463	0.9563758389261745	1
RT_0_CAS-III-AM-III-B	k63_1308232_1	443	298	7.100000000000001e-76	253.1	230	1558	k63_1308232	1	0.6501128668171557	0.9161073825503355	-1
RT_0_CAS-III-AM-III-B	k63_13355_5	424	298	1.2e-48	163.7	3431	4702	k63_13355	5	0.5943396226415094	0.8120805369127517	1
RT_0_CAS-III-AM-III-B	k63_171863_2	446	298	5.9999999999999996e-92	305.9	87	1424	k63_171863	2	0.6502242152466368	0.9630872483221476	-1
RT_0_CAS-III-AM-III-B	k63_339965_8	879	298	1.3e-14	52.0	10129	12765	k63_339965	8	0.18088737201365188	0.5033557046979866	1
RT_0_CAS-III-AM-III-B	k63_4729_2	442	298	4.7999999999999995e-61	204.4	588	1913	k63_4729	2	0.6108597285067874	0.8758389261744967	-1
RT_0_CAS-III-AM-III-B	k63_555308_2	415	298	1.9000000000000002e-78	261.5	977	2221	k63_555308	2	0.6939759036144578	0.9228187919463087	1
RT_0_CAS-III-AM-III-B	k63_556014_1	462	298	1.5999999999999998e-85	284.8	440	1825	k63_556014	1	0.5995670995670995	0.9295302013422819	1
RecD_0_IVD	k63_1014295_1	1226	763	0.005	13.2	2	3679	k63_1014295	1	0.03099510603588907	0.053735255570117955	1
RecD_0_IVD	k63_1188296_6	552	763	0.0001	18.7	4120	5775	k63_1188296	6	0.47101449275362317	0.30144167758846657	-1
RecD_0_IVD	k63_1323796_2	736	763	9.8e-67	223.8	481	2688	k63_1323796	2	0.7404891304347826	0.745740498034076	-1
RecD_0_IVD	k63_1334139_5	574	763	0.04	10.2	2609	4330	k63_1334139	5	0.18641114982578397	0.13892529488859764	-1
RecD_0_IVD	k63_1467171_3	429	763	0.00014	18.3	563	1849	k63_1467171	3	0.20745920745920746	0.10747051114023591	-1
RecD_0_IVD	k63_1846_3	1963	763	2.3e-05	20.9	968	6856	k63_1846	3	0.06367804381049415	0.16775884665792923	-1
RecD_0_IVD	k63_216255_1	1011	763	0.00016	18.1	2	3034	k63_216255	1	0.06033630069238378	0.0799475753604194	-1
RecD_0_IVD	k63_453414_4	310	763	0.0058	12.9	2874	3803	k63_453414	4	0.23870967741935484	0.09305373525557012	-1
RecD_0_IVD	k63_547654_4	304	763	4.5e-06	23.2	6234	7145	k63_547654	4	0.3519736842105263	0.1363040629095675	1
RecD_0_IVD	k63_574076_1	649	763	0.00037	16.9	25	1971	k63_574076	1	0.2711864406779661	0.20838794233289645	-1
RecD_0_IVD	k63_596689_8	258	763	0.051	9.8	5560	6333	k63_596689	8	0.17829457364341086	0.057667103538663174	1
RecD_0_IVD	k63_602842_1	731	763	5.2e-78	261.1	336	2528	k63_602842	1	0.7510259917920656	0.7509829619921363	-1
TPR_0_CAS-III-A	k63_214665_3	819	435	0.003	14.8	3312	5768	k63_214665	3	0.16727716727716727	0.1425287356321839	-1
TPR_0_CAS-III-A	k63_553930_2	186	435	0.0061	13.8	1479	2036	k63_553930	2	0.26344086021505375	0.11264367816091954	1
TPR_0_CAS-III-B	k63_1400192_5	776	488	0.00065	16.7	5115	7442	k63_1400192	5	0.3543814432989691	0.4487704918032787	1
TPR_0_CAS-III-B	k63_214665_2	424	488	0.0015	15.6	1246	2517	k63_214665	2	0.1320754716981132	0.11475409836065574	-1
TPR_0_CAS-III-B	k63_646602_7	232	488	8.7e-06	22.9	9783	10478	k63_646602	7	0.5	0.2725409836065574	-1
TPR_0_CAS-III-B	k63_971957_1	777	488	3.7e-11	40.6	371	2701	k63_971957	1	0.28314028314028317	0.48155737704918034	1
TPR_1_CAS-III-A	k63_1036168_1	347	462	2.2e-06	24.8	3	1043	k63_1036168	1	0.521613832853026	0.4090909090909091	-1
TPR_1_CAS-III-A	k63_1400192_5	776	462	4e-06	24.0	5115	7442	k63_1400192	5	0.29381443298969073	0.3333333333333333	1
TPR_1_CAS-III-A	k63_214665_2	424	462	0.0038	14.1	1246	2517	k63_214665	2	0.3466981132075472	0.3268398268398268	-1
TPR_1_CAS-III-A	k63_214665_3	819	462	1.4e-06	25.5	3312	5768	k63_214665	3	0.3626373626373626	0.341991341991342	-1
TPR_1_CAS-III-A	k63_867465_3	70	462	0.00013	19.0	1692	1901	k63_867465	3	0.5285714285714286	0.08008658008658008	1
TPR_1_CAS-III-B	k63_214665_2	424	537	0.27	8.1	1246	2517	k63_214665	2	0.49528301886792453	0.30726256983240224	-1
TPR_1_CAS-III-B	k63_646602_7	232	537	0.0032	14.4	9783	10478	k63_646602	7	0.4482758620689655	0.13221601489757914	-1
TPR_1_CAS-III-B	k63_867465_3	70	537	0.0091	12.9	1692	1901	k63_867465	3	0.8285714285714286	0.186219739292365	1
TPR_1_CAS-III-B	k63_971957_1	777	537	0.00024	18.2	371	2701	k63_971957	1	0.3178893178893179	0.329608938547486	1
TnpB_0_Competitive	k63_441985_3	345	400	2.7000000000000004e-32	110.4	1177	2211	k63_441985	3	0.9826086956521739	0.8225	1
TnpB_1_Competitive	k63_441985_3	345	409	4.8e-44	148.9	1177	2211	k63_441985	3	0.9768115942028985	0.7995110024449877	1
TnsB_0_V-K	k63_322759_2	179	621	0.015	11.7	886	1422	k63_322759	2	0.20670391061452514	0.05958132045088567	-1
WYL_0_CAS-I-II-III-IV-V-VI	k63_1399920_7	482	313	0.00081	17.2	5607	7052	k63_1399920	7	0.1016597510373444	0.15335463258785942	-1
WYL_0_CAS-I-II-III-IV-V-VI	k63_541934_3	332	313	7.699999999999999e-35	119.1	1013	2008	k63_541934	3	0.9668674698795181	0.9776357827476039	-1
WYL_0_CAS-I-II-III-IV-V-VI	k63_965102_3	192	313	6.5e-05	20.8	1540	2115	k63_965102	3	0.3385416666666667	0.19808306709265175	1
WYL_1_CAS-I-II-III-IV-V-VI	k63_541934_3	332	462	0.031	11.4	1013	2008	k63_541934	3	0.14457831325301204	0.10173160173160173	-1
WYL_2_CAS-I-II-III-IV-V-VI	k63_541934_3	332	462	0.031	11.4	1013	2008	k63_541934	3	0.14457831325301204	0.10173160173160173	-1
WYL_3_CAS-I-II-III-IV-V-VI	k63_541934_3	332	172	1.8e-39	133.8	1013	2008	k63_541934	3	0.6355421686746988	0.9767441860465116	-1
htpX_0_CAS-III-B	k63_1186231_2	389	343	0.0012	16.3	1437	2603	k63_1186231	2	0.16452442159383032	0.1836734693877551	1
htpX_0_CAS-III-B	k63_1301545_16	457	343	0.031	11.6	16981	18351	k63_1301545	16	0.13129102844638948	0.1924198250728863	-1
htpX_0_CAS-III-B	k63_133027_24	229	343	0.00081	16.8	23182	23868	k63_133027	24	0.1703056768558952	0.12244897959183673	1
htpX_0_CAS-III-B	k63_557305_5	98	343	0.0057	14.0	5629	5922	k63_557305	5	0.3979591836734694	0.11370262390670553	1
htpX_0_CAS-III-B	k63_968567_2	435	343	4.9e-06	24.1	953	2257	k63_968567	2	0.41379310344827586	0.4956268221574344	1
