Hmm	ORF	tlen	qlen	Eval	score	start	end	Acc	Pos	Cov_seq	Cov_hmm	strand
2OG_1_CAS-I-II-III-IV-V-VI	k141_1466_414	606	94	0.024	13.1	469831	471648	k141_1466	414	0.07095709570957096	0.3829787234042553	1
2OG_1_CAS-I-II-III-IV-V-VI	k141_1466_418	421	94	2.1e-15	55.0	478115	479377	k141_1466	418	0.24465558194774348	0.9787234042553191	-1
2OG_1_CAS-I-II-III-IV-V-VI	k141_1466_78	208	94	3.6e-17	60.6	74458	75081	k141_1466	78	0.44711538461538464	0.9468085106382979	1
2OG_1_CAS-I-II-III-IV-V-VI	k141_2321_109	243	94	1.5e-11	42.6	136812	137540	k141_2321	109	0.37037037037037035	0.9574468085106383	-1
2OG_1_CAS-I-II-III-IV-V-VI	k141_3434_25	203	94	9.3e-20	68.9	31180	31788	k141_3434	25	0.5221674876847291	1.0	-1
2OG_1_CAS-I-II-III-IV-V-VI	k141_3434_340	236	94	5.3e-10	37.7	398032	398739	k141_3434	340	0.4449152542372881	0.9680851063829787	-1
2OG_1_CAS-I-II-III-IV-V-VI	k141_921_213	369	94	3.6e-15	54.2	215947	217053	k141_921	213	0.22764227642276422	0.9361702127659575	1
2OG_1_CAS-I-II-III-IV-V-VI	k141_921_258	257	94	0.014	13.8	257748	258518	k141_921	258	0.45525291828793774	0.8936170212765957	-1
AbiEii_0_CAS-III	k141_1038_14	267	284	0.0034	14.7	13297	14097	k141_1038	14	0.31835205992509363	0.2852112676056338	1
AbiEii_0_CAS-III	k141_1466_180	395	284	0.018	12.3	213830	215014	k141_1466	180	0.24050632911392406	0.33098591549295775	-1
AbiEii_0_CAS-III	k141_1466_355	614	284	0.00097	16.5	400476	402317	k141_1466	355	0.1254071661237785	0.2676056338028169	1
AbiEii_0_CAS-III	k141_1466_371	325	284	1.3e-07	29.2	418581	419555	k141_1466	371	0.31076923076923074	0.34507042253521125	1
AbiEii_0_CAS-III	k141_1466_50	246	284	0.0022	15.4	41574	42311	k141_1466	50	0.46747967479674796	0.3591549295774648	-1
AbiEii_0_CAS-III	k141_1779_89	441	284	0.0023	15.3	86599	87921	k141_1779	89	0.05895691609977324	0.08450704225352113	-1
AbiEii_0_CAS-III	k141_2321_131	228	284	5.4e-05	20.6	161802	162485	k141_2321	131	0.45614035087719296	0.352112676056338	1
AbiEii_0_CAS-III	k141_2321_207	595	284	0.0013	16.1	244344	246128	k141_2321	207	0.09747899159663866	0.19718309859154928	-1
AbiEii_0_CAS-III	k141_2321_287	572	284	0.0016	15.8	329067	330782	k141_2321	287	0.3548951048951049	0.3908450704225352	1
AbiEii_0_CAS-III	k141_2321_425	220	284	0.04	11.2	490162	490821	k141_2321	425	0.22727272727272727	0.17253521126760563	1
AbiEii_0_CAS-III	k141_2321_480	605	284	3.9e-10	37.5	548061	549875	k141_2321	480	0.32727272727272727	0.397887323943662	1
AbiEii_0_CAS-III	k141_2321_490	351	284	0.014	12.7	556657	557709	k141_2321	490	0.07122507122507123	0.0880281690140845	1
AbiEii_0_CAS-III	k141_2321_584	237	284	0.00016	19.1	657805	658515	k141_2321	584	0.4177215189873418	0.323943661971831	1
AbiEii_0_CAS-III	k141_2321_83	306	284	0.0076	13.6	106813	107730	k141_2321	83	0.38235294117647056	0.41901408450704225	1
AbiEii_0_CAS-III	k141_2876_108	258	284	0.00066	17.1	110862	111635	k141_2876	108	0.3062015503875969	0.2640845070422535	1
AbiEii_0_CAS-III	k141_2876_29	1199	284	0.0046	14.3	26917	30513	k141_2876	29	0.045871559633027525	0.19014084507042253	1
AbiEii_0_CAS-III	k141_2876_305	228	284	0.0006	17.2	325684	326367	k141_2876	305	0.14473684210526316	0.13732394366197184	1
AbiEii_0_CAS-III	k141_2876_344	348	284	1.3e-08	32.5	370358	371401	k141_2876	344	0.27586206896551724	0.323943661971831	1
AbiEii_0_CAS-III	k141_2876_623	229	284	0.0011	16.3	651778	652464	k141_2876	623	0.4017467248908297	0.30985915492957744	-1
AbiEii_0_CAS-III	k141_2964_11	585	284	8.8e-05	19.9	15460	17214	k141_2964	11	0.15555555555555556	0.30633802816901406	-1
AbiEii_0_CAS-III	k141_3002_98	365	284	4e-06	24.4	100745	101839	k141_3002	98	0.32602739726027397	0.397887323943662	1
AbiEii_0_CAS-III	k141_3399_21	572	284	1.9e-08	32.0	17945	19660	k141_3399	21	0.2062937062937063	0.25704225352112675	-1
AbiEii_0_CAS-III	k141_3434_161	232	284	0.00038	17.9	196533	197228	k141_3434	161	0.3620689655172414	0.29577464788732394	-1
AbiEii_0_CAS-III	k141_3434_268	311	284	0.00093	16.6	323974	324906	k141_3434	268	0.2315112540192926	0.24647887323943662	1
AbiEii_0_CAS-III	k141_3434_308	557	284	3.7e-07	27.7	362558	364228	k141_3434	308	0.20287253141831238	0.34507042253521125	1
AbiEii_0_CAS-III	k141_3434_64	266	284	3.1e-05	21.4	76435	77232	k141_3434	64	0.30451127819548873	0.2852112676056338	1
AbiEii_0_CAS-III	k141_3434_81	220	284	9.7e-05	19.8	99058	99717	k141_3434	81	0.2772727272727273	0.2112676056338028	1
AbiEii_0_CAS-III	k141_921_251	243	284	0.00096	16.5	250314	251042	k141_921	251	0.24279835390946503	0.2007042253521127	-1
AbiEii_0_CAS-III	k141_921_271	633	284	1.3e-09	35.8	273987	275885	k141_921	271	0.3459715639810427	0.44014084507042256	1
AbiEii_0_CAS-III	k141_921_332	297	284	2.8e-05	21.6	342940	343830	k141_921	332	0.31313131313131315	0.31338028169014087	-1
AbiEii_0_CAS-III	k141_921_477	251	284	0.0011	16.3	507662	508414	k141_921	477	0.38247011952191234	0.3204225352112676	-1
AbiEii_0_CAS-III	k141_921_57	389	284	0.0013	16.1	60515	61681	k141_921	57	0.14395886889460155	0.2147887323943662	1
AbiEii_0_CAS-III	k141_921_82	227	284	0.017	12.5	87433	88113	k141_921	82	0.31277533039647576	0.24295774647887325	1
AbiEii_1_CAS-III-A	k141_1038_14	267	335	3.6e-05	20.8	13297	14097	k141_1038	14	0.32209737827715357	0.2626865671641791	1
AbiEii_1_CAS-III-A	k141_2321_480	605	335	0.015	12.2	548061	549875	k141_2321	480	0.11239669421487604	0.11343283582089553	1
AbiEii_1_CAS-III-A	k141_3434_64	266	335	0.053	10.4	76435	77232	k141_3434	64	0.2631578947368421	0.208955223880597	1
AbiEii_2_CAS-III-C	k141_2876_395	575	440	0.00027	18.0	415767	417491	k141_2876	395	0.18434782608695652	0.2409090909090909	1
AbiEii_2_CAS-III-C	k141_2876_623	229	440	0.029	11.3	651778	652464	k141_2876	623	0.11790393013100436	0.06136363636363636	-1
AbiEii_2_CAS-III-C	k141_921_82	227	440	0.0045	14.0	87433	88113	k141_921	82	0.3303964757709251	0.17045454545454544	1
Cas10_1_CAS-III	k141_1466_6	110	654	0.027	10.8	3294	3623	k141_1466	6	0.5272727272727272	0.09327217125382263	-1
Cas11b_0_CAS-I-B	k141_2710_13	442	170	0.028	12.0	9441	10766	k141_2710	13	0.3416289592760181	0.5588235294117647	-1
Cas12f2_1_CAS-V-F	k141_1466_6	110	422	1.5e-05	22.0	3294	3623	k141_1466	6	0.3090909090909091	0.08293838862559241	-1
Cas12f2_2_CAS-V-F	k141_921_330	378	493	0.046	10.1	341065	342198	k141_921	330	0.15873015873015872	0.11764705882352941	1
Cas12l_0_V-L	k141_2876_77	662	857	0.031	9.9	75874	77859	k141_2876	77	0.07250755287009064	0.052508751458576426	1
Cas12m_0_V-M	k141_1466_6	110	577	0.01	12.1	3294	3623	k141_1466	6	0.32727272727272727	0.0658578856152513	-1
Cas13b_0_VIB1	k141_921_168	285	1097	0.037	9.7	177133	177987	k141_921	168	0.3719298245614035	0.0902461257976299	-1
Cas13b_1_CAS-VI-B	k141_921_168	285	1101	0.019	10.6	177133	177987	k141_921	168	0.3719298245614035	0.08991825613079019	-1
Cas3HD_0_CAS-I	k141_3002_68	404	203	0.0048	14.5	68830	70041	k141_3002	68	0.08663366336633663	0.21182266009852216	-1
Cas3_0_CAS-I	k141_2321_572	591	353	4.2e-08	30.4	641692	643464	k141_2321	572	0.4179357021996616	0.6883852691218131	1
Cas3_0_CAS-I	k141_2876_261	571	353	3e-06	24.3	264606	266318	k141_2876	261	0.3380035026269702	0.5524079320113314	-1
Cas3_0_CAS-I	k141_3002_138	695	353	4.4e-06	23.8	148271	150355	k141_3002	138	0.17985611510791366	0.3597733711048159	-1
Cas3_0_CAS-I	k141_3002_140	1167	353	3.3e-05	20.9	150789	154289	k141_3002	140	0.16966580976863754	0.56657223796034	1
Cas3_0_I	k141_2321_572	591	358	1.8e-07	28.3	641692	643464	k141_2321	572	0.3993231810490694	0.6564245810055865	1
Cas3_0_I	k141_2710_22	1165	358	0.0014	15.5	20104	23598	k141_2710	22	0.13991416309012875	0.5	1
Cas3_0_I	k141_2876_261	571	358	3.5e-05	20.8	264606	266318	k141_2876	261	0.3345008756567426	0.547486033519553	-1
Cas3_0_I	k141_2876_921	824	358	0.0047	13.8	979101	981572	k141_2876	921	0.12742718446601942	0.29329608938547486	-1
Cas3_0_I	k141_3002_138	695	358	1.8e-05	21.8	148271	150355	k141_3002	138	0.17697841726618704	0.35195530726256985	-1
Cas3_0_I	k141_921_46	418	358	2.4e-06	24.6	47367	48620	k141_921	46	0.6052631578947368	0.7178770949720671	-1
Cas3_0_ID	k141_2321_228	784	357	0.001	15.9	260102	262453	k141_2321	228	0.08545918367346939	0.1876750700280112	1
Cas3_0_ID	k141_2876_276	966	357	0.0032	14.3	285112	288009	k141_2876	276	0.16563146997929606	0.28291316526610644	1
Cas3_0_ID	k141_921_46	418	357	0.008	13.0	47367	48620	k141_921	46	0.36363636363636365	0.38095238095238093	-1
Cas3_1_CAS-I	k141_2321_572	591	745	0.0028	13.8	641692	643464	k141_2321	572	0.21996615905245348	0.1704697986577181	1
Cas3_1_CAS-I	k141_2876_921	824	745	0.043	9.8	979101	981572	k141_2876	921	0.05825242718446602	0.06442953020134229	-1
Cas3_1_CAS-I	k141_3002_138	695	745	0.00023	17.4	148271	150355	k141_3002	138	0.2014388489208633	0.17986577181208055	-1
Cas3_1_CAS-I	k141_921_46	418	745	5.7e-06	22.6	47367	48620	k141_921	46	0.5885167464114832	0.363758389261745	-1
Cas3_1_CAS-I-D	k141_2321_228	784	353	0.0045	13.8	260102	262453	k141_2321	228	0.08163265306122448	0.1813031161473088	1
Cas3_1_CAS-I-D	k141_2321_5	622	353	0.022	11.6	4746	6611	k141_2321	5	0.24437299035369775	0.41076487252124644	1
Cas3_1_CAS-I-D	k141_921_46	418	353	0.012	12.4	47367	48620	k141_921	46	0.3708133971291866	0.3937677053824363	-1
Cas3_2_CAS-I	k141_2876_261	571	967	0.0014	14.5	264606	266318	k141_2876	261	0.329246935201401	0.18407445708376421	-1
Cas3_2_CAS-I	k141_3002_138	695	967	3.4e-07	26.5	148271	150355	k141_3002	138	0.22014388489208633	0.15511892450879008	-1
Cas3_2_CAS-I	k141_3002_140	1167	967	0.00042	16.2	150789	154289	k141_3002	140	0.061696658097686374	0.0703205791106515	1
Cas3_2_CAS-I	k141_921_46	418	967	1.2e-06	24.6	47367	48620	k141_921	46	0.5287081339712919	0.22750775594622544	-1
Cas3d_1_CAS-I-D	k141_2321_5	622	627	0.00015	17.9	4746	6611	k141_2321	5	0.21061093247588425	0.20414673046251994	1
Cas4_0_CAS-I-II-III-IV-V-VI	k141_2876_527	1141	179	0.011	13.7	561504	564926	k141_2876	527	0.06573181419807186	0.39664804469273746	1
Cas4_0_I-II-V	k141_2876_527	1141	177	0.0066	14.3	561504	564926	k141_2876	527	0.05696757230499562	0.3333333333333333	1
Cas5_0_IA	k141_921_361	280	173	0.1	10.3	375772	376611	k141_921	361	0.30357142857142855	0.30057803468208094	-1
Cas6_11_CAS-I-II-III-IV-V-VI	k141_2876_74	218	316	0.067	10.2	73444	74097	k141_2876	74	0.11467889908256881	0.07911392405063292	-1
Cas6_7_IV	k141_2876_658	197	262	0.037	11.4	682404	682994	k141_2876	658	0.29949238578680204	0.22137404580152673	-1
Cas6_8_IVD	k141_3002_125	314	255	0.036	11.0	134724	135665	k141_3002	125	0.20063694267515925	0.24313725490196078	-1
Cas8a3_0_CAS-I-A	k141_2876_318	191	383	0.039	10.7	335681	336253	k141_2876	318	0.2670157068062827	0.1174934725848564	1
Cas9_0_II-C2	k141_2876_645	191	967	6e-09	32.3	671597	672169	k141_2876	645	0.2670157068062827	0.055842812823164424	1
Cas9_0_II-D	k141_2876_645	191	853	1.3e-16	57.9	671597	672169	k141_2876	645	0.3769633507853403	0.08792497069167643	1
CasR_0_CAS-I-II-III-IV-V-VI	k141_1038_35	174	198	3.4e-06	24.6	41183	41704	k141_1038	35	0.3218390804597701	0.2828282828282828	-1
CasR_0_CAS-I-II-III-IV-V-VI	k141_1466_144	139	198	0.00014	19.3	157801	158217	k141_1466	144	0.3381294964028777	0.24242424242424243	-1
CasR_0_CAS-I-II-III-IV-V-VI	k141_1466_163	823	198	0.0034	14.8	186192	188660	k141_1466	163	0.05103280680437424	0.2222222222222222	1
CasR_0_CAS-I-II-III-IV-V-VI	k141_1466_201	122	198	3e-05	21.5	231679	232044	k141_1466	201	0.4344262295081967	0.26262626262626265	-1
CasR_0_CAS-I-II-III-IV-V-VI	k141_1466_222	159	198	0.036	11.4	257603	258079	k141_1466	222	0.4779874213836478	0.2777777777777778	-1
CasR_0_CAS-I-II-III-IV-V-VI	k141_1466_262	231	198	0.028	11.8	297107	297799	k141_1466	262	0.22077922077922077	0.25252525252525254	-1
CasR_0_CAS-I-II-III-IV-V-VI	k141_212_10	120	198	0.0051	14.2	6622	6981	k141_212	10	0.36666666666666664	0.22727272727272727	-1
CasR_0_CAS-I-II-III-IV-V-VI	k141_212_5	98	198	0.00041	17.8	2610	2903	k141_212	5	0.3469387755102041	0.16666666666666666	-1
CasR_0_CAS-I-II-III-IV-V-VI	k141_2321_127	142	198	2.9e-05	21.5	156932	157357	k141_2321	127	0.323943661971831	0.23232323232323232	1
CasR_0_CAS-I-II-III-IV-V-VI	k141_2321_227	150	198	0.028	11.8	259592	260041	k141_2321	227	0.62	0.36363636363636365	-1
CasR_0_CAS-I-II-III-IV-V-VI	k141_2321_255	150	198	0.00055	17.3	287977	288426	k141_2321	255	0.38	0.2777777777777778	-1
CasR_0_CAS-I-II-III-IV-V-VI	k141_2321_316	130	198	2.9e-05	21.5	369812	370201	k141_2321	316	0.45384615384615384	0.29797979797979796	-1
CasR_0_CAS-I-II-III-IV-V-VI	k141_2321_36	245	198	0.045	11.1	48756	49490	k141_2321	36	0.1306122448979592	0.16161616161616163	-1
CasR_0_CAS-I-II-III-IV-V-VI	k141_2321_401	160	198	0.0014	16.0	464165	464644	k141_2321	401	0.3	0.24242424242424243	1
CasR_0_CAS-I-II-III-IV-V-VI	k141_2321_455	112	198	3.9e-07	27.6	522844	523179	k141_2321	455	0.5	0.2828282828282828	-1
CasR_0_CAS-I-II-III-IV-V-VI	k141_2321_459	183	198	0.001	16.4	525512	526060	k141_2321	459	0.31693989071038253	0.2878787878787879	-1
CasR_0_CAS-I-II-III-IV-V-VI	k141_2321_55	110	198	0.028	11.8	69384	69713	k141_2321	55	0.5545454545454546	0.3181818181818182	1
CasR_0_CAS-I-II-III-IV-V-VI	k141_2321_581	126	198	9.1e-06	23.2	654391	654768	k141_2321	581	0.5079365079365079	0.30303030303030304	-1
CasR_0_CAS-I-II-III-IV-V-VI	k141_2321_630	110	198	0.00035	18.0	711242	711571	k141_2321	630	0.36363636363636365	0.19696969696969696	-1
CasR_0_CAS-I-II-III-IV-V-VI	k141_2321_746	144	198	0.00058	17.3	825091	825522	k141_2321	746	0.5138888888888888	0.37373737373737376	-1
CasR_0_CAS-I-II-III-IV-V-VI	k141_2321_767	105	198	0.019	12.3	848641	848955	k141_2321	767	0.45714285714285713	0.24242424242424243	1
CasR_0_CAS-I-II-III-IV-V-VI	k141_2321_769	174	198	0.038	11.3	850395	850916	k141_2321	769	0.1839080459770115	0.16161616161616163	1
CasR_0_CAS-I-II-III-IV-V-VI	k141_2876_101	114	198	5e-08	30.5	105076	105417	k141_2876	101	0.5789473684210527	0.32323232323232326	1
CasR_0_CAS-I-II-III-IV-V-VI	k141_2876_126	103	198	0.0033	14.8	132616	132924	k141_2876	126	0.6116504854368932	0.25252525252525254	1
CasR_0_CAS-I-II-III-IV-V-VI	k141_2876_468	162	198	0.026	11.9	501395	501880	k141_2876	468	0.21604938271604937	0.17676767676767677	1
CasR_0_CAS-I-II-III-IV-V-VI	k141_2876_510	160	198	3.9e-05	21.1	542594	543073	k141_2876	510	0.325	0.26262626262626265	1
CasR_0_CAS-I-II-III-IV-V-VI	k141_2876_552	261	198	0.0038	14.6	586785	587567	k141_2876	552	0.20689655172413793	0.2828282828282828	-1
CasR_0_CAS-I-II-III-IV-V-VI	k141_2876_697	116	198	2.9e-06	24.8	715642	715989	k141_2876	697	0.4224137931034483	0.2474747474747475	-1
CasR_0_CAS-I-II-III-IV-V-VI	k141_2876_963	174	198	7.7e-05	20.1	1021787	1022308	k141_2876	963	0.2471264367816092	0.21717171717171718	-1
CasR_0_CAS-I-II-III-IV-V-VI	k141_3434_271	197	198	0.0019	15.6	326802	327392	k141_3434	271	0.29949238578680204	0.29797979797979796	-1
CasR_0_CAS-I-II-III-IV-V-VI	k141_3434_61	159	198	0.00022	18.6	73640	74116	k141_3434	61	0.3270440251572327	0.26262626262626265	1
CasR_0_CAS-I-II-III-IV-V-VI	k141_921_195	220	198	0.00078	16.9	195115	195774	k141_921	195	0.14545454545454545	0.16161616161616163	-1
CasR_0_CAS-I-II-III-IV-V-VI	k141_921_29	212	198	0.0027	15.1	27143	27778	k141_921	29	0.2028301886792453	0.21717171717171718	-1
CasR_0_CAS-I-II-III-IV-V-VI	k141_921_417	158	198	6.3e-06	23.7	441228	441701	k141_921	417	0.3227848101265823	0.25757575757575757	1
CasR_1_CAS-I-II-III-IV-V-VI	k141_1038_35	174	218	1.7e-05	21.8	41183	41704	k141_1038	35	0.3160919540229885	0.25229357798165136	-1
CasR_1_CAS-I-II-III-IV-V-VI	k141_1466_144	139	218	4.5e-05	20.5	157801	158217	k141_1466	144	0.3237410071942446	0.21100917431192662	-1
CasR_1_CAS-I-II-III-IV-V-VI	k141_1466_163	823	218	0.00068	16.6	186192	188660	k141_1466	163	0.05103280680437424	0.2018348623853211	1
CasR_1_CAS-I-II-III-IV-V-VI	k141_1466_201	122	218	0.00015	18.8	231679	232044	k141_1466	201	0.4344262295081967	0.24770642201834864	-1
CasR_1_CAS-I-II-III-IV-V-VI	k141_1466_222	159	218	0.011	12.7	257603	258079	k141_1466	222	0.3333333333333333	0.23394495412844038	-1
CasR_1_CAS-I-II-III-IV-V-VI	k141_1466_262	231	218	0.018	12.0	297107	297799	k141_1466	262	0.20346320346320346	0.22018348623853212	-1
CasR_1_CAS-I-II-III-IV-V-VI	k141_212_10	120	218	0.017	12.1	6622	6981	k141_212	10	0.3	0.1743119266055046	-1
CasR_1_CAS-I-II-III-IV-V-VI	k141_212_5	98	218	0.00056	16.9	2610	2903	k141_212	5	0.30612244897959184	0.14678899082568808	-1
CasR_1_CAS-I-II-III-IV-V-VI	k141_2321_127	142	218	2.5e-05	21.3	156932	157357	k141_2321	127	0.4154929577464789	0.2706422018348624	1
CasR_1_CAS-I-II-III-IV-V-VI	k141_2321_227	150	218	0.00087	16.3	259592	260041	k141_2321	227	0.56	0.30275229357798167	-1
CasR_1_CAS-I-II-III-IV-V-VI	k141_2321_255	150	218	0.0003	17.8	287977	288426	k141_2321	255	0.3933333333333333	0.26146788990825687	-1
CasR_1_CAS-I-II-III-IV-V-VI	k141_2321_316	130	218	2e-05	21.6	369812	370201	k141_2321	316	0.4461538461538462	0.26605504587155965	-1
CasR_1_CAS-I-II-III-IV-V-VI	k141_2321_387	151	218	0.0064	13.4	448353	448805	k141_2321	387	0.37748344370860926	0.26146788990825687	-1
CasR_1_CAS-I-II-III-IV-V-VI	k141_2321_401	160	218	0.00089	16.2	464165	464644	k141_2321	401	0.2875	0.21100917431192662	1
CasR_1_CAS-I-II-III-IV-V-VI	k141_2321_411	311	218	0.043	10.7	473918	474850	k141_2321	411	0.15112540192926044	0.21559633027522937	1
CasR_1_CAS-I-II-III-IV-V-VI	k141_2321_428	270	218	0.029	11.3	493664	494473	k141_2321	428	0.1814814814814815	0.22018348623853212	-1
CasR_1_CAS-I-II-III-IV-V-VI	k141_2321_455	112	218	1.6e-07	28.5	522844	523179	k141_2321	455	0.4107142857142857	0.22018348623853212	-1
CasR_1_CAS-I-II-III-IV-V-VI	k141_2321_459	183	218	0.00054	17.0	525512	526060	k141_2321	459	0.3005464480874317	0.25229357798165136	-1
CasR_1_CAS-I-II-III-IV-V-VI	k141_2321_581	126	218	9.8e-05	19.4	654391	654768	k141_2321	581	0.47619047619047616	0.26605504587155965	-1
CasR_1_CAS-I-II-III-IV-V-VI	k141_2321_630	110	218	9.3e-05	19.4	711242	711571	k141_2321	630	0.509090909090909	0.24311926605504589	-1
CasR_1_CAS-I-II-III-IV-V-VI	k141_2321_746	144	218	0.0002	18.4	825091	825522	k141_2321	746	0.375	0.24770642201834864	-1
CasR_1_CAS-I-II-III-IV-V-VI	k141_2321_767	105	218	0.017	12.0	848641	848955	k141_2321	767	0.42857142857142855	0.20642201834862386	1
CasR_1_CAS-I-II-III-IV-V-VI	k141_2321_769	174	218	0.0083	13.1	850395	850916	k141_2321	769	0.20689655172413793	0.1651376146788991	1
CasR_1_CAS-I-II-III-IV-V-VI	k141_2876_101	114	218	1.1e-07	29.0	105076	105417	k141_2876	101	0.4298245614035088	0.22935779816513763	1
CasR_1_CAS-I-II-III-IV-V-VI	k141_2876_126	103	218	0.00068	16.6	132616	132924	k141_2876	126	0.6213592233009708	0.22935779816513763	1
CasR_1_CAS-I-II-III-IV-V-VI	k141_2876_468	162	218	0.028	11.4	501395	501880	k141_2876	468	0.2222222222222222	0.1651376146788991	1
CasR_1_CAS-I-II-III-IV-V-VI	k141_2876_470	318	218	0.015	12.2	502886	503839	k141_2876	470	0.18238993710691823	0.25229357798165136	-1
CasR_1_CAS-I-II-III-IV-V-VI	k141_2876_510	160	218	1e-05	22.6	542594	543073	k141_2876	510	0.325	0.23853211009174313	1
CasR_1_CAS-I-II-III-IV-V-VI	k141_2876_552	261	218	0.0028	14.6	586785	587567	k141_2876	552	0.18773946360153257	0.23394495412844038	-1
CasR_1_CAS-I-II-III-IV-V-VI	k141_2876_697	116	218	2.7e-06	24.5	715642	715989	k141_2876	697	0.3706896551724138	0.20642201834862386	-1
CasR_1_CAS-I-II-III-IV-V-VI	k141_2876_963	174	218	1.5e-05	22.0	1021787	1022308	k141_2876	963	0.23563218390804597	0.18807339449541285	-1
CasR_1_CAS-I-II-III-IV-V-VI	k141_3434_271	197	218	0.00065	16.7	326802	327392	k141_3434	271	0.45685279187817257	0.39908256880733944	-1
CasR_1_CAS-I-II-III-IV-V-VI	k141_3434_310	310	218	0.015	12.2	365327	366256	k141_3434	310	0.15483870967741936	0.22477064220183487	1
CasR_1_CAS-I-II-III-IV-V-VI	k141_3434_61	159	218	0.00017	18.6	73640	74116	k141_3434	61	0.33962264150943394	0.24770642201834864	1
CasR_1_CAS-I-II-III-IV-V-VI	k141_921_195	220	218	0.00014	18.8	195115	195774	k141_921	195	0.15	0.1559633027522936	-1
CasR_1_CAS-I-II-III-IV-V-VI	k141_921_29	212	218	0.0016	15.4	27143	27778	k141_921	29	0.19811320754716982	0.1926605504587156	-1
CasR_1_CAS-I-II-III-IV-V-VI	k141_921_417	158	218	1.1e-05	22.5	441228	441701	k141_921	417	0.47468354430379744	0.3440366972477064	1
Cmr3gr5_0_CAS-III-B-III-C	k141_921_432	307	373	0.02	11.4	459710	460630	k141_921	432	0.16286644951140064	0.1260053619302949	-1
Cmr5gr11_1_CAS-III-C	k141_2321_393	705	180	0.12	10.0	455829	457943	k141_2321	393	0.2297872340425532	0.5277777777777778	1
Cmr5gr11_1_CAS-III-C	k141_3434_279	421	180	0.26	8.8	337223	338485	k141_3434	279	0.25653206650831356	0.4722222222222222	1
Cmr5gr11_7_CAS-III-B	k141_921_455	274	134	0.011	13.6	484264	485085	k141_921	455	0.29927007299270075	0.6044776119402985	1
CorA_0_CAS-III-B-III-D	k141_2876_559	320	551	1.2e-05	22.0	593752	594711	k141_2876	559	0.184375	0.1088929219600726	-1
CorA_1_CAS-III-B	k141_2321_217	66	125	0.01	13.5	251724	251921	k141_2321	217	0.8333333333333334	0.504	1
Csa3_1_CAS-I-II-III-IV-V-VI	k141_1466_144	139	118	8.7e-15	52.9	157801	158217	k141_1466	144	0.5827338129496403	0.7627118644067796	-1
Csa3_1_CAS-I-II-III-IV-V-VI	k141_1466_201	122	118	0.014	13.5	231679	232044	k141_1466	201	0.5737704918032787	0.6101694915254238	-1
Csa3_1_CAS-I-II-III-IV-V-VI	k141_1466_262	231	118	3.6e-13	47.7	297107	297799	k141_1466	262	0.38961038961038963	0.8305084745762712	-1
Csa3_1_CAS-I-II-III-IV-V-VI	k141_1779_74	481	118	0.029	12.5	73813	75255	k141_1779	74	0.1787941787941788	0.3474576271186441	-1
Csa3_1_CAS-I-II-III-IV-V-VI	k141_212_5	98	118	1.3e-05	23.3	2610	2903	k141_212	5	0.6428571428571429	0.576271186440678	-1
Csa3_1_CAS-I-II-III-IV-V-VI	k141_2321_316	130	118	4.5e-13	47.4	369812	370201	k141_2321	316	0.5615384615384615	0.6186440677966102	-1
Csa3_1_CAS-I-II-III-IV-V-VI	k141_2321_373	100	118	0.01	14.0	434490	434789	k141_2321	373	0.54	0.4576271186440678	1
Csa3_1_CAS-I-II-III-IV-V-VI	k141_2321_391	175	118	0.0075	14.4	453604	454128	k141_2321	391	0.29714285714285715	0.4406779661016949	-1
Csa3_1_CAS-I-II-III-IV-V-VI	k141_2321_455	112	118	2.8e-14	51.2	522844	523179	k141_2321	455	0.8303571428571429	0.8728813559322034	-1
Csa3_1_CAS-I-II-III-IV-V-VI	k141_2321_459	183	118	0.0041	15.3	525512	526060	k141_2321	459	0.3224043715846995	0.5338983050847458	-1
Csa3_1_CAS-I-II-III-IV-V-VI	k141_2321_55	110	118	4.2e-07	28.1	69384	69713	k141_2321	55	0.6454545454545455	0.6610169491525424	1
Csa3_1_CAS-I-II-III-IV-V-VI	k141_2321_581	126	118	0.0025	16.0	654391	654768	k141_2321	581	0.5555555555555556	0.5677966101694916	-1
Csa3_1_CAS-I-II-III-IV-V-VI	k141_2321_630	110	118	1.5e-12	45.7	711242	711571	k141_2321	630	0.7909090909090909	0.6864406779661016	-1
Csa3_1_CAS-I-II-III-IV-V-VI	k141_2321_767	105	118	1.6e-14	52.0	848641	848955	k141_2321	767	0.9619047619047619	0.8050847457627118	1
Csa3_1_CAS-I-II-III-IV-V-VI	k141_2876_101	114	118	5.6e-19	66.4	105076	105417	k141_2876	101	0.8421052631578947	0.864406779661017	1
Csa3_1_CAS-I-II-III-IV-V-VI	k141_2876_126	103	118	8.7e-06	23.9	132616	132924	k141_2876	126	0.5242718446601942	0.5084745762711864	1
Csa3_1_CAS-I-II-III-IV-V-VI	k141_2876_451	140	118	0.0002	19.5	481812	482231	k141_2876	451	0.5071428571428571	0.4915254237288136	1
Csa3_1_CAS-I-II-III-IV-V-VI	k141_2876_470	318	118	0.00096	17.3	502886	503839	k141_2876	470	0.42452830188679247	0.6271186440677966	-1
Csa3_1_CAS-I-II-III-IV-V-VI	k141_2876_547	150	118	0.019	13.1	583535	583984	k141_2876	547	0.30666666666666664	0.2966101694915254	-1
Csa3_1_CAS-I-II-III-IV-V-VI	k141_2876_552	261	118	0.004	15.3	586785	587567	k141_2876	552	0.1417624521072797	0.3813559322033898	-1
Csa3_1_CAS-I-II-III-IV-V-VI	k141_2876_567	116	118	0.0034	15.5	602664	603011	k141_2876	567	0.5258620689655172	0.4322033898305085	-1
Csa3_1_CAS-I-II-III-IV-V-VI	k141_2876_697	116	118	1.5e-15	55.3	715642	715989	k141_2876	697	0.8275862068965517	0.8983050847457628	-1
Csa3_1_CAS-I-II-III-IV-V-VI	k141_2876_806	313	118	0.016	13.4	835061	835999	k141_2876	806	0.12140575079872204	0.3389830508474576	1
Csa3_1_CAS-I-II-III-IV-V-VI	k141_3434_200	97	118	1.1e-15	55.7	261078	261368	k141_3434	200	0.7938144329896907	0.7288135593220338	-1
Csa3_1_CAS-I-II-III-IV-V-VI	k141_3434_271	197	118	0.017	13.2	326802	327392	k141_3434	271	0.2436548223350254	0.3813559322033898	-1
Csa3_1_CAS-I-II-III-IV-V-VI	k141_3434_310	310	118	4e-17	60.4	365327	366256	k141_3434	310	0.25483870967741934	0.6779661016949152	1
Csa3_1_CAS-I-II-III-IV-V-VI	k141_921_195	220	118	0.00014	20.0	195115	195774	k141_921	195	0.30454545454545456	0.5084745762711864	-1
Csa3_1_CAS-I-II-III-IV-V-VI	k141_921_29	212	118	0.009	14.2	27143	27778	k141_921	29	0.33962264150943394	0.576271186440678	-1
Csa3_1_CAS-I-II-III-IV-V-VI	k141_921_8	160	118	0.0013	16.9	10335	10814	k141_921	8	0.48125	0.6779661016949152	1
Csf4_0_IVA	k141_2321_572	591	666	0.0014	15.0	641692	643464	k141_2321	572	0.1658206429780034	0.13363363363363365	1
Csf4_0_IVA	k141_2876_152	921	666	4.8e-24	82.6	156016	158778	k141_2876	152	0.3355048859934853	0.46846846846846846	-1
Csf4_0_IVA	k141_2876_261	571	666	0.0022	14.4	264606	266318	k141_2876	261	0.13660245183887915	0.10960960960960961	-1
Csf4_0_IVA	k141_921_46	418	666	0.0034	13.8	47367	48620	k141_921	46	0.21291866028708134	0.13813813813813813	-1
Csf4_1_IVA1	k141_1038_24	391	802	0.037	9.9	24657	25829	k141_1038	24	0.16112531969309463	0.0773067331670823	-1
Csf4_1_IVA1	k141_2321_228	784	802	0.0071	12.3	260102	262453	k141_2321	228	0.18239795918367346	0.17206982543640897	1
Csf4_1_IVA1	k141_2876_152	921	802	1.5e-05	21.1	156016	158778	k141_2876	152	0.23887079261672095	0.26184538653366585	-1
Csf4_2_IVA1	k141_2321_164	487	526	0.018	11.4	197156	198616	k141_2321	164	0.22587268993839835	0.21102661596958175	-1
Csm4_1_IIIA	k141_2876_392	282	319	0.036	10.9	412689	413534	k141_2876	392	0.1453900709219858	0.13793103448275862	1
Csm6_6_CAS-III	k141_2876_259	423	136	0.011	13.5	262754	264022	k141_2876	259	0.12529550827423167	0.36764705882352944	-1
Csm6_7_CAS-III	k141_1466_176	287	373	0.0098	12.5	207236	208096	k141_1466	176	0.18466898954703834	0.14209115281501342	1
Csn2_13_CAS-II-A	k141_2321_240	408	180	0.12	9.8	273676	274899	k141_2321	240	0.25980392156862747	0.4888888888888889	-1
Csn2_2_CAS-II-A	k141_1466_355	614	343	0.041	10.6	400476	402317	k141_1466	355	0.057003257328990226	0.10204081632653061	1
Csn2_7_CAS-II-A	k141_2876_769	564	372	0.058	10.1	795780	797471	k141_2876	769	0.06205673758865248	0.0967741935483871	-1
Csx10gr5_3_CAS-III-D	k141_2876_297	779	323	0.018	11.9	314894	317230	k141_2876	297	0.12708600770218229	0.3219814241486068	1
Csx1_5_CAS-III	k141_2321_810	126	132	0.018	12.9	890914	891291	k141_2321	810	0.3492063492063492	0.32575757575757575	-1
Csx21_0_CAS-III-A-III-D	k141_1466_12	568	210	0.14	9.4	7969	9672	k141_1466	12	0.176056338028169	0.30952380952380953	1
Csx24_0_CAS-III-D	k141_2321_279	334	149	0.0095	13.8	316960	317961	k141_2321	279	0.2275449101796407	0.4966442953020134	-1
Csx3_2_CAS-I-III	k141_2876_1020	641	277	0.0047	13.8	1073026	1074948	k141_2876	1020	0.19656786271450857	0.37906137184115524	1
Csx3_2_CAS-I-III	k141_2876_171	476	277	0.01	12.7	175726	177153	k141_2876	171	0.05042016806722689	0.08664259927797834	-1
Csx3_2_CAS-I-III	k141_2876_178	419	277	0.0013	15.7	181222	182478	k141_2876	178	0.081145584725537	0.1299638989169675	-1
Csx3_2_CAS-I-III	k141_2876_224	513	277	0.025	11.4	226212	227750	k141_2876	224	0.04093567251461988	0.07581227436823104	1
Csx3_2_CAS-I-III	k141_921_140	459	277	0.0025	14.7	151197	152573	k141_921	140	0.08061002178649238	0.1299638989169675	1
Csx3_2_CAS-I-III	k141_921_253	482	277	2.7e-05	21.2	252061	253506	k141_921	253	0.08921161825726141	0.08303249097472924	-1
Csx3_2_CAS-I-III	k141_921_553	301	277	0.0091	12.9	583647	584549	k141_921	553	0.08970099667774087	0.09747292418772563	-1
CysH_0_IVB	k141_2321_530	389	249	0.016	12.7	602133	603299	k141_2321	530	0.07455012853470437	0.11646586345381527	1
CysH_0_IVB	k141_2876_1019	302	249	2.2e-20	71.2	1072121	1073026	k141_2876	1019	0.5927152317880795	0.6987951807228916	1
CysH_0_IVB	k141_2876_724	251	249	2.6e-10	38.2	747905	748657	k141_2876	724	0.6095617529880478	0.6224899598393574	-1
CysH_0_IVB	k141_3002_89	232	249	0.022	12.2	94046	94741	k141_3002	89	0.1724137931034483	0.1606425702811245	1
CysH_0_IVB	k141_921_259	516	249	7.7e-05	20.2	258685	260232	k141_921	259	0.1434108527131783	0.30522088353413657	-1
DEDDh_0_CAS-I-II-III-IV-V-VI	k141_2876_105	204	160	4.4e-05	21.4	108744	109355	k141_2876	105	0.4411764705882353	0.5875	1
DEDDh_0_CAS-I-II-III-IV-V-VI	k141_2876_185	225	160	1e-41	140.6	187821	188495	k141_2876	185	0.7155555555555555	0.99375	1
DEDDh_0_CAS-I-II-III-IV-V-VI	k141_2876_342	925	160	0.029	12.3	367244	370018	k141_2876	342	0.12324324324324325	0.81875	-1
HTH_0_CAS-I-D	k141_2876_906	351	65	0.03	12.0	952745	953797	k141_2876	906	0.08262108262108261	0.4461538461538462	-1
Mem_DnaJ_0_CAS-III-AM	k141_2321_587	245	284	0.00013	19.2	661133	661867	k141_2321	587	0.22040816326530613	0.18309859154929578	1
Mem_DnaJ_0_CAS-III-AM	k141_2876_511	172	284	0.015	12.4	543070	543585	k141_2876	511	0.23255813953488372	0.13732394366197184	-1
NYN_0_CAS-III-B	k141_921_561	201	320	3.2000000000000003e-27	93.3	590726	591328	k141_921	561	0.7910447761194029	0.475	1
RecD_0_IVD	k141_1038_22	348	763	0.0046	12.8	22125	23168	k141_1038	22	0.1206896551724138	0.05504587155963303	-1
RecD_0_IVD	k141_2321_75	383	763	0.017	11.0	97365	98513	k141_2321	75	0.13315926892950392	0.0655307994757536	-1
RecD_0_IVD	k141_2321_762	791	763	0.00083	15.3	839093	841465	k141_2321	762	0.19469026548672566	0.1913499344692005	-1
RecD_0_IVD	k141_3002_138	695	763	0.022	10.6	148271	150355	k141_3002	138	0.09640287769784173	0.07863695937090433	-1
RecD_0_IVD	k141_3434_35	504	763	0.011	11.5	44263	45774	k141_3434	35	0.11706349206349206	0.06946264744429882	1
RecD_0_IVD	k141_3434_64	266	763	0.0019	14.1	76435	77232	k141_3434	64	0.21052631578947367	0.06422018348623854	1
RecD_0_IVD	k141_921_43	259	763	0.011	11.5	44807	45583	k141_921	43	0.11583011583011583	0.03669724770642202	-1
ST_Kinase_0_CAS-I-C	k141_3002_134	130	164	0.0055	14.3	143664	144053	k141_3002	134	0.35384615384615387	0.27439024390243905	-1
TPR_0_CAS-III-B	k141_2321_696	358	488	0.0057	13.2	775185	776258	k141_2321	696	0.5027932960893855	0.35860655737704916	-1
TPR_0_CAS-III-B	k141_921_355	161	488	2e-06	24.6	368987	369469	k141_921	355	0.36024844720496896	0.125	-1
TPR_0_CAS-III-B	k141_921_481	161	488	4.5e-05	20.1	513337	513819	k141_921	481	0.36645962732919257	0.11065573770491803	-1
TPR_1_CAS-III-A	k141_1038_29	916	462	0.00014	18.4	29705	32452	k141_1038	29	0.36026200873362446	0.5303030303030303	-1
TPR_1_CAS-III-A	k141_1466_156	677	462	0.0066	12.9	171589	173619	k141_1466	156	0.2038404726735598	0.09090909090909091	1
TPR_1_CAS-III-A	k141_2321_701	575	462	0.035	10.5	781502	783226	k141_2321	701	0.20347826086956522	0.2510822510822511	1
TPR_1_CAS-III-A	k141_2321_807	727	462	6.4e-06	22.8	887782	889962	k141_2321	807	0.20082530949105915	0.461038961038961	1
TPR_1_CAS-III-A	k141_3434_90	711	462	0.0021	14.6	110683	112815	k141_3434	90	0.22925457102672292	0.3354978354978355	-1
TPR_1_CAS-III-B	k141_2321_564	224	537	0.00028	17.5	632495	633166	k141_2321	564	0.27232142857142855	0.12104283054003724	1
TniQ_0_CAS-I-F	k141_2321_357	159	139	0.012	14.2	418781	419257	k141_2321	357	0.23270440251572327	0.18705035971223022	1
TniQ_1_I-F	k141_2876_955	222	400	0.037	10.8	1014247	1014912	k141_2876	955	0.25675675675675674	0.1325	-1
TnsC_0_V-K	k141_3434_171	203	283	0.027	11.3	209514	210122	k141_3434	171	0.24630541871921183	0.17667844522968199	-1
WYL_0_CAS-I-II-III-IV-V-VI	k141_2321_255	150	313	0.016	12.5	287977	288426	k141_2321	255	0.38666666666666666	0.18210862619808307	-1
WYL_0_CAS-I-II-III-IV-V-VI	k141_2321_57	233	313	4e-64	214.9	70149	70847	k141_2321	57	0.9098712446351931	0.6773162939297125	-1
WYL_3_CAS-I-II-III-IV-V-VI	k141_2321_57	233	172	1.4e-17	62.0	70149	70847	k141_2321	57	0.3648068669527897	0.4883720930232558	-1
htpX_0_CAS-III-B	k141_2876_53	316	343	4.4e-18	63.3	54972	55919	k141_2876	53	0.5917721518987342	0.5539358600583091	1
