Contig	Start	End	Strand	Pos
k63_311621	210	1328	-1	1
k63_311621	1596	2939	1	2
k63_311621	3063	3470	-1	3
k63_311621	3482	4855	-1	4
k63_311621	4866	5696	-1	5
k63_311621	5684	6631	-1	6
k63_311621	6642	8117	-1	7
k63_311621	8331	9644	-1	8
k63_311621	9698	10243	-1	9
k63_311621	10263	12011	-1	10
k63_311621	12129	12455	-1	11
k63_311621	12472	13308	-1	12
k63_311621	13348	13695	-1	13
k63_311621	13683	14159	-1	14
k63_311621	14173	14538	-1	15
k63_311621	14777	15094	1	16
k63_311621	15152	22651	1	17
k63_311621	22656	23732	-1	18
k63_311621	23840	24379	-1	19
k63_311621	24433	25449	-1	20
k63_311621	25590	26369	-1	21
k63_311621	26576	27892	1	22
k63_311621	27912	28925	1	23
k63_311621	28985	29521	1	24
k63_311621	29855	30316	1	25
k63_311621	30395	31024	-1	26
k63_311621	31109	31390	-1	27
k63_311621	31424	31690	-1	28
k63_311621	31697	32227	-1	29
k63_311621	32235	32840	-1	30
k63_311621	32840	34420	-1	31
k63_311621	34720	38454	-1	32
k63_1246759	2	2620	-1	1
k63_1246759	2711	3424	-1	2
k63_1246759	3463	3693	1	3
k63_1246759	3780	5060	-1	4
k63_1246759	5410	6285	-1	5
k63_1246759	6503	6685	-1	6
k63_1246759	6873	7136	1	7
k63_1246759	7123	7611	1	8
k63_1246759	7840	8172	1	9
k63_1246759	8288	8848	1	10
k63_1246759	8882	9136	-1	11
k63_1039310	1	1095	-1	1
k63_1039310	1095	2027	-1	2
k63_1039310	2044	2664	-1	3
k63_1039310	2612	3118	-1	4
k63_1039310	3136	4431	-1	5
k63_1039310	4446	6029	-1	6
k63_1039310	6214	6462	-1	7
k63_1039310	6712	7401	1	8
k63_1039310	7413	8087	-1	9
k63_1039310	8157	8789	-1	10
k63_1143083	3	1397	-1	1
k63_1143083	1394	2767	-1	2
k63_1143083	2805	5207	-1	3
k63_1143083	5204	5800	-1	4
k63_1143083	5797	7104	-1	5
k63_1143083	7101	8063	-1	6
k63_1143083	8132	8350	-1	7
k63_1246917	195	401	1	1
k63_1246917	479	1387	1	2
k63_1246917	1400	1570	-1	3
k63_1246917	1676	2140	-1	4
k63_1246917	2148	2873	-1	5
k63_1246917	3026	3880	1	6
k63_1246917	3886	4941	1	7
k63_1246917	5300	6448	-1	8
k63_1246917	6519	6779	-1	9
k63_1246917	7094	7759	1	10
k63_1246917	8282	9412	1	11
k63_1246917	9648	9899	-1	12
k63_1246917	9943	10485	-1	13
k63_1246917	10488	11480	-1	14
k63_1246917	11711	12013	1	15
k63_1246917	12033	12389	-1	16
k63_1246917	12558	12992	1	17
k63_1246917	13036	14718	1	18
k63_1246917	14905	15204	1	19
k63_1246917	15316	15930	-1	20
k63_1246917	15934	17670	-1	21
k63_1246917	17684	19921	-1	22
k63_1246917	20006	20884	1	23
k63_1246917	20918	21448	-1	24
k63_1246917	21541	22473	1	25
k63_1246917	22499	23218	1	26
k63_1246917	23641	24783	1	27
k63_1246917	24776	25156	1	28
k63_1246917	25179	28115	1	29
k63_1246917	28223	28399	-1	30
k63_1246917	28709	29122	-1	31
k63_1246917	29953	30345	-1	32
k63_1246917	30412	30642	1	33
k63_1246917	30963	32369	-1	34
k63_1246917	32447	33136	-1	35
k63_1246917	33179	34006	-1	36
k63_1246917	34127	34459	1	37
k63_1246917	34476	35189	1	38
k63_1246917	35226	36047	1	39
k63_1246917	36221	36598	1	40
k63_1246917	36611	39052	-1	41
k63_1246917	39159	40367	-1	42
k63_1246917	40636	41997	-1	43
k63_1246917	43010	44719	1	44
k63_1246917	44686	46065	1	45
k63_1246917	46179	47075	1	46
k63_1246917	47089	50181	1	47
k63_1246917	50212	52101	1	48
k63_1246917	52117	52809	1	49
k63_1246917	52826	53593	1	50
k63_1246917	53590	54447	1	51
k63_1246917	54472	55605	1	52
k63_1246917	55869	56180	-1	53
k63_1246917	56273	56944	-1	54
k63_1246917	57125	58684	-1	55
k63_1246917	58703	59839	-1	56
k63_1246917	60151	60861	1	57
k63_1246917	60872	63397	1	58
k63_1246917	63423	63974	1	59
k63_1246917	63980	64297	1	60
k63_1246917	64369	64611	1	61
k63_1246917	64660	64971	1	62
k63_1246917	65011	66318	1	63
k63_1246917	66378	67040	1	64
k63_1246917	67030	68331	1	65
k63_1246917	68331	69416	1	66
k63_1246917	70480	71241	1	67
k63_1246917	71189	71521	1	68
k63_1246917	71671	72270	1	69
k63_1246917	72312	72953	1	70
k63_1246917	73038	73796	1	71
k63_1246917	73798	74598	1	72
k63_1246917	74588	74977	1	73
k63_1246917	74991	75308	1	74
k63_1246917	75386	75655	1	75
k63_1246917	75689	76111	1	76
k63_1246917	76115	76903	1	77
k63_1246917	77117	77275	1	78
k63_1246917	77406	78443	-1	79
k63_1246917	78584	79324	1	80
k63_1246917	79328	80242	1	81
k63_1246917	80269	81810	-1	82
k63_1246917	81865	82689	-1	83
k63_1246917	82686	83300	-1	84
k63_1246917	83320	84399	-1	85
k63_1246917	84512	85114	-1	86
k63_1246917	85616	86974	1	87
k63_416704	142	1449	-1	1
k63_416704	1539	2615	-1	2
k63_416704	2899	3738	1	3
k63_416704	3731	4558	1	4
k63_416704	4590	5909	1	5
k63_416704	6197	6898	1	6
k63_416704	7213	7764	-1	7
k63_416704	8611	9528	-1	8
k63_416704	10392	11321	-1	9
k63_416704	11321	12424	-1	10
k63_416704	12399	13946	-1	11
k63_416704	13983	15050	-1	12
k63_416704	15047	17377	-1	13
k63_416704	17370	18833	-1	14
k63_416704	18833	19183	-1	15
k63_416704	19200	20408	-1	16
k63_416704	20679	20981	1	17
k63_1028	58	1005	-1	1
k63_1028	1059	2255	-1	2
k63_1028	2333	4363	1	3
k63_1028	4447	5667	-1	4
k63_1028	6149	8074	1	5
k63_1028	8166	8597	1	6
k63_1028	8632	8829	1	7
k63_1028	8845	9204	1	8
k63_1028	9275	10309	1	9
k63_1028	10333	12702	1	10
k63_1028	12716	13033	1	11
k63_1028	13073	13420	1	12
k63_1028	13577	14713	1	13
k63_1028	14745	15329	1	14
k63_1028	15301	16080	1	15
k63_1028	16090	16467	-1	16
k63_1028	16548	17861	1	17
k63_1028	17871	19610	1	18
k63_1028	19677	20462	1	19
k63_1028	20560	22623	-1	20
k63_1028	23216	24139	1	21
k63_1028	24143	24526	1	22
k63_1028	24544	25152	-1	23
k63_1028	25461	25655	1	24
k63_1028	25729	26745	1	25
k63_1028	26742	27710	1	26
k63_1028	27723	28463	1	27
k63_1028	28566	28823	1	28
k63_1028	28906	30147	1	29
k63_1028	30268	31248	1	30
k63_1028	31266	31922	1	31
k63_1028	31915	32982	1	32
k63_1028	33075	33251	1	33
k63_1028	33322	33543	1	34
k63_1028	33604	34377	1	35
k63_1028	34607	35089	-1	36
k63_1028	35568	36125	1	37
k63_1028	36264	36926	1	38
k63_1028	36923	37939	-1	39
k63_1028	37951	38940	-1	40
k63_1028	38963	39721	-1	41
k63_1028	39730	41052	-1	42
k63_1028	41062	42234	-1	43
k63_1028	42234	42539	-1	44
k63_1028	42579	43241	-1	45
k63_1247517	3	152	1	1
k63_1247517	535	1062	-1	2
k63_1247517	1208	2554	-1	3
k63_1247517	2618	3346	-1	4
k63_1247517	4150	5148	1	5
k63_1247517	5274	6134	1	6
k63_1247517	6131	7186	1	7
k63_1247517	7393	7599	1	8
k63_1247517	7642	8952	-1	9
k63_1247517	8998	10203	-1	10
k63_1247517	10496	11896	-1	11
k63_1247517	11893	13029	-1	12
k63_1247517	13202	14611	-1	13
k63_1247517	14935	15168	-1	14
k63_1247517	15156	16289	-1	15
k63_1247517	16586	19651	1	16
k63_1247517	19648	19977	1	17
k63_1247517	20045	20791	1	18
k63_1247517	20812	21399	-1	19
k63_1247517	21396	22232	-1	20
k63_1247517	22229	23209	-1	21
k63_1247517	23228	23467	-1	22
k63_1247517	23674	24216	1	23
k63_1247517	24377	25369	1	24
k63_1247517	25480	26508	-1	25
k63_1247517	26664	27269	-1	26
k63_1247517	27584	28630	1	27
k63_1247517	28767	29378	1	28
k63_1247517	29378	30685	1	29
k63_1455701	2	607	-1	1
k63_1455701	639	1622	-1	2
k63_1455701	1988	3253	1	3
k63_1455701	3254	4909	1	4
k63_1455701	4975	5820	1	5
k63_1455701	5817	6635	1	6
k63_1455701	6915	7763	1	7
k63_1352459	219	854	1	1
k63_1352459	847	1461	1	2
k63_1352459	1416	2945	1	3
k63_1352459	2948	6049	1	4
k63_1352459	6306	6497	1	5
k63_1352459	6556	7251	1	6
k63_1352459	7279	9933	1	7
k63_1352459	9972	10685	1	8
k63_1352459	10688	11416	1	9
k63_1352459	11416	12630	1	10
k63_1352459	12690	13871	1	11
k63_1352459	13898	14533	1	12
k63_1352459	14567	15448	1	13
k63_1352459	15518	16867	1	14
k63_1352459	17025	17903	1	15
k63_1352459	17915	18409	1	16
k63_1352459	18406	19194	1	17
k63_1352459	19252	20202	-1	18
k63_1352459	20445	20783	1	19
k63_1352459	20810	22105	1	20
k63_1352459	22074	22190	-1	21
k63_1352459	22358	22936	1	22
k63_1352459	23011	24405	1	23
k63_1352459	24380	24820	1	24
k63_1352459	24854	25717	-1	25
k63_1352459	25929	27221	1	26
k63_1352459	27253	27891	-1	27
k63_1352459	27954	28928	1	28
k63_1352459	28945	31155	-1	29
k63_1352459	31367	31603	1	30
k63_1352459	31756	32271	-1	31
k63_1040401	59	973	-1	1
k63_1040401	1012	1110	-1	2
k63_1040401	1350	3401	1	3
k63_1040401	4181	4615	-1	4
k63_1040401	4641	5390	-1	5
k63_1040401	5486	6679	-1	6
k63_1040401	6701	8350	-1	7
k63_1040401	8434	9471	-1	8
k63_1040401	9791	11773	1	9
k63_1040401	11824	12357	1	10
k63_1040401	12520	12783	1	11
k63_417813	3	179	-1	1
k63_417813	562	837	-1	2
k63_417813	1454	2599	1	3
k63_417813	2723	3811	1	4
k63_417813	3804	4853	1	5
k63_417813	4850	5656	1	6
k63_417813	5935	6069	1	7
k63_313840	2	136	-1	1
k63_313840	169	1908	-1	2
k63_313840	2208	3341	1	3
k63_313840	3530	4066	1	4
k63_1353214	1	1563	-1	1
k63_1041376	1	306	1	1
k63_1041376	325	1524	1	2
k63_1041376	1528	2952	1	3
k63_1041376	3067	4101	1	4
k63_1041376	4105	4338	1	5
k63_1041376	4341	4793	1	6
k63_1041376	4809	5117	1	7
k63_1041376	5139	5714	-1	8
k63_1041376	5726	7036	-1	9
k63_1041376	6984	7424	-1	10
k63_1041376	7529	8299	1	11
k63_1041376	8340	8915	1	12
k63_1041376	9051	9479	1	13
k63_938029	1	282	-1	1
k63_938029	318	1355	-1	2
k63_938029	1422	2258	-1	3
k63_938029	2293	2457	-1	4
k63_938029	2501	3190	-1	5
k63_938029	3531	4556	1	6
k63_938029	4575	5801	1	7
k63_938029	5846	7345	1	8
k63_1354136	462	2588	1	1
k63_1354136	2599	3342	1	2
k63_1249489	256	1584	1	1
k63_1249489	1765	1989	-1	2
k63_1249489	2019	3584	1	3
k63_1249489	3925	4398	-1	4
k63_938291	1	783	1	1
k63_938291	1037	2746	-1	2
k63_938291	2765	3853	-1	3
k63_938291	3970	5016	-1	4
k63_3260	159	791	-1	1
k63_3260	836	1579	-1	2
k63_3260	1582	2616	-1	3
k63_3260	2603	3703	-1	4
k63_3260	3681	5567	-1	5
k63_3260	5551	6057	-1	6
k63_3260	6038	6910	-1	7
k63_3260	6950	7996	-1	8
k63_315266	719	1888	1	1
k63_315266	2222	2377	-1	2
k63_315266	2432	3274	-1	3
k63_315266	3619	3933	1	4
k63_1249636	3	305	1	1
k63_1249636	336	587	1	2
k63_1249636	905	1927	1	3
k63_1249636	1924	2970	1	4
k63_1249636	3016	4263	1	5
k63_1249636	4208	5062	1	6
k63_1249636	5055	7343	1	7
k63_1249636	7330	8163	1	8
k63_1249636	8177	10243	1	9
k63_1249636	10248	10685	1	10
k63_1249636	10687	12174	1	11
k63_1249636	12171	12443	1	12
k63_1249636	12443	13222	1	13
k63_1249636	13252	14619	1	14
k63_1249636	15237	16040	1	15
k63_1249636	16094	17053	-1	16
k63_1249636	17061	18083	-1	17
k63_1249636	18270	19073	-1	18
k63_1249636	19291	20433	1	19
k63_1249636	20446	22122	-1	20
k63_1249636	22150	23172	-1	21
k63_1249636	23169	25097	-1	22
k63_1249636	25100	25840	-1	23
k63_1249636	26146	27699	1	24
k63_1249636	27816	28745	-1	25
k63_1249636	28782	29483	-1	26
k63_1249636	29837	30100	1	27
k63_1249636	30106	31380	-1	28
k63_1249636	31349	32428	-1	29
k63_1249636	32562	34112	1	30
k63_1249636	34335	35309	1	31
k63_1249636	35323	36267	1	32
k63_1249636	36275	37240	1	33
k63_1249636	37237	38271	1	34
k63_1249636	38436	39257	1	35
k63_1249636	39279	40097	-1	36
k63_1249636	40118	42157	-1	37
k63_1249636	42206	43708	-1	38
k63_1249636	43711	44634	-1	39
k63_1249636	45252	46049	-1	40
k63_1249636	46080	46823	-1	41
k63_1249636	46836	47459	-1	42
k63_1249636	47463	48194	-1	43
k63_1249636	48158	48901	-1	44
k63_1249636	48922	49935	-1	45
k63_1249636	49941	50870	-1	46
k63_1249636	50972	52270	-1	47
k63_1249636	52372	53274	-1	48
k63_1249636	53423	54286	1	49
k63_1249636	54289	56172	1	50
k63_1249636	56543	56680	-1	51
k63_1249636	57155	57328	-1	52
k63_1249636	57741	59036	1	53
k63_1249636	59095	60117	-1	54
k63_1249636	60125	61255	-1	55
k63_419788	213	1175	1	1
k63_419788	1193	4432	1	2
k63_419788	4522	5277	1	3
k63_419788	5274	6476	1	4
k63_419788	6491	6772	-1	5
k63_3551	2	1045	1	1
k63_3551	1156	1929	1	2
k63_315632	22	708	1	1
k63_315632	993	1736	1	2
k63_315632	1720	2439	1	3
k63_315632	2436	3266	1	4
k63_315632	3253	4326	1	5
k63_315632	4336	5061	1	6
k63_315632	5071	5823	1	7
k63_315632	5830	6771	1	8
k63_315632	6775	6981	-1	9
k63_315632	7074	8339	1	10
k63_315632	8348	9325	-1	11
k63_315632	9386	10189	-1	12
k63_315632	10446	11384	-1	13
k63_315632	11556	11981	1	14
k63_315632	12079	13026	1	15
k63_315632	13062	14009	-1	16
k63_315632	14361	14816	-1	17
k63_315632	14861	15073	1	18
k63_315632	15075	16532	-1	19
k63_315632	16539	17120	-1	20
k63_315632	17117	17527	-1	21
k63_315632	17537	18169	-1	22
k63_315632	18257	18913	-1	23
k63_315632	18910	20166	-1	24
k63_315632	20163	20759	-1	25
k63_315632	20963	21709	-1	26
k63_315632	22044	23165	1	27
k63_315632	23267	24115	1	28
k63_315632	24651	25796	1	29
k63_315632	25981	26475	1	30
k63_1146552	2	379	1	1
k63_1146552	398	1531	-1	2
k63_1146552	1538	2185	-1	3
k63_732205	136	498	-1	1
k63_732205	528	782	-1	2
k63_732205	827	1096	-1	3
k63_732205	1517	2431	1	4
k63_420655	2	532	-1	1
k63_420655	1025	1867	-1	2
k63_4463	3	125	-1	1
k63_4463	281	1345	1	2
k63_4463	1342	2451	1	3
k63_4463	2457	2714	1	4
k63_939832	2	601	1	1
k63_939832	621	1223	1	2
k63_732943	2	1747	1	1
k63_732943	1785	2669	-1	2
k63_732943	2817	3380	1	3
k63_732943	3382	4359	1	4
k63_732943	4422	5090	1	5
k63_732943	5134	5658	1	6
k63_732943	5665	6294	1	7
k63_213212	2	172	-1	1
k63_213212	176	979	-1	2
k63_213212	1458	1703	1	3
k63_213212	1792	1875	-1	4
k63_733032	1	855	-1	1
k63_733032	1196	2278	1	2
k63_733032	2279	3091	-1	3
k63_733032	3095	3955	-1	4
k63_733032	3974	5050	-1	5
k63_733032	5102	6253	-1	6
k63_733032	6897	7316	1	7
k63_733032	7323	7736	1	8
k63_733032	7672	7977	-1	9
k63_733032	8090	9010	1	10
k63_733032	9120	9818	-1	11
k63_733032	9821	11185	-1	12
k63_733032	11398	12603	1	13
k63_733032	12672	13433	1	14
k63_733032	13485	15155	1	15
k63_733032	15338	16486	1	16
k63_733032	16538	17401	1	17
k63_733032	17406	18251	1	18
k63_733032	18248	18997	1	19
k63_733032	18997	19707	1	20
k63_733032	20006	20350	-1	21
k63_733032	20753	21844	-1	22
k63_733032	21871	22851	-1	23
k63_733032	22844	23959	-1	24
k63_733032	23969	24406	-1	25
k63_213508	2	934	1	1
k63_213508	940	1293	1	2
k63_213508	1293	2093	1	3
k63_213508	2311	3759	1	4
k63_213508	3767	5122	1	5
k63_213508	5203	5529	1	6
k63_213508	5555	7357	1	7
k63_213508	7377	7844	1	8
k63_837312	195	680	-1	1
k63_837312	946	1857	-1	2
k63_837312	2766	4103	1	3
k63_837312	4116	4517	-1	4
k63_837312	4662	5762	-1	5
k63_837312	5782	6687	-1	6
k63_837312	6684	8777	-1	7
k63_837312	8731	9534	-1	8
k63_837312	9545	10573	-1	9
k63_5438	3	974	-1	1
k63_5438	1050	1373	-1	2
k63_5438	1467	2252	-1	3
k63_5438	2249	3007	-1	4
k63_5438	3035	4513	-1	5
k63_5438	4795	5595	1	6
k63_5438	5634	8174	1	7
k63_5438	8380	8637	1	8
k63_5438	8786	9109	1	9
k63_5438	9148	9936	1	10
k63_5438	9945	10463	-1	11
k63_5438	10859	11029	-1	12
k63_5438	11179	11673	-1	13
k63_5438	11690	14539	-1	14
k63_5438	15025	16437	-1	15
k63_5438	16487	17437	-1	16
k63_5438	17639	19252	1	17
k63_5438	19252	19692	1	18
k63_5438	19769	20806	1	19
k63_5438	20813	21340	1	20
k63_5438	21333	22328	1	21
k63_5438	22377	23231	1	22
k63_5438	23279	24799	-1	23
k63_5438	24882	25217	1	24
k63_5438	25223	26284	-1	25
k63_5438	26324	27610	-1	26
k63_5438	27607	27864	-1	27
k63_630829	3	1118	-1	1
k63_630829	1207	1941	1	2
k63_630829	1947	3467	-1	3
k63_630829	3492	4043	-1	4
k63_630829	4329	5333	-1	5
k63_630829	5330	6688	-1	6
k63_630829	6675	7559	-1	7
k63_630829	7585	8262	-1	8
k63_630829	8434	9213	-1	9
k63_630829	9296	10522	1	10
k63_630829	10519	10833	1	11
k63_1357121	1	558	-1	1
k63_1357121	867	2057	1	2
k63_1357121	2132	2599	1	3
k63_1357121	2632	3096	-1	4
k63_1357121	3206	4495	1	5
k63_1357121	4584	4829	1	6
k63_1357121	4902	5168	1	7
k63_1357121	5624	6592	1	8
k63_1357121	6592	7704	1	9
k63_1357121	7691	8188	1	10
k63_1357121	8903	9613	-1	11
k63_1357121	9909	10430	-1	12
k63_1357121	11142	11933	1	13
k63_1357121	12104	12772	1	14
k63_1357121	12769	12996	1	15
k63_1357121	13012	13608	1	16
k63_1357121	13609	14412	1	17
k63_422478	3	806	1	1
k63_422478	1109	1948	-1	2
k63_422478	1985	2242	1	3
k63_422478	2191	2406	1	4
k63_422478	2997	3869	1	5
k63_422623	6	1457	-1	1
k63_422623	1564	1674	1	2
k63_422623	1653	3311	-1	3
k63_422623	3644	4519	-1	4
k63_422623	4516	6057	-1	5
k63_422623	6133	7872	-1	6
k63_422623	8119	8310	-1	7
k63_422623	8700	9899	1	8
k63_422623	9959	11158	1	9
k63_422623	11261	12112	-1	10
k63_422623	12149	13441	-1	11
k63_422623	13434	14825	-1	12
k63_422623	15166	16236	-1	13
k63_422623	16561	17253	1	14
k63_422623	17235	18092	-1	15
k63_422623	18144	18431	-1	16
k63_422623	18492	18737	-1	17
k63_422623	18739	19017	-1	18
k63_422623	19030	19836	-1	19
k63_422623	19846	20988	-1	20
k63_422623	21056	21907	-1	21
k63_422623	21933	23315	-1	22
k63_422623	23363	23917	-1	23
k63_422623	23937	26045	-1	24
k63_422623	26402	27025	1	25
k63_318370	1	474	1	1
k63_318370	521	1915	1	2
k63_318370	2169	2360	1	3
k63_6481	2	1141	-1	1
k63_6481	1143	2495	-1	2
k63_6481	2701	3198	1	3
k63_6481	3284	3355	1	4
k63_214997	144	938	1	1
k63_214997	959	1102	1	2
k63_214997	1216	1560	-1	3
k63_214997	1870	2862	1	4
k63_214997	3111	5093	1	5
k63_214997	5252	6685	-1	6
k63_214997	6692	8707	-1	7
k63_214997	8782	9696	-1	8
k63_214997	9756	10448	-1	9
k63_214997	10863	11444	1	10
k63_214997	11486	12172	-1	11
k63_214997	12397	12690	1	12
k63_214997	12811	13035	1	13
k63_214997	13444	14571	1	14
k63_214997	14665	15093	-1	15
k63_734747	3	515	1	1
k63_734747	516	1079	1	2
k63_734747	1124	1867	1	3
k63_734747	1883	2542	-1	4
k63_734747	2539	3240	-1	5
k63_734747	3251	4576	-1	6
k63_734747	4820	7429	1	7
k63_734747	7445	8524	1	8
k63_734747	8524	9642	1	9
k63_734747	9650	10540	1	10
k63_734747	10550	11860	1	11
k63_734747	11860	12579	1	12
k63_734747	12608	14287	1	13
k63_734747	14314	14613	1	14
k63_734747	14674	14922	1	15
k63_734747	14927	16123	1	16
k63_734747	16146	16937	1	17
k63_734747	16950	17621	-1	18
k63_734747	17939	18487	1	19
k63_734747	18796	20001	1	20
k63_734747	20739	24236	-1	21
k63_734747	24354	24623	1	22
k63_734747	24673	25386	1	23
k63_734747	25420	25896	1	24
k63_734747	25939	26442	-1	25
k63_734747	26496	27452	-1	26
k63_734747	28010	30379	1	27
k63_734747	30381	31031	1	28
k63_734747	31073	32410	1	29
k63_734747	32504	33784	1	30
k63_734747	34202	35731	1	31
k63_734747	35845	36489	-1	32
k63_838899	71	382	-1	1
k63_838899	766	1497	1	2
k63_838899	1521	1844	1	3
k63_838899	1851	2357	-1	4
k63_838899	2354	3148	-1	5
k63_838899	3321	5399	1	6
k63_838899	5438	6583	-1	7
k63_838899	6607	8127	-1	8
k63_838899	8220	9467	1	9
k63_838899	9568	9756	-1	10
k63_528171	1	126	-1	1
k63_528171	341	592	1	2
k63_528171	624	1721	-1	3
k63_528171	1847	2707	1	4
k63_528171	2943	3836	1	5
k63_528171	3847	4746	1	6
k63_528171	5019	7019	1	7
k63_528171	7089	7301	-1	8
k63_528171	7307	8578	-1	9
k63_1149547	1	801	1	1
k63_1149547	771	1973	1	2
k63_111241	1	780	1	1
k63_111241	962	3331	1	2
k63_111241	3328	4035	-1	3
k63_111241	4047	4802	-1	4
k63_111241	4799	5767	-1	5
k63_111241	5760	6629	-1	6
k63_111241	6716	7996	-1	7
k63_111241	8375	8593	-1	8
k63_423340	1	1275	-1	1
k63_423340	1413	1601	1	2
k63_423340	1586	2734	-1	3
k63_423340	2925	3152	-1	4
k63_1461667	2	1123	1	1
k63_1461667	1120	2163	1	2
k63_1461667	2177	2665	1	3
k63_1461667	2677	3309	1	4
k63_1461667	3306	3611	1	5
k63_1461667	3637	5601	1	6
k63_1461667	5611	7098	1	7
k63_839347	1	294	-1	1
k63_839347	587	853	-1	2
k63_839347	847	1089	-1	3
k63_839347	1467	2006	-1	4
k63_839347	3214	3606	1	5
k63_839347	3650	4018	1	6
k63_839347	4287	4589	1	7
k63_839347	4600	4938	1	8
k63_839347	4982	5683	1	9
k63_839347	5691	7130	1	10
k63_839347	7308	7487	-1	11
k63_839347	7603	8685	-1	12
k63_839347	8825	9079	-1	13
k63_839347	9083	9325	-1	14
k63_839347	9703	9996	-1	15
k63_839347	10220	11038	1	16
k63_839347	11038	11241	1	17
k63_839347	11269	12060	1	18
k63_839347	12053	12610	1	19
k63_839347	12687	13346	1	20
k63_839347	13373	14371	1	21
k63_839347	14928	15416	1	22
k63_839347	15605	16192	-1	23
k63_632678	3	545	-1	1
k63_632678	600	1178	-1	2
k63_632678	1203	1994	-1	3
k63_1150101	2	1087	-1	1
k63_1150101	1566	1958	1	2
k63_1150101	1994	2251	1	3
k63_1150101	2335	3387	1	4
k63_1150101	3384	4505	1	5
k63_1150101	4505	4957	1	6
k63_1150101	4987	5160	1	7
k63_1150101	5281	5922	1	8
k63_1150101	6138	7730	1	9
k63_1150101	7727	8140	1	10
k63_1150101	8189	9136	1	11
k63_1150101	9291	12125	1	12
k63_1150101	12173	12697	1	13
k63_1150101	12903	13124	1	14
k63_1253775	2	298	1	1
k63_1253775	311	1666	-1	2
k63_1253775	1773	3080	1	3
k63_1253775	3368	3655	1	4
k63_1253775	3814	4488	-1	5
k63_1253775	4485	6383	-1	6
k63_1253775	6448	7572	-1	7
k63_1253775	7622	9553	-1	8
k63_1253775	9616	10311	-1	9
k63_1253775	10413	11462	-1	10
k63_1253775	11790	12665	1	11
k63_1253775	12681	14348	1	12
k63_1253775	14348	14833	1	13
k63_1253775	14830	15204	1	14
k63_1253775	15416	16453	1	15
k63_735872	3	356	-1	1
k63_735872	375	1124	-1	2
k63_735872	1280	2080	-1	3
k63_735872	2175	3320	-1	4
k63_735872	3822	4160	1	5
k63_735872	4338	5165	-1	6
k63_735872	5341	6291	1	7
k63_735872	6351	7010	-1	8
k63_735872	7574	7993	1	9
k63_1254153	2	439	1	1
k63_1254153	377	559	-1	2
k63_1254153	608	1573	1	3
k63_1254153	1605	2402	-1	4
k63_1254153	2431	2994	-1	5
k63_7804	987	1655	1	1
k63_7804	1710	2705	1	2
k63_7804	2733	3104	1	3
k63_7804	3112	3873	1	4
k63_7804	3842	4483	1	5
k63_633549	1	162	1	1
k63_633549	293	1723	1	2
k63_633549	2048	2143	1	3
k63_1463077	1	96	1	1
k63_1463077	93	431	1	2
k63_1463077	510	680	1	3
k63_1463077	1646	2272	1	4
k63_1463077	2310	3941	1	5
k63_1463077	4022	4183	1	6
k63_1463077	4348	5772	1	7
k63_1463077	6138	6731	1	8
k63_1463077	7067	7852	-1	9
k63_1463077	7864	9417	-1	10
k63_1463077	9428	10672	-1	11
k63_113142	17	487	-1	1
k63_113142	471	1973	-1	2
k63_113142	2254	3228	-1	3
k63_113142	3264	4010	-1	4
k63_633919	2	958	-1	1
k63_633919	1105	3348	-1	2
k63_633919	3443	3763	-1	3
k63_634414	1	618	1	1
k63_634414	659	1540	1	2
k63_634414	1544	2410	1	3
k63_634414	2427	3734	1	4
k63_634414	3798	5018	1	5
k63_634414	6121	7035	1	6
k63_634414	7378	7830	-1	7
k63_634414	8434	11154	1	8
k63_634414	11158	12402	1	9
k63_634414	12383	12796	1	10
k63_634414	12801	14072	1	11
k63_634414	14090	14368	1	12
k63_634414	14369	17362	1	13
k63_634414	17331	17522	1	14
k63_1048588	3	557	-1	1
k63_1048588	550	1170	-1	2
k63_1048588	1133	2266	-1	3
k63_1048588	2607	2675	1	4
k63_321918	151	1047	1	1
k63_321918	1270	3342	1	2
k63_321918	3382	3555	-1	3
k63_321918	3558	3737	1	4
k63_1361834	3	209	-1	1
k63_1361834	206	556	-1	2
k63_1361834	553	873	-1	3
k63_1361834	1035	2039	-1	4
k63_322853	1	627	1	1
k63_322853	722	1717	1	2
k63_322853	1777	3093	1	3
k63_322853	3212	3793	-1	4
k63_843042	86	1750	-1	1
k63_843042	2028	2261	1	2
k63_843042	2650	3114	1	3
k63_843042	3130	5088	1	4
k63_843042	5159	5509	1	5
k63_843042	5544	5888	-1	6
k63_1362330	943	2496	-1	1
k63_1362330	2568	3710	-1	2
k63_323197	104	688	-1	1
k63_323197	692	2020	-1	2
k63_323197	2129	2548	-1	3
k63_323197	2833	3093	1	4
k63_323197	3102	3920	1	5
k63_323197	3937	5859	1	6
k63_323197	5856	6707	1	7
k63_323197	6742	7236	1	8
k63_323197	7281	8996	1	9
k63_323197	9021	9293	-1	10
k63_323197	9290	10399	-1	11
k63_1257490	77	1990	-1	1
k63_1257490	2097	3152	-1	2
k63_533025	23	1333	-1	1
k63_533025	1669	1878	-1	2
k63_533025	1875	2567	-1	3
k63_533025	2564	2965	-1	4
k63_1362989	106	2205	-1	1
k63_1362989	2232	2702	-1	2
k63_1362989	2746	3120	-1	3
k63_1362989	3323	7612	-1	4
k63_1362989	7661	12154	-1	5
k63_1362989	12289	12678	-1	6
k63_1362989	12751	13275	-1	7
k63_1362989	13318	14016	-1	8
k63_1362989	14016	14450	-1	9
k63_1362989	14480	15082	-1	10
k63_1362989	15083	15445	-1	11
k63_1362989	15568	15651	-1	12
k63_739902	1	1989	1	1
k63_739902	2041	3126	1	2
k63_739902	3149	3691	1	3
k63_739902	3884	4219	-1	4
k63_739902	4276	5187	-1	5
k63_1051134	3	152	1	1
k63_1051134	152	769	1	2
k63_1051134	811	1617	1	3
k63_1051134	1654	2193	-1	4
k63_1051134	2218	3105	-1	5
k63_1051134	3216	4601	-1	6
k63_1051134	4830	5807	1	7
k63_1051134	5890	6654	1	8
k63_1051134	6651	7544	1	9
k63_1051134	7587	8333	1	10
k63_1051134	9256	10647	1	11
k63_1051134	10959	11834	-1	12
k63_1051134	11860	12603	-1	13
k63_1051134	12600	13640	-1	14
k63_1051134	13651	14562	-1	15
k63_1051134	14687	15916	-1	16
k63_1051134	16082	16537	-1	17
k63_1051134	16773	17501	1	18
k63_1051134	17505	18692	-1	19
k63_1051134	18948	20864	1	20
k63_1051134	20905	22014	1	21
k63_1051134	22082	23389	-1	22
k63_1051134	23519	24862	-1	23
k63_1051134	24846	25529	-1	24
k63_1051134	25553	26449	-1	25
k63_1051134	26801	26959	1	26
k63_947730	2	157	1	1
k63_947730	183	1487	-1	2
k63_947730	1519	1908	-1	3
k63_947730	2330	3166	1	4
k63_947730	3343	3846	-1	5
k63_947730	3936	4868	-1	6
k63_947730	4852	6258	-1	7
k63_947730	6316	7077	-1	8
k63_947730	7256	8830	-1	9
k63_947730	8983	10122	1	10
k63_947730	10196	10852	-1	11
k63_947730	10849	11715	-1	12
k63_947730	11827	12150	1	13
k63_947730	12204	13487	-1	14
k63_947730	13972	15183	1	15
k63_947730	15224	18361	1	16
k63_947730	18396	19268	-1	17
k63_947730	19297	19602	-1	18
k63_1051349	270	1148	-1	1
k63_1051349	1250	2005	-1	2
k63_1051349	2077	2427	-1	3
k63_1051349	2573	2794	-1	4
k63_1051349	2880	3920	-1	5
k63_1051349	3948	4319	-1	6
k63_1051349	4325	4648	-1	7
k63_1051349	5161	6033	1	8
k63_1466922	3	161	-1	1
k63_1466922	194	679	1	2
k63_1466922	723	2174	1	3
k63_1466922	2223	2981	1	4
k63_1466922	2978	4339	1	5
k63_1466922	4336	5604	1	6
k63_1466922	5601	6053	1	7
k63_1466922	6059	6493	1	8
k63_1466922	6518	7927	1	9
k63_1466922	7959	9263	-1	10
k63_1466969	1	795	-1	1
k63_1466969	829	1476	-1	2
k63_1466969	1637	2428	1	3
k63_1466969	2526	3104	1	4
k63_1466969	3124	4140	1	5
k63_1466969	4142	4966	1	6
k63_1466969	4966	5379	1	7
k63_1466969	5427	6494	1	8
k63_1466969	6507	7565	1	9
k63_1466969	7645	8928	1	10
k63_1466969	8928	9305	1	11
k63_1466969	9302	9616	1	12
k63_1466969	9638	11938	1	13
k63_1466969	12045	14546	1	14
k63_1466969	14543	15076	1	15
k63_1466969	15077	16105	1	16
k63_1466969	16303	19029	-1	17
k63_1466969	19310	20590	1	18
k63_1466969	20686	21330	1	19
k63_1466969	21331	21696	1	20
k63_1466969	21744	22307	1	21
k63_844966	1	363	1	1
k63_844966	877	1677	1	2
k63_844966	1754	2056	-1	3
k63_844966	2067	2654	-1	4
k63_534489	1	882	1	1
k63_534489	1007	1237	1	2
k63_534489	1329	2657	1	3
k63_534489	2847	4094	1	4
k63_534489	4123	5028	1	5
k63_534489	5336	6526	1	6
k63_534489	6526	7824	1	7
k63_534489	7867	8334	-1	8
k63_534489	8636	9106	1	9
k63_534489	9129	9293	1	10
k63_534489	9362	9937	1	11
k63_534489	9954	10487	-1	12
k63_534489	10543	10770	-1	13
k63_534489	10866	12815	-1	14
k63_534489	13284	13460	1	15
k63_534489	13566	14522	-1	16
k63_534489	14572	16014	-1	17
k63_534489	16011	17471	-1	18
k63_534489	17692	17979	-1	19
k63_534489	18115	18186	1	20
k63_1052438	65	1369	-1	1
k63_1052438	1612	2733	1	2
k63_1052438	2768	4519	1	3
k63_1052438	4529	5524	1	4
k63_1052438	5537	6673	-1	5
k63_1052438	6714	7106	-1	6
k63_1052438	7149	7898	-1	7
k63_1052438	7904	10351	-1	8
k63_1052438	10500	11324	1	9
k63_1052438	11363	12556	-1	10
k63_846035	312	785	1	1
k63_846035	801	2312	1	2
k63_846035	2318	4750	1	3
k63_846035	4818	5207	1	4
k63_846035	5204	6127	1	5
k63_846035	6234	6503	1	6
k63_846035	6535	8631	1	7
k63_846035	8661	9110	1	8
k63_846035	9107	9295	-1	9
k63_846035	9732	11066	-1	10
k63_846035	11235	11678	-1	11
k63_846035	11839	12444	1	12
k63_846035	12555	16058	1	13
k63_846035	16058	17581	1	14
k63_846035	17585	19624	1	15
k63_846035	19935	20375	1	16
k63_846035	20582	23272	1	17
k63_846035	23345	23947	-1	18
k63_846035	24178	25521	1	19
k63_846035	25563	26396	1	20
k63_846035	26422	27474	1	21
k63_846035	27639	28061	1	22
k63_846035	28291	30240	1	23
k63_846035	30252	31073	1	24
k63_846035	31088	32308	1	25
k63_846035	32320	33447	1	26
k63_846035	33562	34902	1	27
k63_846035	34930	35763	1	28
k63_846035	35854	37092	1	29
k63_846035	37185	37529	1	30
k63_846035	37522	38082	1	31
k63_846035	38105	38578	1	32
k63_846035	38588	39874	1	33
k63_846035	39912	40010	1	34
k63_741876	3	230	1	1
k63_741876	715	1155	-1	2
k63_741876	1219	1677	-1	3
k63_325915	1	402	-1	1
k63_325915	788	2551	-1	2
k63_325915	2551	2820	-1	3
k63_325915	2801	3694	-1	4
k63_325915	4064	4996	1	5
k63_325915	4999	5595	1	6
k63_325915	5592	7187	1	7
k63_325915	7195	8343	-1	8
k63_325915	8703	9581	-1	9
k63_325915	9582	10748	-1	10
k63_325915	10805	11677	-1	11
k63_325915	11688	12845	-1	12
k63_325915	13067	14611	-1	13
k63_325915	14797	15234	1	14
k63_325915	15322	15894	1	15
k63_325915	15891	17180	1	16
k63_325915	17214	18446	1	17
k63_325915	18466	19677	1	18
k63_325915	19785	20258	1	19
k63_325915	20314	20649	-1	20
k63_535451	2	481	-1	1
k63_535451	1174	1584	-1	2
k63_535451	1755	2771	-1	3
k63_535451	2956	3486	-1	4
k63_535451	3494	3775	-1	5
k63_535451	4777	5835	-1	6
k63_535451	5822	5941	-1	7
k63_949837	3	659	-1	1
k63_949837	1116	1325	-1	2
k63_949837	1898	2194	1	3
k63_949837	2198	2386	1	4
k63_949837	2552	3097	-1	5
k63_949837	3331	6666	-1	6
k63_949837	6684	9407	-1	7
k63_949837	9425	9595	-1	8
k63_846292	3	2450	-1	1
k63_846292	3362	4321	1	2
k63_846292	4364	5449	1	3
k63_846292	5483	6733	1	4
k63_846292	6788	6910	-1	5
k63_846292	6963	7814	-1	6
k63_846292	8182	10047	1	7
k63_846292	10241	10681	1	8
k63_846292	10695	12671	1	9
k63_846292	12683	13225	1	10
k63_846292	13222	13674	1	11
k63_846292	13688	14959	1	12
k63_846292	15166	15690	1	13
k63_846292	15745	17751	-1	14
k63_846292	17785	19296	-1	15
k63_846292	19300	19794	-1	16
k63_846292	19828	20817	-1	17
k63_846292	21091	22218	1	18
k63_846292	22287	23252	-1	19
k63_846292	23293	24303	-1	20
k63_846292	24459	25265	-1	21
k63_846292	25276	26322	-1	22
k63_326548	3	536	-1	1
k63_326548	732	1418	1	2
k63_326548	1671	3251	1	3
k63_326548	3300	4253	1	4
k63_326548	4261	5100	1	5
k63_326548	5157	6779	1	6
k63_326548	6916	7803	1	7
k63_223993	1	516	-1	1
k63_223993	526	771	-1	2
k63_223993	818	1546	-1	3
k63_223993	1564	2556	-1	4
k63_223993	2588	3238	-1	5
k63_120168	3	392	-1	1
k63_120168	430	3057	-1	2
k63_120168	3120	3893	-1	3
k63_120168	4207	5271	1	4
k63_120168	5369	6205	1	5
k63_120168	6227	6958	1	6
k63_120168	6964	7521	1	7
k63_120168	7575	8318	1	8
k63_120168	8332	9135	1	9
k63_120168	9145	10320	1	10
k63_120168	10355	11719	1	11
k63_120168	11697	12590	1	12
k63_14827	2	190	1	1
k63_14827	267	1658	1	2
k63_14827	1658	2689	1	3
k63_14827	2686	2856	1	4
k63_327318	3	1331	-1	1
k63_327318	1360	2634	-1	2
k63_327318	2631	3101	-1	3
k63_327318	3101	4357	-1	4
k63_327318	4338	4946	-1	5
k63_327318	4955	5431	-1	6
k63_327318	5435	5791	-1	7
k63_327318	5946	6296	-1	8
k63_327318	6313	7131	-1	9
k63_327318	7755	8195	1	10
k63_327318	8290	8838	1	11
k63_327318	8910	9368	1	12
k63_327318	9727	10440	1	13
k63_327318	10966	12651	1	14
k63_327318	12648	13634	1	15
k63_327318	13797	14699	-1	16
k63_327318	14829	15095	-1	17
k63_327318	15439	15918	1	18
k63_327318	16011	16187	1	19
k63_327318	16312	16740	1	20
k63_327318	16682	17032	1	21
k63_327318	17231	18421	-1	22
k63_327318	18593	18766	-1	23
k63_327318	19163	20236	-1	24
k63_327318	20240	21340	-1	25
k63_327318	21496	22998	1	26
k63_327318	23015	23455	1	27
k63_327318	23516	26320	1	28
k63_327318	26495	27283	-1	29
k63_327318	27447	28235	1	30
k63_327318	28239	30143	-1	31
k63_327318	30403	30675	-1	32
k63_327318	30843	33278	-1	33
k63_327318	33373	34641	-1	34
k63_327318	34699	35322	-1	35
k63_327318	35355	36815	-1	36
k63_327318	37086	37811	1	37
k63_327318	38143	38679	1	38
k63_327318	38811	39116	1	39
k63_1366862	2	262	-1	1
k63_1366862	373	1170	-1	2
k63_1366862	1185	3548	-1	3
k63_1366862	3551	4024	-1	4
k63_1366862	4222	4662	-1	5
k63_1366862	4798	5406	1	6
k63_1366862	5596	6789	1	7
k63_847806	244	477	-1	1
k63_847806	552	1520	1	2
k63_847806	1598	4228	1	3
k63_847806	4285	5568	1	4
k63_847806	5620	6138	-1	5
k63_951383	2	421	-1	1
k63_951383	644	1633	-1	2
k63_951383	1682	2773	-1	3
k63_951383	3366	3527	-1	4
k63_951383	3658	4908	1	5
k63_951383	5019	5804	-1	6
k63_951383	5984	6235	1	7
k63_1367114	3	1097	1	1
k63_1367114	1094	2053	1	2
k63_121290	175	1704	1	1
k63_121290	1708	3129	-1	2
k63_121290	3114	3806	-1	3
k63_121290	3803	4789	-1	4
k63_121290	4755	5507	-1	5
k63_121290	5507	6235	-1	6
k63_121290	6232	6981	-1	7
k63_121290	6978	7949	-1	8
k63_121290	7946	8848	-1	9
k63_121290	8885	10204	-1	10
k63_121290	10388	10798	-1	11
k63_121290	10795	11991	-1	12
k63_121290	11988	12614	-1	13
k63_121290	12619	13995	-1	14
k63_121290	13999	15192	-1	15
k63_121290	15298	15591	-1	16
k63_121290	15650	15919	-1	17
k63_121290	15919	17226	-1	18
k63_121290	17357	18508	1	19
k63_121290	18550	19929	1	20
k63_121290	20009	20515	-1	21
k63_121290	20708	20818	-1	22
k63_121290	20883	21407	-1	23
k63_121290	21593	22660	-1	24
k63_121290	23585	24175	1	25
k63_328271	1	1083	1	1
k63_328271	1116	2240	1	2
k63_1055484	1	576	-1	1
k63_1055484	584	1123	-1	2
k63_1055484	1212	2234	-1	3
k63_1055484	2421	3557	1	4
k63_848443	346	1488	1	1
k63_848443	1518	4193	1	2
k63_848443	4402	5685	1	3
k63_848443	5682	5972	-1	4
k63_848443	6255	6785	1	5
k63_848443	6907	7779	1	6
k63_848443	7817	8701	1	7
k63_848443	8829	9488	1	8
k63_848443	9513	10520	1	9
k63_848443	10600	11769	1	10
k63_848443	11791	12513	1	11
k63_848443	12515	14455	1	12
k63_848443	14505	15428	1	13
k63_848443	15425	16096	1	14
k63_848443	16154	21760	-1	15
k63_848443	22135	23127	1	16
k63_848443	23312	25645	1	17
k63_848443	25700	27637	1	18
k63_848443	27685	28731	-1	19
k63_848443	29051	30220	1	20
k63_848443	30233	30484	-1	21
k63_848443	30488	32317	-1	22
k63_848443	32346	32984	-1	23
k63_848443	33184	33600	-1	24
k63_848443	33593	35110	-1	25
k63_848443	35170	36054	-1	26
k63_848443	36124	36657	-1	27
k63_848443	36672	37721	-1	28
k63_848443	37736	38449	-1	29
k63_848443	38465	39421	-1	30
k63_848443	39418	40425	-1	31
k63_848443	40526	41413	-1	32
k63_848443	41444	42994	-1	33
k63_848443	43072	44223	-1	34
k63_848443	44554	45387	1	35
k63_848443	45491	46354	1	36
k63_122250	1	714	-1	1
k63_122250	885	1091	1	2
k63_122250	1527	2252	1	3
k63_122250	2252	2497	1	4
k63_538038	3	1241	1	1
k63_538038	1251	2069	-1	2
k63_538038	2137	2301	-1	3
k63_538038	2642	3640	1	4
k63_538038	3735	4427	1	5
k63_538038	4434	5309	-1	6
k63_538038	5435	7750	-1	7
k63_538038	7769	8659	-1	8
k63_538038	8865	10769	1	9
k63_538038	10835	11422	-1	10
k63_538038	12241	13215	1	11
k63_538038	13252	14799	1	12
k63_538038	14829	15875	-1	13
k63_538038	15897	16742	-1	14
k63_538038	16810	17064	-1	15
k63_538038	17071	17526	-1	16
k63_538038	17495	18718	-1	17
k63_538038	18832	19068	1	18
k63_538038	19090	19245	1	19
k63_538038	19285	20457	-1	20
k63_538038	20479	20706	-1	21
k63_538038	20903	21316	1	22
k63_538038	21328	22092	-1	23
k63_538038	22148	22615	1	24
k63_538038	22825	24690	-1	25
k63_16863	2	706	-1	1
k63_16863	696	1400	-1	2
k63_16863	1607	2446	-1	3
k63_16863	2562	3377	-1	4
k63_16863	3626	4906	1	5
k63_16863	4903	8034	1	6
k63_1160549	115	363	-1	1
k63_1160549	384	716	-1	2
k63_1160549	697	885	-1	3
k63_1160549	917	1144	-1	4
k63_1160549	1164	1445	-1	5
k63_1160549	1525	1632	-1	6
k63_1160549	1667	1873	-1	7
k63_1160549	1883	2002	-1	8
k63_122724	2	184	1	1
k63_122724	445	1560	1	2
k63_122724	1561	2517	1	3
k63_122724	2510	3322	1	4
k63_122724	3498	4532	1	5
k63_122724	4642	5670	1	6
k63_122724	5898	6872	-1	7
k63_122724	7205	7558	-1	8
k63_122724	7647	7811	-1	9
k63_227149	2	469	-1	1
k63_227149	509	1807	-1	2
k63_227149	1810	3210	-1	3
k63_227149	3218	3646	-1	4
k63_227149	3655	4359	-1	5
k63_227149	4359	4760	-1	6
k63_745205	505	1185	-1	1
k63_745205	1198	2073	-1	2
k63_227336	2	1105	-1	1
k63_227336	1497	2447	1	2
k63_227336	2492	3151	1	3
k63_227336	3245	3862	1	4
k63_227336	3880	4932	1	5
k63_227336	4929	8588	1	6
k63_227336	8756	10102	1	7
k63_227336	10177	11019	-1	8
k63_227336	11186	13465	1	9
k63_227336	13444	15804	-1	10
k63_227336	15810	18257	-1	11
k63_227336	18448	19161	1	12
k63_227336	19107	20012	1	13
k63_227336	19957	21327	1	14
k63_227336	21337	21711	-1	15
k63_227336	21811	22665	-1	16
k63_227336	22655	24748	-1	17
k63_227336	24755	25138	-1	18
k63_227336	25787	27997	-1	19
k63_227336	27957	28277	-1	20
k63_227336	28414	29097	1	21
k63_227336	29103	29600	-1	22
k63_227336	29744	30901	1	23
k63_227336	30911	31570	1	24
k63_227336	31571	32839	1	25
k63_227336	32880	33548	-1	26
k63_227336	33545	34558	-1	27
k63_227336	34902	37208	1	28
k63_227336	37225	37818	-1	29
k63_227336	38235	38681	1	30
k63_227336	38853	40121	1	31
k63_1056980	2	238	1	1
k63_1056980	221	1183	-1	2
k63_1056980	1486	1779	-1	3
k63_1056980	1798	2166	-1	4
k63_1056980	3468	4673	1	5
k63_1056980	5019	6323	-1	6
k63_329849	833	964	1	1
k63_329849	956	3547	-1	2
k63_329849	3794	4261	-1	3
k63_329849	4339	4482	-1	4
k63_329849	4648	4812	1	5
k63_1473037	1	1413	1	1
k63_1473037	1425	1763	-1	2
k63_1473037	1861	2103	1	3
k63_123833	2	1627	-1	1
k63_123833	1943	3034	1	2
k63_123833	3031	3885	1	3
k63_123833	4040	4807	-1	4
k63_123833	4810	5064	-1	5
k63_123833	5393	6634	-1	6
k63_123833	6813	7985	1	7
k63_123833	8113	9312	1	8
k63_123833	9316	10473	1	9
k63_123833	10575	11486	1	10
k63_123833	11686	13038	1	11
k63_123833	13040	14023	1	12
k63_123833	14020	14487	1	13
k63_123833	14484	15335	1	14
k63_123833	15360	16847	1	15
k63_123833	16833	18179	-1	16
k63_123833	18556	18666	1	17
k63_123833	18614	18859	1	18
k63_123833	19340	19510	1	19
k63_1264473	3	989	-1	1
k63_1264473	986	1588	-1	2
k63_1264473	1607	2140	-1	3
k63_1264473	2144	2872	-1	4
k63_1264473	3000	3431	-1	5
k63_228252	154	333	1	1
k63_228252	836	1597	1	2
k63_228252	1612	1878	-1	3
k63_228252	1856	2077	-1	4
k63_228252	2514	3356	1	5
k63_228252	3549	4517	1	6
k63_228252	4519	5019	-1	7
k63_228252	5019	6425	-1	8
k63_228252	6456	7433	-1	9
k63_228252	7478	8479	-1	10
k63_228252	8629	9552	1	11
k63_228252	9579	10691	1	12
k63_228252	10743	12425	1	13
k63_228252	12422	13804	1	14
k63_228252	13814	14731	-1	15
k63_1058480	2	223	-1	1
k63_1058480	286	591	1	2
k63_1058480	561	1145	-1	3
k63_1058480	1427	1825	1	4
k63_1058480	1964	2362	1	5
k63_1058480	2388	3041	-1	6
k63_1058480	3038	4438	-1	7
k63_1058480	4435	4980	-1	8
k63_1058480	5449	6564	1	9
k63_1058480	6576	8096	-1	10
k63_1058480	8161	10146	-1	11
k63_1058480	10476	11636	-1	12
k63_1058480	11739	12554	-1	13
k63_1058480	13235	15325	1	14
k63_1058480	15654	16385	-1	15
k63_1058480	16435	16629	1	16
k63_331872	1	336	1	1
k63_331872	620	1402	1	2
k63_331872	1417	1986	1	3
k63_331872	2124	3746	1	4
k63_331872	3765	4541	-1	5
k63_331872	4616	5704	1	6
k63_331872	5779	6060	1	7
k63_331872	6017	6151	1	8
k63_331872	6459	6839	1	9
k63_331872	6846	7388	1	10
k63_646121	272	1957	-1	1
k63_646121	2898	3761	-1	2
k63_646121	3810	5876	1	3
k63_332257	1	1089	1	1
k63_332257	1268	1582	1	2
k63_332257	1785	3713	1	3
k63_332257	3944	4873	1	4
k63_541571	3	539	-1	1
k63_541571	593	2707	-1	2
k63_541571	2704	3462	-1	3
k63_541571	3774	4328	1	4
k63_541571	4490	4894	1	5
k63_541571	5063	5518	1	6
k63_541571	5530	6507	1	7
k63_541571	6504	7781	1	8
k63_541571	7773	8252	-1	9
k63_541571	8351	8638	1	10
k63_748039	1	174	1	1
k63_748039	474	1145	1	2
k63_332881	2	214	-1	1
k63_332881	417	773	1	2
k63_332881	801	1535	-1	3
k63_332881	1554	1775	-1	4
k63_542347	1	129	1	1
k63_542347	151	1074	1	2
k63_542347	1097	2014	1	3
k63_542347	2015	2983	1	4
k63_542347	2980	3981	1	5
k63_542347	4075	4341	-1	6
k63_542347	4417	4710	-1	7
k63_542347	4714	6000	-1	8
k63_542347	6021	6785	-1	9
k63_542347	6845	8497	-1	10
k63_542347	8701	9303	-1	11
k63_231206	184	471	1	1
k63_231206	512	2140	1	2
k63_231206	2407	3201	-1	3
k63_231206	3188	4012	-1	4
k63_231206	4086	4514	1	5
k63_231206	4566	5081	1	6
k63_231206	5096	5866	1	7
k63_231206	5992	7374	1	8
k63_231206	7374	7697	1	9
k63_231206	7700	8230	1	10
k63_231206	8462	9115	1	11
k63_231206	9292	10920	-1	12
k63_231206	10923	11660	-1	13
k63_231206	11876	12967	-1	14
k63_231206	13263	14219	-1	15
k63_231206	14219	14653	-1	16
k63_231206	14625	15548	-1	17
k63_231206	15711	18404	1	18
k63_231206	18413	19075	-1	19
k63_231206	19334	19957	1	20
k63_231206	19954	21561	-1	21
k63_231206	21636	21848	-1	22
k63_231206	21850	22776	-1	23
k63_231206	22835	23410	-1	24
k63_231206	23530	23613	-1	25
k63_957672	22	1134	-1	1
k63_957672	1113	1979	-1	2
k63_957672	2183	3418	-1	3
k63_957672	3448	5016	-1	4
k63_957672	5354	6502	-1	5
k63_957672	6750	6863	1	6
k63_128154	79	408	1	1
k63_128154	713	2776	-1	2
k63_128154	2786	4183	-1	3
k63_128154	4234	4653	-1	4
k63_128154	4674	6125	-1	5
k63_128154	6382	6693	-1	6
k63_128154	7386	8798	1	7
k63_128154	8814	9422	1	8
k63_128154	9471	10106	-1	9
k63_231815	1	849	-1	1
k63_231815	957	1916	-1	2
k63_231815	1959	5417	-1	3
k63_231815	5414	6001	-1	4
k63_231815	5998	7131	-1	5
k63_231815	7199	7984	-1	6
k63_231815	7985	8425	-1	7
k63_231815	8491	9495	-1	8
k63_231815	9485	10057	-1	9
k63_231815	10057	10383	-1	10
k63_543575	2	310	1	1
k63_543575	315	1847	-1	2
k63_543575	2009	2206	1	3
k63_543575	2259	3503	-1	4
k63_543575	3521	5938	-1	5
k63_543575	6089	6871	1	6
k63_543575	6968	8284	-1	7
k63_543575	8302	9159	-1	8
k63_543575	9317	9802	1	9
k63_543575	10227	11144	-1	10
k63_543575	11141	11755	-1	11
k63_334395	68	559	1	1
k63_334395	559	846	1	2
k63_334395	846	1169	1	3
k63_334395	1196	1699	1	4
k63_334395	1704	2141	1	5
k63_334395	2142	2504	1	6
k63_334395	2504	3985	1	7
k63_334395	3982	5451	1	8
k63_334395	5454	5711	1	9
k63_334395	5698	7398	1	10
k63_334395	7410	7793	-1	11
k63_334395	7872	8606	-1	12
k63_334395	8603	9073	-1	13
k63_334395	9075	9851	-1	14
k63_750510	2	364	1	1
k63_750510	472	2736	1	2
k63_750510	2836	3438	-1	3
k63_855477	1	96	1	1
k63_855477	884	2266	1	2
k63_855477	2486	3976	-1	3
k63_855477	4466	4705	1	4
k63_1063299	3	86	-1	1
k63_1063299	37	309	-1	2
k63_1063299	532	807	1	3
k63_1063299	916	1158	1	4
k63_1063299	1733	1849	-1	5
k63_855999	1	279	1	1
k63_855999	276	2003	1	2
k63_855999	2034	2759	1	3
k63_855999	2768	4384	-1	4
k63_855999	4972	5520	-1	5
k63_855999	5844	7205	1	6
k63_855999	7208	8224	1	7
k63_855999	8239	8466	1	8
k63_855999	8608	8832	1	9
k63_650683	2	1138	-1	1
k63_650683	1243	2007	1	2
k63_856486	3	104	-1	1
k63_856486	304	696	-1	2
k63_856486	736	960	1	3
k63_856486	944	2254	1	4
k63_856486	2257	2964	-1	5
k63_856486	2969	3766	-1	6
k63_1168338	68	766	-1	1
k63_1168338	766	1974	-1	2
k63_1168338	2019	3641	1	3
k63_651723	1	309	-1	1
k63_651723	358	1167	-1	2
k63_651723	1179	2321	-1	3
k63_651723	2497	3489	1	4
k63_651723	3536	5581	1	5
k63_651723	5578	6198	1	6
k63_651723	6235	7362	1	7
k63_651723	7410	8993	1	8
k63_651723	8933	9130	1	9
k63_651723	9130	9678	1	10
k63_651723	9733	10608	1	11
k63_651723	10621	10863	-1	12
k63_651723	10938	11666	1	13
k63_651723	11773	12702	1	14
k63_651723	12758	13738	1	15
k63_1377287	3	641	1	1
k63_1377287	722	1288	1	2
k63_1377287	1281	2663	1	3
k63_1377287	2928	4028	1	4
k63_1377287	4104	5315	1	5
k63_1377287	5395	6468	1	6
k63_1377287	6683	7219	1	7
k63_857806	1	852	-1	1
k63_857806	1058	1783	-1	2
k63_857806	1865	2251	-1	3
k63_857806	2864	3346	-1	4
k63_857806	3364	4773	-1	5
k63_857806	4787	5266	-1	6
k63_857806	5276	6427	-1	7
k63_857806	6447	7076	-1	8
k63_857806	7085	8200	-1	9
k63_857806	8307	9296	-1	10
k63_857806	9308	11197	-1	11
k63_857806	11198	11563	-1	12
k63_857806	11966	13063	-1	13
k63_857806	13313	14686	1	14
k63_857806	15261	15806	1	15
k63_132485	3	131	1	1
k63_132485	103	1251	1	2
k63_132485	1257	2240	1	3
k63_132485	2237	3115	1	4
k63_132485	3314	4621	1	5
k63_132485	4643	6850	1	6
k63_132485	6853	7482	1	7
k63_132485	7497	8402	1	8
k63_132485	8428	9108	1	9
k63_132485	9133	9273	1	10
k63_132485	9368	10153	-1	11
k63_132851	3	83	1	1
k63_132851	28	1035	1	2
k63_132851	1412	2527	-1	3
k63_132851	2718	3422	1	4
k63_132851	3449	3799	-1	5
k63_338247	3	428	1	1
k63_338247	473	1558	1	2
k63_338247	1590	2867	1	3
k63_338247	2906	3532	1	4
k63_338247	3540	4688	1	5
k63_338247	4768	6093	1	6
k63_338247	6109	7479	-1	7
k63_338247	7671	9131	1	8
k63_338247	9139	10728	1	9
k63_338247	11717	11992	-1	10
k63_652633	125	829	-1	1
k63_652633	826	1383	-1	2
k63_652633	1628	2677	1	3
k63_652633	2674	3297	1	4
k63_652633	3266	3490	1	5
k63_858510	537	2189	1	1
k63_858510	2583	3449	1	2
k63_858510	3389	3556	1	3
k63_858510	4150	5487	-1	4
k63_858510	5488	6231	-1	5
k63_1378247	2	898	-1	1
k63_1378247	1046	1372	1	2
k63_1378247	1472	2125	1	3
k63_1378247	2141	3367	1	4
k63_1170787	3	1562	-1	1
k63_133867	2	454	1	1
k63_133867	473	1675	1	2
k63_133867	1710	2237	1	3
k63_133913	3	740	-1	1
k63_133913	1073	1387	1	2
k63_133913	1332	3644	1	3
k63_133913	4107	4763	-1	4
k63_237708	452	1384	-1	1
k63_237708	1774	2163	1	2
k63_237708	2170	2547	1	3
k63_237708	2556	4346	1	4
k63_237708	4365	5144	1	5
k63_237708	5141	5413	1	6
k63_237708	5426	7090	1	7
k63_237708	7103	8722	-1	8
k63_237708	9112	9771	1	9
k63_237708	9781	10347	1	10
k63_237708	10375	11373	1	11
k63_237708	11872	12669	1	12
k63_237708	12773	13459	1	13
k63_237708	13431	14354	1	14
k63_237708	14358	15065	1	15
k63_237708	15082	15363	-1	16
k63_755167	3	1079	-1	1
k63_755167	2077	2337	1	2
k63_755167	2347	2718	1	3
k63_755167	2873	3361	-1	4
k63_28510	2	361	-1	1
k63_28510	479	919	1	2
k63_28510	1043	2206	-1	3
k63_28510	2196	2519	-1	4
k63_28510	2534	3100	-1	5
k63_28510	3116	4207	-1	6
k63_28510	4481	6469	1	7
k63_28510	6478	7134	1	8
k63_28510	7131	7775	1	9
k63_28510	7787	8224	1	10
k63_28510	8343	8603	1	11
k63_28510	8638	9489	1	12
k63_28510	9476	10252	1	13
k63_28510	10293	10760	1	14
k63_28510	10768	11790	1	15
k63_28510	12094	13356	-1	16
k63_28510	13356	14183	-1	17
k63_28510	14180	16462	-1	18
k63_28510	16625	17083	-1	19
k63_860635	2	439	1	1
k63_860635	436	750	1	2
k63_860635	779	1375	1	3
k63_860635	1492	2511	1	4
k63_860635	2753	2980	1	5
k63_28979	1	144	1	1
k63_28979	235	936	1	2
k63_28979	953	1615	1	3
k63_28979	1612	2763	1	4
k63_1172770	252	1010	1	1
k63_1172770	1037	2059	1	2
k63_1172770	2076	3071	1	3
k63_1172770	3098	3565	1	4
k63_1172770	3535	4554	1	5
k63_1172770	4544	6280	1	6
k63_1172770	6309	8096	1	7
k63_1172770	8272	9690	-1	8
k63_1172770	10287	10580	1	9
k63_1068348	2	328	-1	1
k63_1068348	374	1576	-1	2
k63_1068348	1589	1810	1	3
k63_1068348	2924	3187	-1	4
k63_1068348	3402	4427	-1	5
k63_1068348	4600	5652	1	6
k63_1068348	5690	7438	-1	7
k63_1068348	7419	8207	-1	8
k63_1068348	8306	9043	1	9
k63_1068348	9084	9845	-1	10
k63_1068348	9962	10723	-1	11
k63_1068348	10786	11115	-1	12
k63_1068348	11230	12192	1	13
k63_1068348	12189	12965	1	14
k63_1068348	13128	13526	-1	15
k63_1068348	13537	13965	-1	16
k63_1068348	14452	16221	1	17
k63_1068348	16256	18385	-1	18
k63_1068348	18513	19121	1	19
k63_1068348	19304	21421	1	20
k63_1068348	21421	21519	1	21
k63_655389	12	2156	-1	1
k63_655389	2192	2998	-1	2
k63_655389	3101	3763	1	3
k63_655389	3801	4307	-1	4
k63_655389	4519	5076	-1	5
k63_655389	5264	6235	1	6
k63_655389	6238	6903	1	7
k63_655389	6964	7830	1	8
k63_655389	7958	8824	1	9
k63_655389	8999	9742	-1	10
k63_655389	9752	10333	-1	11
k63_655389	10330	10590	-1	12
k63_655389	10857	11150	-1	13
k63_655389	11553	12458	-1	14
k63_655389	12558	13046	-1	15
k63_655389	13093	13200	-1	16
k63_655389	13418	13642	1	17
k63_655389	13632	14000	1	18
k63_136051	1	435	1	1
k63_136051	525	1103	1	2
k63_136051	1137	1652	-1	3
k63_1173232	3	1415	1	1
k63_1173232	1417	2622	1	2
k63_1173232	2628	3902	1	3
k63_550528	121	651	1	1
k63_550528	679	1257	1	2
k63_550528	1282	2973	1	3
k63_550528	3014	3751	1	4
k63_550528	3813	4022	1	5
k63_550528	4042	6921	1	6
k63_550528	6935	7522	1	7
k63_550528	7629	7817	1	8
k63_550528	7948	8607	1	9
k63_550581	3	197	1	1
k63_550581	919	2700	-1	2
k63_550581	3292	8409	-1	3
k63_550581	8600	10060	-1	4
k63_550581	10133	11257	-1	5
k63_550581	11396	11812	-1	6
k63_550581	11839	12546	1	7
k63_341534	111	680	1	1
k63_341534	1600	1881	-1	2
k63_341534	1885	2187	-1	3
k63_655813	191	1273	-1	1
k63_655813	1325	2647	-1	2
k63_655813	2644	3156	-1	3
k63_655813	3311	3436	1	4
k63_655813	3807	4055	1	5
k63_655813	4055	4360	1	6
k63_1069141	342	1352	1	1
k63_1069141	1349	2059	1	2
k63_1069141	2156	2953	1	3
k63_1069141	2973	3173	-1	4
k63_1069141	3293	4462	1	5
k63_1069141	4455	7694	1	6
k63_1069141	7765	8433	-1	7
k63_1069141	8568	9032	1	8
k63_1069141	8872	9834	-1	9
k63_1069141	10005	10304	1	10
k63_1486111	85	900	-1	1
k63_1486111	1118	2941	-1	2
k63_1486111	2975	5308	-1	3
k63_1486111	5305	6030	-1	4
k63_137975	322	2073	1	1
k63_137975	2081	2851	-1	2
k63_137975	3049	3942	1	3
k63_137975	3996	4595	-1	4
k63_137975	4588	7590	-1	5
k63_137975	7587	7868	-1	6
k63_137975	7896	9146	-1	7
k63_137975	9183	10433	-1	8
k63_137975	10596	10916	1	9
k63_137975	10913	11923	-1	10
k63_137975	11985	12425	-1	11
k63_137975	12441	13154	-1	12
k63_137975	13503	14396	-1	13
k63_137975	14393	16267	-1	14
k63_1175394	1	1047	1	1
k63_1175394	1034	2125	1	2
k63_552934	43	1227	1	1
k63_552934	1338	2000	1	2
k63_241832	308	1084	1	1
k63_241832	1265	2029	1	2
k63_241832	2123	2425	-1	3
k63_241832	2406	2663	-1	4
k63_241832	2924	3538	-1	5
k63_241832	3550	5181	-1	6
k63_241832	5320	5787	1	7
k63_241832	5774	7552	1	8
k63_241904	1	522	-1	1
k63_241904	519	1271	-1	2
k63_241904	1315	1686	-1	3
k63_1384209	124	1755	1	1
k63_1384209	1826	2200	1	2
k63_1279107	1	1773	-1	1
k63_1279107	1790	3322	-1	2
k63_1279107	3344	5494	-1	3
k63_1279107	5543	7438	-1	4
k63_1279107	7650	8426	1	5
k63_1279107	8741	9601	-1	6
k63_34292	3	959	-1	1
k63_34292	1237	2187	1	2
k63_34292	2192	3676	1	3
k63_34292	3680	4930	1	4
k63_34292	4923	5606	1	5
k63_34292	5610	6344	-1	6
k63_34292	6325	7185	-1	7
k63_34292	7130	7711	-1	8
k63_34292	7851	8339	-1	9
k63_450747	1	1200	-1	1
k63_450747	1456	2505	1	2
k63_450747	2657	2917	1	3
k63_1385833	276	422	-1	1
k63_1385833	474	860	-1	2
k63_1385833	857	1099	-1	3
k63_1385833	1449	2855	-1	4
k63_1385963	113	811	-1	1
k63_1385963	818	1837	-1	2
k63_1385963	1860	4073	1	3
k63_1385963	4120	5439	1	4
k63_1385963	5378	5542	1	5
k63_1385963	5595	5876	1	6
k63_1385963	5898	6398	-1	7
k63_345900	2	379	-1	1
k63_345900	342	1571	-1	2
k63_345900	1638	2141	-1	3
k63_345900	2138	3403	-1	4
k63_345900	3591	4463	1	5
k63_345900	4460	5374	-1	6
k63_345900	5388	7403	-1	7
k63_345900	7486	7836	-1	8
k63_345900	7833	8585	-1	9
k63_345900	8613	9125	-1	10
k63_345900	9138	9380	-1	11
k63_345900	9526	10023	-1	12
k63_244283	3	233	1	1
k63_244283	692	1084	-1	2
k63_244283	1255	1719	-1	3
k63_244283	2382	3296	1	4
k63_244283	3299	4156	-1	5
k63_244283	4158	5429	-1	6
k63_244283	5516	6637	-1	7
k63_244283	6965	8176	1	8
k63_244283	8197	9309	-1	9
k63_244283	9355	11559	1	10
k63_244283	11677	12297	1	11
k63_244283	12324	13172	-1	12
k63_245323	2	481	1	1
k63_245323	483	1706	1	2
k63_245323	1759	2853	-1	3
k63_245323	2917	3552	-1	4
k63_662863	1	798	1	1
k63_662863	820	1749	1	2
k63_662863	1746	2420	1	3
k63_662863	2437	2856	-1	4
k63_662863	2900	3742	-1	5
k63_1076000	3	1727	-1	1
k63_1076000	1729	2322	-1	2
k63_763241	2	544	1	1
k63_763241	577	1761	1	2
k63_763241	1787	2971	1	3
k63_973079	213	998	1	1
k63_973079	995	3151	1	2
k63_973079	3144	4190	1	3
k63_973079	4211	4690	1	4
k63_349497	173	418	-1	1
k63_349497	538	720	1	2
k63_349497	1173	1967	1	3
k63_349497	2021	2800	1	4
k63_349497	2888	3604	1	5
k63_349497	3611	4303	1	6
k63_349497	4820	5113	1	7
k63_349497	5350	5607	-1	8
k63_349497	6116	6472	1	9
k63_349497	6472	6651	1	10
k63_349497	6739	7107	-1	11
k63_349497	7309	7437	1	12
k63_247578	1	783	-1	1
k63_247578	785	1762	-1	2
k63_247578	1858	1995	-1	3
k63_247578	2047	2169	-1	4
k63_247578	2193	2837	-1	5
k63_247578	2834	3568	-1	6
k63_247578	3644	3955	-1	7
k63_247578	4031	5041	-1	8
k63_247578	5076	5705	-1	9
k63_247578	5719	6111	-1	10
k63_247578	6121	6477	-1	11
k63_247578	6670	8013	-1	12
k63_247578	8018	8458	-1	13
k63_247578	8458	8655	-1	14
k63_247578	8684	9190	-1	15
k63_247578	9210	9566	-1	16
k63_247578	9570	10118	-1	17
k63_247578	10134	10523	-1	18
k63_247578	10566	10871	-1	19
k63_247578	10874	11431	-1	20
k63_247578	11443	11760	-1	21
k63_247578	11770	12138	-1	22
k63_247578	12173	12421	-1	23
k63_247578	12426	12623	-1	24
k63_247578	12623	13036	-1	25
k63_247578	13052	13729	-1	26
k63_247578	13744	14076	-1	27
k63_247578	14089	14361	-1	28
k63_247578	14379	15209	-1	29
k63_247578	15222	15524	-1	30
k63_247578	15521	16138	-1	31
k63_247578	16153	16806	-1	32
k63_247578	16831	17166	-1	33
k63_247578	17198	17281	-1	34
k63_1389672	3	1277	1	1
k63_1389672	1380	2168	1	2
k63_1389672	2180	3052	-1	3
k63_1389672	3269	3874	-1	4
k63_249320	3	203	-1	1
k63_249320	947	3421	1	2
k63_249450	3	161	-1	1
k63_249450	161	451	-1	2
k63_249450	555	773	1	3
k63_249450	1649	1873	-1	4
k63_249450	1922	2368	-1	5
k63_249450	2384	2797	-1	6
k63_249450	2794	3738	-1	7
k63_249450	3735	4100	-1	8
k63_249450	4134	4466	1	9
k63_249450	4503	5375	-1	10
k63_249450	5409	6446	-1	11
k63_249450	6443	7804	-1	12
k63_249450	7838	8572	-1	13
k63_249450	8584	8964	-1	14
k63_249450	9153	9845	-1	15
k63_249450	10042	10779	-1	16
k63_561280	2	94	-1	1
k63_561280	168	617	-1	2
k63_561280	955	1842	1	3
k63_561280	1926	2753	-1	4
k63_561280	2743	3591	-1	5
k63_561280	3942	5282	-1	6
k63_667540	2	733	1	1
k63_667540	730	1599	1	2
k63_667540	1596	2570	1	3
k63_667540	2959	3060	1	4
k63_978019	2	70	1	1
k63_978019	77	544	-1	2
k63_978019	541	1020	-1	3
k63_978019	1560	2810	-1	4
k63_668360	3	365	1	1
k63_668360	383	1084	1	2
k63_668360	1093	2097	1	3
k63_668360	2113	3378	1	4
k63_668360	3479	4702	-1	5
k63_668360	5293	9750	1	6
k63_668360	9774	11180	1	7
k63_668360	11177	11908	1	8
k63_668360	12003	12983	1	9
k63_668360	13014	13922	-1	10
k63_668360	14044	16647	-1	11
k63_668360	16900	18459	-1	12
k63_668360	18691	18942	1	13
k63_1394597	2	907	1	1
k63_1394597	904	2931	1	2
k63_1394597	2955	5396	1	3
k63_564153	2	538	-1	1
k63_564153	731	1939	-1	2
k63_564153	1963	3072	-1	3
k63_564153	3032	4561	-1	4
k63_564153	4602	5240	1	5
k63_564153	5301	6611	-1	6
k63_564153	6659	7882	-1	7
k63_564153	8175	8954	-1	8
k63_564153	8945	9028	-1	9
k63_769813	2	487	1	1
k63_769813	602	2911	-1	2
k63_769813	3094	4110	1	3
k63_769813	4263	5201	1	4
k63_769813	5283	5963	1	5
k63_769813	6111	6824	1	6
k63_769813	7237	8850	1	7
k63_769813	9417	10517	1	8
k63_152861	2	1552	1	1
k63_152861	1536	2405	1	2
k63_567078	2	121	1	1
k63_567078	158	718	1	2
k63_567078	694	2094	1	3
k63_567078	2091	2333	1	4
k63_1291508	207	1418	1	1
k63_1291508	1372	2169	1	2
k63_1291508	2170	2814	1	3
k63_1291508	2862	3833	1	4
k63_1291508	3814	4779	1	5
k63_153895	1	180	-1	1
k63_153895	766	2196	1	2
k63_153895	2193	3290	-1	3
k63_153895	3398	3559	1	4
k63_1085548	67	204	-1	1
k63_1085548	188	589	-1	2
k63_1085548	567	758	-1	3
k63_1085548	945	2225	1	4
k63_1085548	2260	3048	1	5
k63_1085548	3082	4206	1	6
k63_1085548	4208	5080	-1	7
k63_1085548	5127	5906	1	8
k63_1085548	5896	8316	-1	9
k63_1085548	8318	8896	-1	10
k63_1085548	8921	9346	-1	11
k63_1085548	9494	10117	1	12
k63_1502294	3	110	1	1
k63_1502294	117	1139	-1	2
k63_1502294	1247	2071	-1	3
k63_1502294	2077	3552	-1	4
k63_1502294	3695	4363	-1	5
k63_1502294	4381	5787	-1	6
k63_1502294	6067	6816	-1	7
k63_1502294	6809	8131	-1	8
k63_1502294	8128	9291	-1	9
k63_1502294	9301	9573	-1	10
k63_879186	3	428	-1	1
k63_879186	443	1303	-1	2
k63_879186	1331	2134	-1	3
k63_879186	2265	2507	-1	4
k63_879186	2777	4882	-1	5
k63_879186	4900	5988	-1	6
k63_879186	6101	7060	-1	7
k63_879186	7771	9297	1	8
k63_879186	9473	9805	-1	9
k63_879186	10223	10366	1	10
k63_879186	10369	10809	-1	11
k63_879186	11393	11860	1	12
k63_879186	11900	13003	1	13
k63_984474	95	607	-1	1
k63_984474	680	1147	1	2
k63_984474	1178	1804	1	3
k63_984474	1856	5083	-1	4
k63_984474	5183	5791	-1	5
k63_984474	5969	6487	-1	6
k63_984474	6553	8544	1	7
k63_1400347	1	792	-1	1
k63_1400347	833	2170	-1	2
k63_1400347	2274	3161	-1	3
k63_1400347	3177	4499	-1	4
k63_1400347	4492	5019	-1	5
k63_1400347	5110	6177	-1	6
k63_1400347	6270	6557	-1	7
k63_1400347	6628	7494	-1	8
k63_1400347	7516	7695	-1	9
k63_1400347	7706	8479	-1	10
k63_1400347	8691	11357	-1	11
k63_1400347	11499	14348	-1	12
k63_1504300	1	984	-1	1
k63_1504300	1069	1536	-1	2
k63_1504300	1793	1876	1	3
k63_360759	1	705	1	1
k63_360759	937	1860	1	2
k63_360759	1877	2842	1	3
k63_360759	2835	3584	1	4
k63_360759	3588	4289	1	5
k63_360759	4301	4948	-1	6
k63_51956	3	2012	-1	1
k63_51956	1960	2937	-1	2
k63_51956	2939	4075	-1	3
k63_51956	4093	4806	-1	4
k63_51956	5040	5873	-1	5
k63_1197131	1	1083	1	1
k63_1197131	1442	2149	-1	2
k63_1197131	2159	3703	-1	3
k63_1197131	3984	4787	-1	4
k63_1197131	5016	5642	-1	5
k63_1197131	5645	6661	-1	6
k63_1197131	6674	7204	-1	7
k63_1197131	7205	8941	-1	8
k63_1197131	9865	10680	-1	9
k63_1405109	3	149	1	1
k63_1405109	348	1523	-1	2
k63_1405109	1527	2687	-1	3
k63_1405109	2755	3561	-1	4
k63_1405109	3542	4465	-1	5
k63_1405109	4741	6132	1	6
k63_1405109	6179	6334	1	7
k63_1405109	6335	7150	1	8
k63_1298658	2	163	1	1
k63_1298658	163	828	1	2
k63_1298658	832	1599	1	3
k63_1298658	1753	2538	1	4
k63_1298658	2380	2703	-1	5
k63_470926	3	3815	-1	1
k63_473002	1	507	-1	1
k63_473002	831	1568	-1	2
k63_473002	1571	3556	-1	3
k63_473002	3628	4371	-1	4
k63_473002	4696	4911	-1	5
k63_473002	5099	6361	-1	6
k63_473002	6436	9024	-1	7
k63_473002	9037	9498	-1	8
k63_473002	9513	9740	-1	9
k63_165202	1	468	1	1
k63_165202	529	1434	1	2
k63_165202	1444	1740	1	3
k63_165202	1737	3446	1	4
k63_165202	3443	4927	1	5
k63_165202	4924	6288	1	6
k63_165202	6282	7367	1	7
k63_165202	7382	8743	1	8
k63_165202	8740	9894	1	9
k63_165202	9891	10496	1	10
k63_1302580	3	821	-1	1
k63_1302580	1393	2868	1	2
k63_687086	3	785	1	1
k63_687086	854	1657	1	2
k63_687086	1657	2928	1	3
k63_687086	3228	3413	-1	4
k63_687086	3711	3917	-1	5
k63_1306770	1	141	1	1
k63_1306770	475	969	-1	2
k63_1306770	982	1998	-1	3
k63_1306770	2241	2645	1	4
k63_1306770	2708	3160	1	5
k63_1306770	3111	3437	1	6
k63_1306770	3445	4392	-1	7
k63_373462	10	225	-1	1
k63_373462	590	913	-1	2
k63_373462	906	1331	-1	3
k63_373462	1328	1537	-1	4
k63_373462	2480	2629	1	5
k63_690512	152	694	1	1
k63_690512	1293	1877	-1	2
k63_690512	1885	3711	-1	3
k63_690512	3823	4386	1	4
k63_690512	4967	6070	1	5
k63_690512	6401	6979	1	6
k63_690512	7038	8405	1	7
k63_690512	8436	9776	1	8
k63_690512	9835	10056	1	9
k63_690512	10096	11061	1	10
k63_690512	11229	11471	-1	11
k63_690512	11621	12646	-1	12
k63_690512	12643	13134	-1	13
k63_690512	13149	13610	-1	14
k63_690512	13660	14412	-1	15
k63_690512	14409	15428	-1	16
k63_690512	15435	16298	-1	17
k63_1000137	9	377	-1	1
k63_1000137	1349	1774	-1	2
k63_1000137	2247	2465	-1	3
k63_374806	2	736	1	1
k63_374806	808	1353	1	2
k63_374806	1361	2092	1	3
k63_374806	2199	3017	1	4
k63_1519182	3	389	1	1
k63_1519182	620	766	1	2
k63_1519182	833	1285	-1	3
k63_1519182	1272	1535	-1	4
k63_1519182	1730	1999	-1	5
k63_1519182	2174	2719	1	6
k63_1519182	2716	3393	1	7
k63_1519182	3406	3555	-1	8
k63_1519182	3577	4509	1	9
k63_1207773	375	1262	-1	1
k63_1207773	1265	2449	-1	2
k63_1207773	2610	3569	-1	3
k63_1207773	3690	3926	-1	4
k63_375183	366	1544	1	1
k63_375183	1617	1997	1	2
k63_375183	2145	2438	-1	3
k63_1103856	1	147	-1	1
k63_1103856	440	907	1	2
k63_1103856	990	2114	-1	3
k63_1103856	2302	2700	-1	4
k63_1103856	2697	2972	-1	5
k63_1103856	3450	4466	1	6
k63_1103856	4582	4785	-1	7
k63_1521320	18	1541	-1	1
k63_1521320	1538	2056	-1	2
k63_1419053	397	1416	1	1
k63_1419053	1429	2721	1	2
k63_1419053	2760	3542	1	3
k63_1419053	3561	5285	-1	4
k63_1419053	5546	6574	1	5
k63_1419053	6675	7226	1	6
k63_1419053	7226	8737	1	7
k63_1419053	8823	10016	1	8
k63_1419053	10013	10987	1	9
k63_1419053	11020	11499	-1	10
k63_1419053	11757	13127	1	11
k63_1419053	13124	14452	1	12
k63_1419053	14719	15171	1	13
k63_1419053	15122	16606	1	14
k63_1419053	16684	16983	-1	15
k63_1419053	17159	17686	1	16
k63_1419053	17754	18542	-1	17
k63_1419053	18557	19090	-1	18
k63_1419053	19087	20274	-1	19
k63_1419053	20378	20968	-1	20
k63_1419053	21185	22630	1	21
k63_1419053	22894	23415	1	22
k63_1419053	23408	24106	1	23
k63_1419053	24111	25679	-1	24
k63_1419053	25679	27205	-1	25
k63_1419053	27205	28230	-1	26
k63_1419053	28378	29334	-1	27
k63_1106196	1	1428	-1	1
k63_1106196	1376	1714	-1	2
k63_1106196	1742	2959	-1	3
k63_1106196	3182	3349	-1	4
k63_1109531	2	772	-1	1
k63_1109531	844	1281	1	2
k63_1109531	1278	1964	1	3
k63_1109531	2105	2638	-1	4
k63_1109531	3161	4564	1	5
k63_1109531	4564	4866	1	6
k63_1109531	4870	5544	1	7
k63_700878	2	130	-1	1
k63_700878	148	309	-1	2
k63_700878	343	798	-1	3
k63_700878	814	1020	-1	4
k63_700878	1039	1410	-1	5
k63_700878	1433	1954	-1	6
k63_700878	1987	3411	-1	7
k63_700878	3451	3669	-1	8
k63_700878	3670	4236	-1	9
k63_700878	4238	4675	-1	10
k63_700878	4705	5649	-1	11
k63_700878	5825	6277	-1	12
k63_700878	6299	7414	-1	13
k63_700878	7496	8209	-1	14
k63_700878	8471	8596	-1	15
k63_700878	8617	9354	-1	16
k63_700878	9357	10028	-1	17
k63_700878	10025	10645	-1	18
k63_700878	10936	11580	1	19
k63_700878	11621	12259	-1	20
k63_700878	12405	14072	-1	21
k63_700878	14326	14538	1	22
k63_700878	14674	14838	1	23
k63_700878	15116	16480	1	24
k63_700878	16748	18265	1	25
k63_700878	18285	18515	1	26
k63_700878	18674	19303	1	27
k63_700878	19342	19809	-1	28
k63_700878	19824	20420	-1	29
k63_700878	20651	20941	-1	30
k63_700878	20956	21177	-1	31
k63_700878	21427	21633	1	32
k63_700878	21793	24555	-1	33
k63_700878	24540	26255	-1	34
k63_905484	1	420	1	1
k63_905484	422	1249	1	2
k63_905484	1267	2424	1	3
k63_905484	2496	2945	1	4
k63_905484	2942	3652	1	5
k63_905484	3663	4196	1	6
k63_905484	4570	5415	1	7
k63_905484	5494	5859	1	8
k63_905484	5941	6441	1	9
k63_905484	6574	6714	1	10
k63_905484	6851	10312	1	11
k63_905484	10342	10578	-1	12
k63_905484	10812	11102	1	13
k63_905484	11060	11425	1	14
k63_905484	11422	12012	1	15
k63_905484	12465	15281	1	16
k63_905484	15271	16506	1	17
k63_905484	16519	17949	1	18
k63_905484	18007	19299	1	19
k63_1318371	404	790	-1	1
k63_1318371	790	1053	-1	2
k63_1318371	1289	2374	-1	3
k63_1318371	2371	2871	-1	4
k63_1318371	3247	5124	1	5
k63_1219204	70	1785	-1	1
k63_1219204	1796	2944	-1	2
k63_1219204	2892	3104	-1	3
k63_1219204	3452	4441	-1	4
k63_496778	71	952	1	1
k63_496778	989	2074	1	2
k63_496778	2071	3438	-1	3
k63_496778	3536	5458	-1	4
k63_496778	5994	7082	-1	5
k63_1122974	3	1523	1	1
k63_1122974	1569	2432	1	2
k63_1122974	2505	3884	1	3
k63_1122974	3917	4336	1	4
k63_1122974	4383	5762	1	5
k63_1122974	5854	7692	1	6
k63_1122974	8176	8739	1	7
k63_1122974	8935	9129	-1	8
k63_1122974	9153	10511	-1	9
k63_86448	520	1593	1	1
k63_86448	1718	2026	-1	2
k63_86549	2	1576	1	1
k63_86549	1617	2870	1	2
k63_86549	2913	3221	-1	3
k63_1022947	1	279	1	1
k63_1022947	283	915	1	2
k63_1022947	900	1388	1	3
k63_1022947	1710	2735	1	4
k63_1022947	3201	3713	1	5
k63_1022947	3748	5046	1	6
k63_1022947	5621	5806	1	7
k63_1022947	5832	7091	1	8
k63_1022947	7249	7395	1	9
k63_89452	3	887	1	1
k63_89452	2044	3366	-1	2
k63_89452	3667	4269	1	3
k63_89452	4306	5148	1	4
k63_89452	5192	5422	1	5
k63_89452	5476	5946	1	6
k63_89452	5965	6501	1	7
k63_1235339	168	542	1	1
k63_1235339	642	1844	1	2
k63_1235339	2148	2297	-1	3
k63_95398	3	197	-1	1
k63_95398	446	1570	-1	2
k63_824318	2	742	1	1
k63_824318	758	2176	1	2
k63_824318	2364	4028	1	3
k63_1137058	255	1904	-1	1
k63_1137058	1901	2971	-1	2
k63_1137058	2973	4094	-1	3
k63_1137058	4192	4449	-1	4
k63_206179	3	818	-1	1
k63_206179	819	2861	-1	2
k63_206179	3103	3309	-1	3
k63_206179	3952	4281	1	4
k63_206179	4287	5639	1	5
k63_206179	6699	7112	1	6
k63_206179	7109	7420	1	7
k63_206179	7842	8543	1	8
k63_206179	8653	9363	-1	9
k63_206179	9843	10538	1	10
k63_206179	10516	10803	1	11
k63_206179	11147	12388	1	12
k63_206179	12412	13923	1	13
k63_206179	13986	14993	1	14
k63_206179	15031	15846	1	15
k63_206179	15843	16709	1	16
k63_206179	16699	17361	1	17
k63_310396	3	1772	-1	1
k63_310396	1802	3337	-1	2
k63_310664	190	738	-1	1
k63_310664	1079	1963	1	2
k63_310664	2056	2829	1	3
k63_310664	2860	3567	1	4
k63_310664	3569	4246	1	5
k63_310664	4413	4634	1	6
