Contig	Start	End	Strand	Pos
k63_1520900	2	607	-1	1
k63_1520900	754	1296	1	2
k63_1520900	1293	1589	1	3
k63_1053118	2	652	-1	1
k63_1053118	690	1484	-1	2
k63_1053118	1539	2204	-1	3
k63_1053118	2201	2875	-1	4
k63_1053574	1	174	1	1
k63_1053574	179	745	-1	2
k63_1053574	860	1474	1	3
k63_1053574	1485	2921	-1	4
k63_937081	12	1835	-1	1
k63_937081	2021	2305	-1	2
k63_937081	2389	3051	-1	3
k63_937081	3166	4245	1	4
k63_1288539	2	220	-1	1
k63_1288539	224	673	-1	2
k63_1288539	679	1941	-1	3
k63_1288539	1938	3263	-1	4
k63_1288539	3260	4018	-1	5
k63_1288539	4015	5463	-1	6
k63_1288539	5467	5823	-1	7
k63_1288539	5927	6376	-1	8
k63_1288539	6589	7179	-1	9
k63_1288539	7298	7513	1	10
k63_1522915	1	2688	-1	1
k63_118736	2	895	1	1
k63_118736	974	1555	1	2
k63_118736	1775	2320	1	3
k63_1288885	1	1410	-1	1
k63_1288885	1584	2942	-1	2
k63_1640227	3	2321	1	1
k63_1640449	3	1037	1	1
k63_1640449	1122	2270	1	2
k63_1640449	2260	3510	-1	3
k63_1523819	3	353	-1	1
k63_1523819	391	1248	-1	2
k63_1523819	1441	1707	1	3
k63_1523819	1739	3592	-1	4
k63_1640944	1	600	1	1
k63_1640944	600	1682	1	2
k63_1640944	1719	3110	1	3
k63_1640944	3110	4108	1	4
k63_1055967	1	168	-1	1
k63_1055967	495	1292	1	2
k63_1055967	1311	2261	1	3
k63_1055967	2303	2410	-1	4
k63_355185	132	878	-1	1
k63_355185	875	2425	-1	2
k63_355185	2425	3561	-1	3
k63_355335	3	1007	1	1
k63_355335	1091	1345	1	2
k63_355335	1671	1916	1	3
k63_1524228	1	126	-1	1
k63_1524228	123	347	-1	2
k63_1524228	347	1327	-1	3
k63_1524228	1586	2668	-1	4
k63_1524228	2699	3601	-1	5
k63_1524228	3720	5261	1	6
k63_1524228	5273	8632	1	7
k63_473132	6	650	-1	1
k63_473132	686	1942	-1	2
k63_473132	1939	2985	-1	3
k63_473132	2993	3595	-1	4
k63_120060	2	718	1	1
k63_120060	694	1509	1	2
k63_120060	1619	2371	1	3
k63_1405795	288	632	1	1
k63_1405795	664	2034	1	2
k63_1405795	2031	3308	1	3
k63_823845	2	1036	-1	1
k63_823845	1110	2633	-1	2
k63_940062	3	149	-1	1
k63_940062	165	854	-1	2
k63_940062	856	1302	-1	3
k63_940062	1338	1871	-1	4
k63_940062	1871	2242	-1	5
k63_120214	3	518	1	1
k63_120214	562	1830	1	2
k63_120214	1861	2790	-1	3
k63_120214	2919	3443	-1	4
k63_120214	3502	3735	-1	5
k63_120214	3880	4311	1	6
k63_1172214	2	202	1	1
k63_1172214	176	805	-1	2
k63_1172214	840	1403	1	3
k63_1172214	1405	1692	1	4
k63_1172214	1701	2510	1	5
k63_1172214	2488	2706	-1	6
k63_940373	1	168	1	1
k63_940373	200	445	1	2
k63_940373	529	1782	1	3
k63_940373	1854	1994	1	4
k63_355941	3	1019	-1	1
k63_355941	1303	1530	1	2
k63_355941	2069	2806	1	3
k63_355941	2823	4661	-1	4
k63_355941	4779	5462	-1	5
k63_473926	2	1846	-1	1
k63_237192	3	635	-1	1
k63_237192	778	1206	-1	2
k63_237192	1259	1660	1	3
k63_237192	1653	3473	1	4
k63_237192	3470	4042	1	5
k63_237192	4214	4654	1	6
k63_237192	4660	5130	1	7
k63_237192	5190	6533	1	8
k63_237192	6551	7198	1	9
k63_1642066	2	244	1	1
k63_1642066	252	830	-1	2
k63_1642066	856	2181	-1	3
k63_1642066	2226	2543	-1	4
k63_1642066	2622	2714	1	5
k63_1291036	3	377	-1	1
k63_1291036	458	1189	-1	2
k63_1291036	1322	1819	-1	3
k63_474498	2	733	-1	1
k63_474498	730	1407	-1	2
k63_474498	1391	2029	-1	3
k63_4830	1	801	1	1
k63_4830	1041	2003	-1	2
k63_4830	2039	2536	-1	3
k63_4830	2554	3162	-1	4
k63_1058074	291	617	1	1
k63_1058074	762	1808	-1	2
k63_825703	3	1727	-1	1
k63_5069	2	1150	-1	1
k63_5069	1186	2946	-1	2
k63_5069	2986	3630	-1	3
k63_5069	3800	4171	-1	4
k63_5069	4321	4674	-1	5
k63_1292188	3	755	-1	1
k63_1292188	782	1144	-1	2
k63_1292188	1162	2379	-1	3
k63_238234	2	613	-1	1
k63_238234	864	1487	1	2
k63_238234	1538	2194	-1	3
k63_238234	2236	3624	-1	4
k63_238234	3621	4472	-1	5
k63_238234	4810	5367	1	6
k63_826773	2	346	1	1
k63_826773	830	1393	-1	2
k63_826773	1377	2492	-1	3
k63_942998	2	1321	1	1
k63_942998	1339	1539	1	2
k63_476125	1	1353	-1	1
k63_476125	1367	2020	-1	2
k63_6431	202	1800	1	1
k63_476377	219	872	-1	1
k63_476377	901	1089	-1	2
k63_476377	1271	1480	-1	3
k63_476377	1627	2382	-1	4
k63_476377	2502	2777	-1	5
k63_238912	3	221	-1	1
k63_238912	228	1016	-1	2
k63_238912	976	1938	-1	3
k63_238912	1958	2941	-1	4
k63_827920	2	277	-1	1
k63_827920	406	1323	-1	2
k63_827920	1328	1795	-1	3
k63_827920	1792	2547	-1	4
k63_827920	2544	4076	-1	5
k63_827920	4484	4750	1	6
k63_827920	4751	4954	1	7
k63_1294198	3	209	1	1
k63_1294198	216	704	1	2
k63_1294198	710	2065	-1	3
k63_1294198	2080	2934	1	4
k63_1294198	3029	3256	1	5
k63_1528084	1	603	1	1
k63_1528084	748	1302	1	2
k63_1528084	1324	1740	1	3
k63_944672	1	120	1	1
k63_944672	366	1991	1	2
k63_1294773	2	667	-1	1
k63_1294773	664	1809	-1	2
k63_239448	139	267	1	1
k63_239448	267	1370	1	2
k63_239448	1387	1608	1	3
k63_239448	1622	2542	1	4
k63_1061008	2	1837	1	1
k63_1061008	2144	2545	1	2
k63_945218	3	605	-1	1
k63_945218	778	1524	-1	2
k63_945218	1698	2024	1	3
k63_1175582	3	1514	-1	1
k63_1175582	1699	1965	1	2
k63_1175582	2040	3176	-1	3
k63_945559	281	418	1	1
k63_945559	552	1847	1	2
k63_945559	1863	2783	1	3
k63_945559	2796	3908	1	4
k63_125267	77	268	1	1
k63_125267	289	1467	1	2
k63_125267	1485	2033	1	3
k63_1061845	124	1344	-1	1
k63_1061845	1425	2546	1	2
k63_710090	2	1084	1	1
k63_710090	1108	1674	1	2
k63_710090	1765	2271	1	3
k63_710090	2352	3869	1	4
k63_710090	3923	4015	1	5
k63_361015	3	1295	1	1
k63_361015	1318	1689	1	2
k63_361015	1771	2799	1	3
k63_361015	2783	2992	1	4
k63_361015	2996	3121	-1	5
k63_361015	3179	4336	1	6
k63_361015	4349	5140	-1	7
k63_361015	5118	6029	-1	8
k63_361015	6114	6497	-1	9
k63_1295990	2	640	-1	1
k63_1295990	735	1700	-1	2
k63_946228	3	218	-1	1
k63_946228	364	576	-1	2
k63_946228	691	963	-1	3
k63_946228	1064	1657	1	4
k63_946228	1665	1868	-1	5
k63_361363	2	655	1	1
k63_361363	671	1579	-1	2
k63_361363	1598	2101	-1	3
k63_361363	2146	3060	-1	4
k63_361363	3050	3400	-1	5
k63_361363	3403	4062	-1	6
k63_361363	4082	4684	-1	7
k63_361363	4940	5446	1	8
k63_478922	107	370	1	1
k63_478922	367	2079	1	2
k63_478922	2079	2318	1	3
k63_1647502	3	326	-1	1
k63_1647502	562	1680	1	2
k63_1647502	1723	1968	-1	3
k63_1647502	2430	4088	1	4
k63_1647502	4179	4280	1	5
k63_1176348	2	439	-1	1
k63_1176348	472	1740	-1	2
k63_1176348	1743	2642	-1	3
k63_1648027	2	913	-1	1
k63_1648027	919	2475	-1	2
k63_1648027	2472	3665	-1	3
k63_1648027	3662	4348	-1	4
k63_1648027	4381	4470	1	5
k63_1648027	4886	5716	1	6
k63_1648027	5836	6435	1	7
k63_10175	3	386	-1	1
k63_10175	496	1713	-1	2
k63_10175	1799	4432	-1	3
k63_10175	4572	4874	-1	4
k63_1648721	3	806	1	1
k63_1648721	803	1492	-1	2
k63_363015	2	316	-1	1
k63_363015	313	1602	-1	2
k63_363015	1879	2019	1	3
k63_594079	2	196	-1	1
k63_594079	197	763	-1	2
k63_594079	764	1855	-1	3
k63_594079	1931	3622	1	4
k63_594079	3615	3695	1	5
k63_10885	3	497	1	1
k63_10885	578	826	-1	2
k63_10885	907	1998	-1	3
k63_10885	2022	2606	-1	4
k63_10885	2649	3179	-1	5
k63_128029	1	369	1	1
k63_128029	366	1034	1	2
k63_128029	1034	1795	1	3
k63_128029	1941	2696	1	4
k63_128029	2699	2887	1	5
k63_1298454	3	875	1	1
k63_1298454	921	1979	1	2
k63_1298454	1976	2245	1	3
k63_1298454	2269	2697	-1	4
k63_1298454	2895	3137	1	5
k63_1411340	30	782	1	1
k63_1411340	752	1273	-1	2
k63_1411340	1352	1807	1	3
k63_128624	36	392	-1	1
k63_128624	531	1634	-1	2
k63_128624	1751	2518	1	3
k63_128624	2659	2739	1	4
k63_364174	156	542	1	1
k63_364174	590	1762	1	2
k63_364174	1769	3247	1	3
k63_712146	3	602	1	1
k63_712146	603	3032	-1	2
k63_712146	3091	4152	-1	3
k63_712146	4194	5294	-1	4
k63_1065382	1	96	-1	1
k63_1065382	178	588	-1	2
k63_1065382	634	1200	-1	3
k63_1065382	1309	1569	-1	4
k63_1065382	1587	1901	-1	5
k63_594741	2	841	1	1
k63_594741	910	1899	-1	2
k63_594741	2027	4312	1	3
k63_364701	3	905	1	1
k63_364701	1007	3418	1	2
k63_364701	3427	3642	-1	3
k63_364768	1	576	1	1
k63_364768	573	2099	1	2
k63_1533196	146	2017	-1	1
k63_1533196	2362	3516	1	2
k63_1533196	3516	4646	1	3
k63_482656	2	1336	1	1
k63_482656	1370	2677	1	2
k63_482656	2749	3342	1	3
k63_482656	3414	4940	1	4
k63_13006	3	266	-1	1
k63_13006	434	1585	1	2
k63_13006	1751	3064	1	3
k63_13006	3112	3603	-1	4
k63_1067325	73	804	1	1
k63_1067325	819	1769	-1	2
k63_1067325	1779	2564	-1	3
k63_1067325	2650	3912	1	4
k63_483751	3	218	1	1
k63_483751	215	733	1	2
k63_483751	856	2115	-1	3
k63_483751	2142	2591	-1	4
k63_483751	2588	2812	-1	5
k63_483751	2910	4019	-1	6
k63_366877	1	945	1	1
k63_366877	971	1435	-1	2
k63_366877	1425	2516	-1	3
k63_1413380	2	2080	1	1
k63_484465	1	483	-1	1
k63_484465	498	1139	-1	2
k63_484465	1184	1951	-1	3
k63_484465	1951	2376	-1	4
k63_484465	2392	2916	-1	5
k63_484465	3001	3525	-1	6
k63_484465	3530	4489	1	7
k63_484712	111	446	1	1
k63_484712	490	1209	-1	2
k63_484712	1166	1648	-1	3
k63_484712	1645	1896	-1	4
k63_952049	138	1571	1	1
k63_484760	1	762	-1	1
k63_484760	914	2458	1	2
k63_484760	2491	3303	1	3
k63_484760	3314	4291	1	4
k63_484760	4346	5755	-1	5
k63_484760	5830	6465	-1	6
k63_132716	36	1343	-1	1
k63_132716	1364	2311	-1	2
k63_132716	2371	2637	-1	3
k63_714579	2	100	-1	1
k63_714579	190	1140	-1	2
k63_714579	1140	2318	-1	3
k63_714579	2727	2855	-1	4
k63_1652033	3	935	1	1
k63_1652033	987	1724	1	2
k63_368468	3	356	-1	1
k63_368468	353	1258	-1	2
k63_368468	1287	3254	-1	3
k63_368468	3261	4877	-1	4
k63_1302924	2	982	1	1
k63_1302924	984	1964	1	2
k63_1302924	2036	2908	1	3
k63_1302924	3098	4261	1	4
k63_836853	3	317	1	1
k63_836853	480	1724	1	2
k63_715004	3	1088	-1	1
k63_715004	1118	1915	-1	2
k63_486759	1	681	1	1
k63_486759	678	1427	1	2
k63_134021	3	68	-1	1
k63_134021	100	2082	-1	2
k63_134021	2232	2453	1	3
k63_486855	3	1196	-1	1
k63_486855	1223	2221	-1	2
k63_486855	2300	2737	-1	3
k63_1071713	3	956	1	1
k63_1071713	941	1648	-1	2
k63_1071713	1653	1781	-1	3
k63_1415588	2	328	1	1
k63_1415588	915	1148	-1	2
k63_1415588	1145	1774	-1	3
k63_1415588	1908	2108	1	4
k63_1415588	2208	2498	-1	5
k63_1415588	2645	3058	-1	6
k63_1415588	3096	3947	-1	7
k63_17863	83	1411	1	1
k63_17863	1422	1766	-1	2
k63_17863	1885	2514	1	3
k63_1071978	2	340	-1	1
k63_1071978	638	2005	-1	2
k63_1071978	2002	2202	-1	3
k63_1071978	2322	2612	1	4
k63_1071978	2481	3218	-1	5
k63_1071978	3352	4356	1	6
k63_954770	3	167	1	1
k63_954770	212	1612	1	2
k63_954770	1730	2284	-1	3
k63_1539465	3	365	-1	1
k63_1539465	616	909	1	2
k63_1539465	972	2441	-1	3
k63_1539465	2488	3282	-1	4
k63_1072105	178	1326	-1	1
k63_1072105	1585	1740	-1	2
k63_135278	1	768	-1	1
k63_135278	765	1640	-1	2
k63_135278	1640	2809	-1	3
k63_135278	2851	3177	1	4
k63_135278	3284	4060	-1	5
k63_135278	4191	4928	1	6
k63_135278	5030	6484	1	7
k63_135278	6491	7135	1	8
k63_839482	2	1123	-1	1
k63_839482	1120	2358	-1	2
k63_246292	3	374	1	1
k63_246292	379	1893	1	2
k63_246292	1890	3938	1	3
k63_1305147	2	553	-1	1
k63_1305147	563	1324	-1	2
k63_1305147	1393	2145	-1	3
k63_1305147	2192	2272	-1	4
k63_1416787	2	478	-1	1
k63_1416787	711	1649	1	2
k63_1416787	1636	2421	1	3
k63_1416787	2425	2733	1	4
k63_1305529	181	1548	-1	1
k63_1305529	1560	2081	-1	2
k63_1305529	2160	2717	1	3
k63_1183401	1	141	1	1
k63_1183401	234	2060	-1	2
k63_1183401	2134	2547	-1	3
k63_1183401	2861	3445	-1	4
k63_1183500	379	2220	-1	1
k63_489932	3	140	-1	1
k63_489932	137	1087	-1	2
k63_489932	1284	2459	-1	3
k63_489932	2573	3385	1	4
k63_489932	3447	3578	1	5
k63_1074235	2	280	1	1
k63_1074235	277	1941	1	2
k63_1654703	1	210	-1	1
k63_1654703	346	678	-1	2
k63_1654703	866	1927	1	3
k63_1654703	1962	2081	1	4
k63_137459	1	612	-1	1
k63_137459	609	2003	-1	2
k63_137459	2074	2538	-1	3
k63_137459	2575	3483	-1	4
k63_137459	3532	3756	-1	5
k63_137459	3772	4281	-1	6
k63_1654835	2	958	-1	1
k63_1654835	1255	2226	1	2
k63_1543191	1	2091	1	1
k63_374111	174	1469	1	1
k63_374111	1483	3231	1	2
k63_374111	3294	4379	1	3
k63_374111	4372	4824	1	4
k63_21666	181	729	1	1
k63_21666	890	1582	1	2
k63_842640	3	254	1	1
k63_842640	261	1352	1	2
k63_842640	1438	2649	1	3
k63_842640	2909	3535	-1	4
k63_718618	222	1565	-1	1
k63_248140	3	1958	-1	1
k63_958762	1	393	-1	1
k63_958762	561	1802	1	2
k63_958762	1862	2356	1	3
k63_1075527	2	2869	-1	1
k63_1075527	2873	3397	-1	2
k63_1075527	3394	4014	-1	3
k63_1075527	4004	5608	-1	4
k63_1075527	5580	5957	-1	5
k63_139287	2	1003	1	1
k63_139287	1157	1603	-1	2
k63_139287	1630	2448	-1	3
k63_139287	2553	3455	-1	4
k63_491853	1	81	1	1
k63_491853	141	476	1	2
k63_491853	473	739	1	3
k63_491853	791	1171	1	4
k63_491853	1211	1684	1	5
k63_843465	39	641	1	1
k63_843465	707	1945	1	2
k63_843465	1953	2267	-1	3
k63_843465	2268	2471	-1	4
k63_22851	1	228	-1	1
k63_22851	221	1534	-1	2
k63_22851	1549	2619	-1	3
k63_22851	2626	2724	-1	4
k63_1544576	2	424	1	1
k63_1544576	433	1788	1	2
k63_1544576	1785	1985	1	3
k63_375600	21	2105	-1	1
k63_375600	2226	2495	-1	2
k63_375600	2739	2813	1	3
k63_249384	2	178	1	1
k63_249384	318	1016	1	2
k63_249384	1051	2733	1	3
k63_249384	2765	3073	1	4
k63_249384	3073	3360	1	5
k63_249384	3425	3691	1	6
k63_23399	173	481	1	1
k63_23399	501	797	1	2
k63_23399	1073	2110	1	3
k63_23399	2203	2559	1	4
k63_23399	2568	3056	1	5
k63_493375	1	114	-1	1
k63_493375	111	2222	-1	2
k63_493375	2215	2700	-1	3
k63_493375	2687	2932	-1	4
k63_24069	2	85	1	1
k63_24069	236	1045	-1	2
k63_24069	1032	1967	-1	3
k63_24069	1973	2167	-1	4
k63_1307834	2	418	1	1
k63_1307834	498	1847	-1	2
k63_720060	2	523	1	1
k63_720060	638	1048	-1	2
k63_720060	1110	2294	1	3
k63_720060	2463	2648	1	4
k63_720060	2707	3117	1	5
k63_493938	2	1048	1	1
k63_493938	1108	2124	-1	2
k63_1546293	1	429	-1	1
k63_1546293	457	2469	-1	2
k63_1420122	87	1016	1	1
k63_1420122	1006	1782	1	2
k63_1420122	1813	2208	-1	3
k63_1420122	2426	2737	1	4
k63_845838	51	848	1	1
k63_845838	994	1488	1	2
k63_845838	1535	1837	1	3
k63_141943	3	761	1	1
k63_141943	886	1518	1	2
k63_141943	1515	2810	1	3
k63_141943	2836	3948	-1	4
k63_141943	4129	4191	1	5
k63_1546773	3	551	-1	1
k63_1546773	567	1475	-1	2
k63_961623	237	443	1	1
k63_961623	491	2005	1	2
k63_961623	2139	2405	1	3
k63_1547103	2	1168	1	1
k63_1547103	1168	2010	1	2
k63_1547103	1988	3574	1	3
k63_1547103	3571	4743	1	4
k63_1547103	4745	5410	1	5
k63_1547103	5407	6351	1	6
k63_1547239	1	1014	-1	1
k63_1547239	1270	1743	1	2
k63_1547239	1828	2718	-1	3
k63_1547239	2720	3421	-1	4
k63_1547239	3418	4245	-1	5
k63_1547239	4255	5355	-1	6
k63_1547239	5378	6301	-1	7
k63_1547239	6279	7340	-1	8
k63_1547410	2	154	1	1
k63_1547410	163	1506	1	2
k63_1658129	3	1421	1	1
k63_1658129	1576	2103	1	2
k63_1658129	2107	2661	1	3
k63_1187024	3	440	1	1
k63_1187024	509	1327	1	2
k63_1187024	1546	2937	1	3
k63_1187024	2911	3063	-1	4
k63_1420961	1	354	-1	1
k63_1420961	367	1710	-1	2
k63_1420961	1828	2247	-1	3
k63_1420961	2457	2705	1	4
k63_1420961	2743	3639	1	5
k63_1421050	3	701	-1	1
k63_1421050	896	2050	1	2
k63_847829	1	396	-1	1
k63_847829	393	2024	-1	2
k63_1309448	87	725	-1	1
k63_1309448	722	1315	-1	2
k63_1309448	1330	1698	-1	3
k63_1309448	1685	2641	-1	4
k63_848112	2	1738	-1	1
k63_848112	1754	3250	-1	2
k63_1549136	1	1284	-1	1
k63_1549136	1343	1738	-1	2
k63_497350	3	875	1	1
k63_497350	1029	1859	-1	2
k63_253338	131	505	-1	1
k63_253338	566	1225	1	2
k63_253338	1225	2628	1	3
k63_849021	1	1410	1	1
k63_849021	1466	2029	1	2
k63_849021	2030	2512	1	3
k63_849021	2528	4255	1	4
k63_849021	4318	4689	-1	5
k63_145284	1	378	1	1
k63_145284	378	986	1	2
k63_145284	989	1618	1	3
k63_145284	1629	2162	1	4
k63_253910	2	799	1	1
k63_253910	809	2326	1	2
k63_253924	2	898	1	1
k63_253924	1009	1923	-1	2
k63_253924	1920	2276	-1	3
k63_498405	60	1100	-1	1
k63_498405	1084	1758	-1	2
k63_498580	2	613	-1	1
k63_498580	600	1427	-1	2
k63_498580	1583	2311	1	3
k63_498580	2324	2680	1	4
k63_498580	2703	2951	1	5
k63_498580	2973	3965	1	6
k63_498580	3970	4242	1	7
k63_254398	1	366	-1	1
k63_254398	419	1567	-1	2
k63_254398	1678	2706	-1	3
k63_1551042	3	386	1	1
k63_1551042	438	665	-1	2
k63_1551042	817	1773	1	3
k63_1551042	1804	3318	-1	4
k63_146720	133	597	-1	1
k63_146720	750	2102	1	2
k63_723170	1	822	-1	1
k63_723170	885	1361	-1	2
k63_723170	1444	1980	1	3
k63_723170	1980	4463	1	4
k63_723170	4460	5482	1	5
k63_723170	5627	6556	1	6
k63_723338	2	469	-1	1
k63_723338	463	2064	-1	2
k63_723338	2274	2345	1	3
k63_1551720	2	679	1	1
k63_1551720	838	2115	1	2
k63_30621	2	316	-1	1
k63_30621	446	1486	-1	2
k63_30621	1641	2747	-1	3
k63_30621	2926	3891	1	4
k63_30621	3953	4297	-1	5
k63_30621	4396	4974	-1	6
k63_30621	4974	5750	-1	7
k63_1423985	3	1511	1	1
k63_1423985	1686	1817	-1	2
k63_852091	2	640	1	1
k63_852091	744	1454	-1	2
k63_852091	1481	2017	-1	3
k63_968376	1	1089	1	1
k63_968376	1116	1928	-1	2
k63_31268	1	699	1	1
k63_31268	827	1597	1	2
k63_31268	1594	2331	1	3
k63_31268	2341	3279	1	4
k63_148784	3	86	-1	1
k63_148784	266	1363	1	2
k63_148784	1384	2679	1	3
k63_148784	3006	3422	1	4
k63_1081387	3	1190	-1	1
k63_1081387	1183	1332	-1	2
k63_1081387	1576	1902	1	3
k63_1081387	2089	3162	1	4
k63_502099	2	427	-1	1
k63_502099	442	744	-1	2
k63_502099	821	2362	-1	3
k63_385264	1	684	-1	1
k63_385264	909	1355	-1	2
k63_385264	1504	1608	1	3
k63_149887	69	3581	-1	1
k63_149887	3788	4177	1	2
k63_385847	27	1373	-1	1
k63_385847	1467	2027	1	2
k63_385847	2003	2644	1	3
k63_1554793	1	69	1	1
k63_1554793	162	1031	1	2
k63_1554793	1000	1767	1	3
k63_386198	3	1145	1	1
k63_386198	1151	2545	1	2
k63_386198	2613	3281	-1	3
k63_386198	3278	3469	-1	4
k63_386198	3571	4338	1	5
k63_386198	4373	4816	-1	6
k63_386198	4977	5558	-1	7
k63_386198	5562	6251	-1	8
k63_1555125	39	851	-1	1
k63_1555125	867	1946	1	2
k63_1555125	1986	2225	1	3
k63_1425737	10	1545	-1	1
k63_1425737	1599	2036	-1	2
k63_151322	147	1802	1	1
k63_151322	1890	2204	-1	2
k63_151322	2301	2672	-1	3
k63_1555985	91	1581	-1	1
k63_1555985	1571	2314	-1	2
k63_151686	16	693	-1	1
k63_151686	808	1332	1	2
k63_151686	1489	2343	1	3
k63_856000	41	1330	-1	1
k63_856000	1416	3041	-1	2
k63_856000	3073	3297	-1	3
k63_152194	205	1995	1	1
k63_505299	138	737	1	1
k63_505299	734	1720	1	2
k63_505299	1934	2647	-1	3
k63_153436	357	1388	1	1
k63_153436	1391	1816	1	2
k63_857377	1	1221	1	1
k63_857377	1268	2005	1	2
k63_857377	2307	2516	1	3
k63_857377	2539	3105	1	4
k63_1315770	2	508	1	1
k63_1315770	630	2375	1	2
k63_1315770	2432	3394	-1	3
k63_1315770	3510	3623	-1	4
k63_389434	3	458	-1	1
k63_389434	510	1814	-1	2
k63_389434	1843	2823	1	3
k63_389434	2837	2998	-1	4
k63_727586	2	109	1	1
k63_727586	137	283	1	2
k63_727586	276	920	1	3
k63_727586	917	1714	1	4
k63_727586	1722	2642	1	5
k63_727586	2677	2952	1	6
k63_389515	2	226	1	1
k63_389515	213	1049	-1	2
k63_389515	1052	2059	-1	3
k63_389515	2125	3006	1	4
k63_610406	4	1677	-1	1
k63_610406	1735	2604	1	2
k63_36656	117	1499	-1	1
k63_36656	1557	2300	1	2
k63_36656	2322	2849	-1	3
k63_389776	2	652	1	1
k63_389776	646	1803	1	2
k63_1316333	1	750	1	1
k63_1316333	725	1723	1	2
k63_1316333	1788	2042	1	3
k63_507839	80	718	1	1
k63_507839	800	1516	1	2
k63_1194549	1	201	1	1
k63_1194549	220	1236	1	2
k63_1194549	1238	2194	-1	3
k63_1194549	2427	3797	1	4
k63_1194549	3840	4139	-1	5
k63_728354	1	354	-1	1
k63_728354	424	1134	-1	2
k63_728354	1240	2466	1	3
k63_728354	2538	3104	-1	4
k63_390525	3	701	-1	1
k63_390525	704	1846	-1	2
k63_390525	1958	2992	-1	3
k63_390525	3097	3681	-1	4
k63_1559721	3	1187	1	1
k63_1559721	1293	1793	1	2
k63_728622	30	1253	-1	1
k63_728622	1390	2121	1	2
k63_728622	2170	2601	-1	3
k63_37826	188	580	1	1
k63_37826	570	836	-1	2
k63_37826	1183	2169	1	3
k63_859664	1	1029	1	1
k63_859664	1036	1830	1	2
k63_859664	1895	2257	-1	3
k63_976113	2	766	1	1
k63_976113	822	2222	1	2
k63_976113	2297	3361	-1	3
k63_976113	3365	4216	-1	4
k63_976113	4493	5020	1	5
k63_976113	5114	6187	-1	6
k63_976113	6434	7480	1	7
k63_976113	7502	8383	-1	8
k63_976113	8397	9173	-1	9
k63_976113	9241	9882	1	10
k63_1560850	4	237	-1	1
k63_1560850	260	712	-1	2
k63_1560850	852	2252	-1	3
k63_861066	2	541	1	1
k63_861066	553	1416	1	2
k63_861066	1422	1688	1	3
k63_1318313	1	624	-1	1
k63_1318313	767	1966	-1	2
k63_1562203	2	532	1	1
k63_1562203	525	1520	1	2
k63_393294	1	528	1	1
k63_393294	532	1545	1	2
k63_393294	1558	1911	-1	3
k63_1562497	109	495	-1	1
k63_1562497	534	1025	-1	2
k63_1562497	1027	2334	-1	3
k63_1562497	2331	3761	-1	4
k63_158771	3	332	1	1
k63_158771	304	699	1	2
k63_158771	798	1586	1	3
k63_158771	1631	2086	1	4
k63_1196780	1	75	1	1
k63_1196780	136	1617	1	2
k63_1196780	1628	1984	1	3
k63_1196780	2026	2406	1	4
k63_511814	2	466	1	1
k63_511814	463	1203	1	2
k63_511814	1212	1601	-1	3
k63_863146	2	730	-1	1
k63_863146	763	1731	-1	2
k63_266803	3	620	-1	1
k63_266803	640	1500	-1	2
k63_1668704	12	659	-1	1
k63_1668704	679	2106	-1	2
k63_1668704	2206	2427	1	3
k63_395404	2	166	1	1
k63_395404	156	971	-1	2
k63_395404	976	1647	-1	3
k63_863880	2	2263	-1	1
k63_1431451	2	592	-1	1
k63_1431451	589	840	-1	2
k63_1431451	1002	1910	-1	3
k63_1431451	1937	2170	-1	4
k63_1564703	1	252	1	1
k63_1564703	252	1703	1	2
k63_1564703	1719	1943	1	3
k63_1564703	2033	2473	-1	4
k63_864390	2	895	1	1
k63_864390	915	1880	1	2
k63_1321009	55	996	-1	1
k63_1321009	993	1643	-1	2
k63_1321009	1770	2687	1	3
k63_1321009	2772	3824	1	4
k63_1198569	275	1651	1	1
k63_1198569	1766	2395	-1	2
k63_1198569	2768	3301	1	3
k63_43644	1	327	-1	1
k63_43644	561	1643	-1	2
k63_43644	1643	2587	-1	3
k63_397761	2	241	-1	1
k63_397761	272	2290	-1	2
k63_44711	3	863	1	1
k63_44711	980	1951	1	2
k63_866147	3	1055	-1	1
k63_866147	1101	2297	-1	2
k63_866147	2368	3144	1	3
k63_1433061	3	1388	1	1
k63_1433061	1375	1875	1	2
k63_1433061	1883	2134	-1	3
k63_616741	139	516	-1	1
k63_616741	491	763	-1	2
k63_616741	760	1041	-1	3
k63_616741	1325	1699	-1	4
k63_1567825	3	1205	1	1
k63_1567825	1388	2389	1	2
k63_1567825	2489	3289	1	3
k63_1671431	2	1132	-1	1
k63_1671431	1191	2738	1	2
k63_1201052	2	214	-1	1
k63_1201052	314	1261	-1	2
k63_1201052	1289	1744	-1	3
k63_1201052	1760	1852	-1	4
k63_1672173	2	607	-1	1
k63_1672173	710	2347	1	2
k63_1672173	2455	2826	1	3
k63_1568992	174	1196	1	1
k63_1568992	1196	2377	1	2
k63_1568992	2368	3243	1	3
k63_1568992	3248	3940	1	4
k63_1568992	4124	4606	1	5
k63_1568992	4651	5790	1	6
k63_1568992	5832	6422	1	7
k63_165238	1	171	1	1
k63_165238	260	877	1	2
k63_165238	901	1569	1	3
k63_165238	1696	1950	1	4
k63_165238	1914	2135	-1	5
k63_165888	1	60	-1	1
k63_165888	32	1870	-1	2
k63_1091994	2	1144	1	1
k63_1091994	1249	1572	1	2
k63_166015	1	99	1	1
k63_166015	104	790	1	2
k63_166015	1009	2331	-1	3
k63_166015	2408	2974	-1	4
k63_401290	79	1284	-1	1
k63_401290	1297	2076	-1	2
k63_401290	2090	2356	-1	3
k63_401290	2377	2601	-1	4
k63_401290	2755	3081	-1	5
k63_401290	3098	3499	-1	6
k63_401290	3503	3925	-1	7
k63_987752	3	1535	-1	1
k63_987752	1645	2526	1	2
k63_401780	1	891	-1	1
k63_401780	888	1973	-1	2
k63_401780	2046	3362	-1	3
k63_401780	3374	4171	-1	4
k63_401780	4511	5050	-1	5
k63_401780	5075	5176	-1	6
k63_1435258	1	633	1	1
k63_1435258	736	969	1	2
k63_1435258	986	2470	1	3
k63_1570929	3	410	1	1
k63_1570929	440	736	1	2
k63_1570929	742	1212	1	3
k63_1570929	1223	1762	1	4
k63_1570929	1854	3395	1	5
k63_1570929	3444	4307	1	6
k63_1570929	4343	5746	1	7
k63_737138	2	487	-1	1
k63_737138	787	2673	1	2
k63_1435900	865	1986	1	1
k63_1435900	1983	3731	1	2
k63_738102	7	456	-1	1
k63_738102	490	1824	-1	2
k63_738102	1997	2164	1	3
k63_1326662	2	3265	-1	1
k63_1326662	3311	5242	-1	2
k63_1326662	5282	5707	-1	3
k63_274815	1	987	-1	1
k63_274815	1110	1580	-1	2
k63_274815	1726	2844	1	3
k63_1572568	86	1372	-1	1
k63_1572568	1387	1650	-1	2
k63_1572670	3	128	1	1
k63_1572670	125	1129	1	2
k63_1572670	1129	1743	1	3
k63_990292	6	1004	-1	1
k63_990292	1020	1922	-1	2
k63_990292	1944	2618	-1	3
k63_620419	1	249	1	1
k63_620419	344	1357	1	2
k63_620419	1350	2189	-1	3
k63_1204553	1	102	1	1
k63_1204553	141	1013	1	2
k63_1204553	1057	2214	1	3
k63_1573353	4	645	-1	1
k63_1573353	798	2117	-1	2
k63_1573353	2140	2331	-1	3
k63_1573353	2367	2696	-1	4
k63_1573353	2862	3245	1	5
k63_1573353	3248	3868	1	6
k63_1573353	3975	4907	1	7
k63_1573697	2	124	1	1
k63_1573697	155	1390	1	2
k63_1573697	1464	2213	-1	3
k63_1573697	2213	2443	-1	4
k63_405400	1	78	1	1
k63_405400	154	270	-1	2
k63_405400	298	1017	-1	3
k63_405400	1283	2191	-1	4
k63_405400	2346	2702	-1	5
k63_405400	2714	3472	-1	6
k63_405400	3463	3699	-1	7
k63_991703	3	677	-1	1
k63_991703	734	2251	-1	2
k63_991703	2442	2579	1	3
k63_405759	2	523	1	1
k63_405759	796	1401	1	2
k63_405759	1398	2504	-1	3
k63_170758	161	1540	-1	1
k63_170758	1656	2486	1	2
k63_276503	1	2715	1	1
k63_276503	2761	4134	1	2
k63_1574587	3	887	1	1
k63_1574587	912	1229	-1	2
k63_1574587	1243	1512	-1	3
k63_1574587	1585	1695	-1	4
k63_525189	2	580	-1	1
k63_525189	581	886	-1	2
k63_525189	1019	1621	-1	3
k63_525189	1703	2191	-1	4
k63_525189	2237	3361	-1	5
k63_525189	3380	3646	-1	6
k63_53243	3	275	-1	1
k63_53243	287	820	-1	2
k63_53243	1010	1801	-1	3
k63_53243	1969	2166	-1	4
k63_53243	2150	2296	-1	5
k63_53243	2304	3683	-1	6
k63_171555	492	1523	1	1
k63_171555	1557	2381	1	2
k63_171555	2385	2648	-1	3
k63_406856	1	1566	1	1
k63_406856	1644	2063	-1	2
k63_406856	2309	2725	-1	3
k63_406856	2858	3781	-1	4
k63_406856	3894	4148	-1	5
k63_53634	13	1587	-1	1
k63_53634	1608	2003	-1	2
k63_1575222	2	292	-1	1
k63_1575222	330	929	-1	2
k63_1575222	974	2950	-1	3
k63_278344	68	1210	-1	1
k63_278344	1250	2164	-1	2
k63_278344	2187	2312	-1	3
k63_1096778	1	168	1	1
k63_1096778	218	1375	1	2
k63_1096778	1380	2297	1	3
k63_1096778	2404	3165	1	4
k63_1096778	3180	3842	1	5
k63_1096778	3846	4301	1	6
k63_741104	3	374	1	1
k63_741104	385	1248	-1	2
k63_741104	1310	1789	1	3
k63_408547	1	2319	-1	1
k63_1576614	2	1726	-1	1
k63_1678697	3	419	-1	1
k63_1678697	599	1534	1	2
k63_1678697	1680	2999	1	3
k63_174319	2	1540	-1	1
k63_624478	1	1221	-1	1
k63_624478	1352	1672	-1	2
k63_1098361	2	463	1	1
k63_1098361	460	1035	1	2
k63_1098361	1098	1694	1	3
k63_174930	3	329	-1	1
k63_174930	370	966	-1	2
k63_174930	1051	1980	1	3
k63_174930	1977	2630	-1	4
k63_174930	2730	4250	1	5
k63_174930	4523	4822	-1	6
k63_174930	4819	5034	-1	7
k63_1578512	3	1373	1	1
k63_1578512	1734	1964	1	2
k63_1578512	2189	2590	1	3
k63_1578512	2617	3423	1	4
k63_1578512	3470	3769	-1	5
k63_1578512	3842	4990	1	6
k63_1331909	3	1073	1	1
k63_1331909	1219	1779	1	2
k63_1331909	1816	2730	1	3
k63_1331909	2797	3048	-1	4
k63_1331909	3121	3858	1	5
k63_1331909	3862	4464	1	6
k63_1331909	4461	4616	1	7
k63_1331909	4570	4716	1	8
k63_1209099	174	1775	1	1
k63_1209099	1797	2717	1	2
k63_411081	2	616	1	1
k63_411081	601	1371	-1	2
k63_411081	1394	2011	-1	3
k63_411081	2008	2883	-1	4
k63_411081	3059	5635	-1	5
k63_411081	5710	6492	-1	6
k63_411081	6485	7246	-1	7
k63_58479	1	363	1	1
k63_58479	347	1564	-1	2
k63_58479	2014	2499	-1	3
k63_1099540	3	1508	-1	1
k63_1099540	1505	1705	-1	2
k63_1099540	1736	3097	-1	3
k63_1099540	3105	3791	-1	4
k63_1099540	3823	4749	-1	5
k63_880593	2	730	1	1
k63_880593	735	1043	-1	2
k63_880593	1045	1305	-1	3
k63_880593	1404	2297	1	4
k63_880593	2388	3572	-1	5
k63_1680991	1	426	-1	1
k63_1680991	419	1663	-1	2
k63_1680991	1731	2402	1	3
k63_531801	3	494	1	1
k63_531801	499	1227	1	2
k63_531801	1211	2044	1	3
k63_531801	2041	3222	1	4
k63_531801	3219	4451	1	5
k63_532334	76	285	1	1
k63_532334	293	1300	-1	2
k63_532334	1402	1668	1	3
k63_1211508	1	1542	-1	1
k63_1101201	2	67	1	1
k63_1101201	117	1100	1	2
k63_1101201	1105	1845	1	3
k63_1101201	1832	2455	1	4
k63_61225	2	154	1	1
k63_61225	220	1065	-1	2
k63_61225	1292	1534	-1	3
k63_61225	1539	2699	-1	4
k63_61225	2879	3352	-1	5
k63_1444658	91	1911	1	1
k63_533803	3	1478	-1	1
k63_533803	1690	3594	1	2
k63_533803	3652	4815	-1	3
k63_1002544	2	421	1	1
k63_1002544	526	897	-1	2
k63_1002544	1193	2458	-1	3
k63_1002544	2455	3393	-1	4
k63_1002544	3390	4082	-1	5
k63_179863	68	2167	1	1
k63_1102778	2	472	-1	1
k63_1102778	597	758	1	2
k63_1102778	952	1353	1	3
k63_1102778	1350	1868	1	4
k63_179896	1	642	-1	1
k63_179896	635	958	-1	2
k63_179896	1009	2529	-1	3
k63_179896	2647	2793	1	4
k63_179896	2957	3880	1	5
k63_1336743	3	1010	1	1
k63_1336743	1017	1853	1	2
k63_1336743	1807	2607	1	3
k63_1336743	2692	3258	1	4
k63_1214787	1	84	-1	1
k63_1214787	106	978	-1	2
k63_1214787	972	1532	-1	3
k63_1214787	1773	2777	-1	4
k63_1103844	3	923	1	1
k63_1103844	925	2325	1	2
k63_1103844	2596	2958	1	3
k63_1337209	79	351	-1	1
k63_1337209	546	1052	1	2
k63_1337209	1049	1981	1	3
k63_1337209	2000	2461	1	4
k63_287343	2	217	1	1
k63_287343	338	1360	-1	2
k63_287343	1572	2252	1	3
k63_1686362	3	1310	1	1
k63_1686362	1336	1749	1	2
k63_1586601	2	883	1	1
k63_1586601	987	2003	1	2
k63_749608	8	1945	-1	1
k63_1586735	1	897	-1	1
k63_1586735	1074	1499	1	2
k63_1586735	1573	2061	1	3
k63_1586735	2146	3147	1	4
k63_1586735	3151	3264	-1	5
k63_1689111	26	1885	-1	1
k63_1689111	1932	2294	-1	2
k63_184711	509	1333	1	1
k63_184711	1404	4856	1	2
k63_184711	4867	5298	1	3
k63_184711	5101	5547	-1	4
k63_1106985	1	2520	1	1
k63_752559	3	935	-1	1
k63_752559	966	2270	-1	2
k63_752559	2317	4020	-1	3
k63_633263	2	535	1	1
k63_633263	532	1434	1	2
k63_633263	1651	2211	1	3
k63_633263	2211	2648	1	4
k63_633263	2667	3176	1	5
k63_633263	3173	4153	1	6
k63_633263	4153	5433	1	7
k63_633263	5433	5768	1	8
k63_1690933	1	1140	-1	1
k63_1690933	1276	1503	1	2
k63_1690933	1587	2765	-1	3
k63_1691169	3	1607	1	1
k63_1590968	1	198	1	1
k63_1590968	243	1760	1	2
k63_543499	2	2020	1	1
k63_543499	2024	2932	1	2
k63_543499	3052	3975	1	3
k63_1452223	1	1431	1	1
k63_1452223	1472	1654	-1	2
k63_292481	3	737	-1	1
k63_292481	742	1626	-1	2
k63_292481	1633	2073	-1	3
k63_292481	2066	2740	-1	4
k63_292481	2730	3134	-1	5
k63_292481	3166	4218	-1	6
k63_292481	4247	4849	-1	7
k63_292481	4846	5364	-1	8
k63_292481	5721	6467	-1	9
k63_292481	6624	7697	-1	10
k63_292481	7925	8941	-1	11
k63_1592092	1	1962	-1	1
k63_754613	1	2340	1	1
k63_1453910	3	1007	-1	1
k63_1453910	1061	1753	-1	2
k63_1453910	1704	2111	-1	3
k63_1109481	2	826	1	1
k63_1109481	1122	1988	1	2
k63_294073	2	700	1	1
k63_294073	722	2044	-1	2
k63_294073	2127	3185	1	3
k63_294073	3251	3532	1	4
k63_1694551	1	570	1	1
k63_1694551	632	1177	1	2
k63_1694551	1189	2208	1	3
k63_1694551	2219	2884	-1	4
k63_1694551	2891	3223	-1	5
k63_1694551	3397	4341	1	6
k63_1694551	4469	5461	1	7
k63_1694551	5467	6039	1	8
k63_1694551	6002	6565	1	9
k63_1694551	6583	7308	1	10
k63_1694551	7473	8936	1	11
k63_1694551	9117	9410	1	12
k63_1694551	9455	9901	1	13
k63_1694551	9908	10177	1	14
k63_1694551	10174	11907	1	15
k63_756227	117	1247	-1	1
k63_756227	1248	3176	-1	2
k63_756227	3404	3712	-1	3
k63_1110831	60	1241	1	1
k63_1110831	1201	1737	1	2
k63_1110831	1818	2252	1	3
k63_1344686	2	1279	-1	1
k63_1344686	1414	1647	-1	2
k63_1344686	1644	2306	-1	3
k63_427223	3	950	-1	1
k63_427223	954	3062	-1	2
k63_1595100	3	395	-1	1
k63_1595100	507	1553	-1	2
k63_296293	3	917	1	1
k63_296293	914	1819	1	2
k63_296293	1822	2355	1	3
k63_296529	73	1173	1	1
k63_296529	1302	2183	1	2
k63_1456460	1	1881	1	1
k63_1456460	1963	2346	1	2
k63_1456460	2462	3220	-1	3
k63_1456460	3265	3903	1	4
k63_75374	104	1090	1	1
k63_75374	1095	1670	1	2
k63_75374	1667	2644	1	3
k63_75374	2650	4179	1	4
k63_1111813	3	368	1	1
k63_1111813	385	771	1	2
k63_1111813	783	1403	1	3
k63_1111813	1425	2444	1	4
k63_1111813	2465	2863	1	5
k63_1111813	3115	4440	1	6
k63_1111813	4437	4592	1	7
k63_1457530	3	1115	-1	1
k63_1457530	1118	3775	-1	2
k63_1457530	4014	4307	-1	3
k63_1457576	2	283	1	1
k63_1457576	296	1630	1	2
k63_1457576	1614	2105	1	3
k63_1457576	2236	2472	1	4
k63_1457576	2472	2654	1	5
k63_759396	1	1629	-1	1
k63_759396	1775	2392	-1	2
k63_759396	2382	2501	-1	3
k63_298579	462	2303	-1	1
k63_298579	2413	4170	-1	2
k63_298579	4289	4693	-1	3
k63_298579	4721	4969	1	4
k63_1347192	2	136	-1	1
k63_1347192	234	752	1	2
k63_1347192	752	1735	1	3
k63_1347192	1867	2157	-1	4
k63_1347192	2356	2721	-1	5
k63_1347192	2841	3413	-1	6
k63_1347192	3552	4019	1	7
k63_1598268	2	310	1	1
k63_1598268	329	2182	1	2
k63_1598268	2197	2406	1	3
k63_1459268	1	726	-1	1
k63_1459268	729	2456	-1	2
k63_1598501	2	193	-1	1
k63_1598501	287	1057	-1	2
k63_1598501	1068	3125	-1	3
k63_1598501	3307	3405	1	4
k63_1598501	3424	3771	1	5
k63_1598501	3941	4027	1	6
k63_640288	2	790	-1	1
k63_640288	940	1902	-1	2
k63_640288	2071	2760	-1	3
k63_640288	2757	2981	-1	4
k63_1230046	54	512	-1	1
k63_1230046	797	1657	-1	2
k63_1115467	1	1260	-1	1
k63_1115467	1267	2694	-1	2
k63_640794	2	853	1	1
k63_640794	887	1687	-1	2
k63_640794	1699	1866	-1	3
k63_640794	1906	2928	-1	4
k63_554492	3	545	1	1
k63_554492	557	1867	1	2
k63_554492	1906	3147	1	3
k63_1702224	1	1242	-1	1
k63_1702224	1299	1721	-1	2
k63_1702224	1804	2265	1	3
k63_302351	3	449	1	1
k63_302351	442	2493	1	2
k63_1116441	147	317	-1	1
k63_1116441	483	827	-1	2
k63_1116441	821	1060	-1	3
k63_1116441	1096	1278	-1	4
k63_1116441	1290	1586	-1	5
k63_1116441	1966	2304	1	6
k63_1703689	1	267	-1	1
k63_1703689	267	1757	-1	2
k63_1703689	1758	2168	-1	3
k63_435744	2	451	1	1
k63_435744	456	1112	1	2
k63_435744	1295	1651	-1	3
k63_1351445	3	1637	1	1
k63_1351445	1674	1988	1	2
k63_1351445	2018	2665	1	3
k63_1351445	2676	3383	1	4
k63_1351445	3376	3669	1	5
k63_1351445	3678	4502	1	6
k63_1351445	4515	4790	1	7
k63_1351445	4809	5144	1	8
k63_1351445	5153	5827	1	9
k63_1351445	5832	6239	1	10
k63_1704849	2	964	-1	1
k63_1704849	1190	1561	-1	2
k63_83858	3	215	-1	1
k63_83858	202	1887	-1	2
k63_83858	1853	2353	-1	3
k63_83858	2343	2618	-1	4
k63_1604760	2	190	-1	1
k63_1604760	209	385	-1	2
k63_1604760	476	763	-1	3
k63_1604760	930	1292	1	4
k63_1604760	1322	1519	1	5
k63_84641	3	482	1	1
k63_84641	553	774	1	2
k63_84641	778	1203	1	3
k63_84641	1227	1658	-1	4
k63_84641	1791	1952	1	5
k63_84641	1981	2865	1	6
k63_1352378	1	507	1	1
k63_1352378	574	1998	1	2
k63_766861	1	2034	1	1
k63_767762	2	1513	1	1
k63_767762	1628	1939	-1	2
k63_86089	74	646	1	1
k63_86089	698	2023	-1	2
k63_86089	2201	2971	1	3
k63_86089	2962	3666	-1	4
k63_1121113	1	1041	-1	1
k63_1121113	1038	1565	-1	2
k63_1121113	1769	2245	1	3
k63_1121113	2268	2597	1	4
k63_1466927	3	812	-1	1
k63_1466927	1151	2524	1	2
k63_768486	1	540	1	1
k63_768486	566	1165	1	2
k63_768486	1299	1679	1	3
k63_561575	3	110	-1	1
k63_561575	205	1059	1	2
k63_561575	1088	1528	-1	3
k63_561575	1671	3512	-1	4
k63_561575	3634	3957	1	5
k63_1607447	1	1419	-1	1
k63_1607447	1394	1504	-1	2
k63_1607447	1514	1837	-1	3
k63_308602	3	638	-1	1
k63_308602	786	1922	1	2
k63_308602	1955	2191	-1	3
k63_1709539	2	901	-1	1
k63_1709539	1001	1906	1	2
k63_1709539	1958	2515	-1	3
k63_1709539	2842	3228	1	4
k63_1709539	3242	3622	1	5
k63_1468499	2	1180	-1	1
k63_1468499	1317	1976	-1	2
k63_770011	2	1114	1	1
k63_770011	1125	2012	1	2
k63_770011	2036	3007	1	3
k63_770011	3004	3930	1	4
k63_441980	87	734	1	1
k63_441980	880	2571	1	2
k63_441980	2709	4154	-1	3
k63_441980	4157	4351	-1	4
k63_1355770	2	730	1	1
k63_1355770	723	1457	1	2
k63_1355770	1787	2437	-1	3
k63_1355770	2696	3082	1	4
k63_1239722	2	154	1	1
k63_1239722	151	522	1	2
k63_1239722	525	2318	1	3
k63_1239722	2446	2637	1	4
k63_915090	2	1195	1	1
k63_915090	1195	1686	1	2
k63_915090	1746	2546	1	3
k63_773462	80	1981	1	1
k63_773462	2111	2569	1	2
k63_773462	2659	2856	1	3
k63_773462	2869	3222	1	4
k63_773462	3277	4257	1	5
k63_773462	4450	4881	1	6
k63_445479	2	154	1	1
k63_445479	405	1604	1	2
k63_313272	2	1417	1	1
k63_313272	1424	2464	-1	2
k63_313272	2542	2733	-1	3
k63_774356	1	1947	1	1
k63_774356	1944	2627	1	2
k63_774356	2903	3511	1	3
k63_652268	3	215	-1	1
k63_652268	358	1389	-1	2
k63_652268	1558	2307	1	3
k63_652268	2309	3250	1	4
k63_652268	3259	4176	1	5
k63_1243737	34	183	-1	1
k63_1243737	180	1058	-1	2
k63_1243737	1240	1704	1	3
k63_775647	1	132	-1	1
k63_775647	129	503	-1	2
k63_775647	608	1927	-1	3
k63_775647	1927	2481	-1	4
k63_775647	2574	3362	-1	5
k63_1129553	3	266	-1	1
k63_1129553	277	924	-1	2
k63_1129553	926	1879	-1	3
k63_1359864	2	985	-1	1
k63_1359864	985	2358	-1	2
k63_1359864	2460	2753	-1	3
k63_97600	60	482	1	1
k63_97600	514	978	1	2
k63_97600	994	1419	1	3
k63_97600	1445	2227	1	4
k63_453073	1	975	-1	1
k63_453073	1270	2490	1	2
k63_454616	3	101	1	1
k63_454616	168	2666	1	2
k63_454616	2729	3613	1	3
k63_321159	1	159	1	1
k63_321159	636	995	1	2
k63_321159	1380	1568	1	3
k63_322637	2	151	-1	1
k63_322637	442	1377	1	2
k63_322637	1460	1756	1	3
k63_1137683	1	894	1	1
k63_1137683	901	2082	-1	2
k63_1725600	2	496	-1	1
k63_1725600	489	2747	-1	2
k63_1252725	123	2705	-1	1
k63_1727035	1	1857	1	1
k63_1727035	2001	2084	1	2
k63_1254169	3	437	-1	1
k63_1254169	671	1801	1	2
k63_1254169	1952	2728	1	3
k63_1052586	3	1745	-1	1
k63_1052586	1781	3196	-1	2
k63_223612	3	119	-1	1
k63_223612	124	702	-1	2
k63_223612	803	2383	1	3
k63_223612	2429	4426	-1	4
k63_664094	3	569	1	1
k63_664094	831	1787	1	2
k63_664094	2024	2362	1	3
k63_1141704	152	1138	1	1
k63_1141704	1237	1704	1	2
k63_1141704	1730	2464	1	3
k63_1256552	3	221	-1	1
k63_1256552	224	565	-1	2
k63_1256552	576	1781	-1	3
k63_1256552	1940	2344	1	4
k63_1142169	2	388	1	1
k63_1142169	398	730	1	2
k63_1142169	802	1242	1	3
k63_1142169	1249	2331	1	4
k63_1142169	2335	3261	1	5
k63_1142169	3270	4556	1	6
k63_1142169	4676	5308	1	7
k63_1142169	5295	5822	1	8
k63_1629515	3	155	1	1
k63_1629515	317	2608	1	2
k63_665227	1	306	-1	1
k63_665227	294	1775	-1	2
k63_463658	1	324	-1	1
k63_463658	437	1354	1	2
k63_463658	1376	2533	1	3
k63_463658	2588	3100	1	4
k63_463658	3372	3854	1	5
k63_467108	2	622	1	1
k63_467108	757	1968	1	2
k63_113935	1	213	-1	1
k63_113935	271	1632	-1	2
k63_792919	1	273	1	1
k63_792919	310	723	-1	2
k63_792919	836	3307	1	3
k63_332314	2	1987	-1	1
k63_332314	2009	2332	-1	2
k63_332314	2526	3815	1	3
k63_332314	3893	4549	1	4
k63_332314	4611	5195	-1	5
k63_1736503	3	230	1	1
k63_1736503	335	1243	1	2
k63_1736503	1305	2279	1	3
k63_1736503	2373	2573	1	4
k63_332492	3	1439	-1	1
k63_332492	1442	1894	-1	2
k63_332492	1923	2540	-1	3
k63_332492	2491	2829	-1	4
k63_1373734	1	1452	1	1
k63_1373734	1539	2735	1	2
k63_1373734	2791	3237	-1	3
k63_1489993	3	965	1	1
k63_1489993	1140	1478	1	2
k63_1489993	1478	2023	1	3
k63_1742370	3	530	1	1
k63_1742370	593	2968	-1	2
k63_1492290	1	516	1	1
k63_1492290	792	1787	1	2
k63_1492290	1819	2652	1	3
k63_1492290	2771	3283	1	4
k63_1492290	3499	4146	-1	5
k63_1492290	4186	5241	1	6
k63_1376428	3	1862	-1	1
k63_674982	3	944	1	1
k63_674982	963	2021	1	2
k63_1747921	2	70	1	1
k63_1747921	239	1882	1	2
k63_1747921	1875	2594	1	3
k63_1747921	2597	3184	1	4
k63_1749312	3	503	-1	1
k63_1749312	593	1678	1	2
k63_343632	3	569	-1	1
k63_343632	566	1525	-1	2
k63_343632	2005	3102	1	3
k63_1380890	1	1893	1	1
k63_1380890	1920	2969	1	2
k63_677715	2	505	-1	1
k63_677715	516	1799	-1	2
k63_677715	1993	2760	1	3
k63_677715	2880	2972	1	4
k63_1161593	99	1310	1	1
k63_1161593	1303	1752	1	2
k63_678978	2	124	-1	1
k63_678978	301	2229	1	2
k63_1163691	3	878	-1	1
k63_1163691	884	1801	-1	2
k63_1163691	1953	3041	-1	3
k63_809276	1	705	-1	1
k63_809276	767	1372	-1	2
k63_809276	1506	1811	-1	3
k63_1502878	1	192	1	1
k63_1502878	411	1178	1	2
k63_1502878	1413	2018	-1	3
k63_1279727	2	484	-1	1
k63_1279727	484	1431	-1	2
k63_1279727	1528	2760	-1	3
k63_681162	2	2734	-1	1
k63_681162	2734	2841	-1	2
k63_681162	2934	4334	-1	3
k63_681162	4351	4962	-1	4
k63_682771	3	1178	1	1
k63_682771	1175	2734	1	2
k63_1386281	82	1368	-1	1
k63_1386281	1381	2094	-1	2
k63_1169125	3	377	1	1
k63_1169125	455	1660	1	2
k63_1169125	2274	2771	1	3
k63_1169125	2813	4255	-1	4
k63_1169125	4325	4717	-1	5
k63_1282365	2	85	-1	1
k63_1282365	434	1108	1	2
k63_1282365	1062	1721	1	3
k63_1282365	1714	1869	-1	4
k63_1508372	3	458	1	1
k63_1508372	497	946	1	2
k63_1508372	943	1716	1	3
k63_1508372	1754	2878	1	4
k63_1508372	2914	3249	1	5
k63_1284276	1	522	1	1
k63_1284276	696	1481	-1	2
k63_1284276	1654	2253	1	3
k63_1284276	2250	3470	1	4
k63_1284276	3467	4264	1	5
k63_1284276	4261	4386	1	6
k63_1284741	15	320	-1	1
k63_1284741	530	877	1	2
k63_1284741	889	1521	1	3
k63_1285607	179	1678	1	1
k63_1285607	1875	2849	1	2
k63_689885	3	506	-1	1
k63_689885	543	1781	-1	2
k63_689885	1870	2106	-1	3
k63_689885	2408	3157	-1	4
k63_689885	3195	4127	-1	5
k63_1518598	2	436	1	1
k63_1518598	458	661	-1	2
k63_1518598	715	2427	1	3
k63_1518598	2430	4142	1	4
k63_1520057	3	665	1	1
k63_1520057	689	1093	1	2
k63_1520057	1203	1886	-1	3
k63_1520057	1919	2653	1	4
k63_1520057	2709	3407	-1	5
k63_1403568	32	514	-1	1
k63_1403568	622	1914	1	2
k63_1403568	2039	2287	1	3
