Hmm	ORF	tlen	qlen	Eval	score	start	end	Acc	Pos	Cov_seq	Cov_hmm	strand
AbiEii_0_CAS-III	k63_1288539_5	253	284	1.7e-07	27.6	3260	4018	k63_1288539	5	0.38735177865612647	0.323943661971831	-1
AbiEii_0_CAS-III	k63_1294773_2	382	284	0.013	11.5	664	1809	k63_1294773	2	0.17015706806282724	0.22183098591549297	-1
AbiEii_0_CAS-III	k63_1355770_1	243	284	0.012	11.7	2	730	k63_1355770	1	0.07818930041152264	0.06690140845070422	1
AbiEii_0_CAS-III	k63_1420122_1	310	284	2.4e-10	36.9	87	1016	k63_1420122	1	0.3548387096774194	0.3626760563380282	1
AbiEii_0_CAS-III	k63_1562203_2	332	284	6.6e-05	19.1	525	1520	k63_1562203	2	0.35843373493975905	0.4084507042253521	1
AbiEii_0_CAS-III	k63_1694551_10	242	284	1.1e-05	21.7	6583	7308	k63_1694551	10	0.3181818181818182	0.2852112676056338	1
AbiEii_0_CAS-III	k63_23399_3	346	284	0.0024	14.0	1073	2110	k63_23399	3	0.08092485549132948	0.10211267605633803	1
AbiEii_0_CAS-III	k63_292481_6	351	284	0.0019	14.3	3166	4218	k63_292481	6	0.06837606837606838	0.08450704225352113	-1
AbiEii_0_CAS-III	k63_30621_3	369	284	0.0016	14.5	1641	2747	k63_30621	3	0.23577235772357724	0.2992957746478873	-1
AbiEii_0_CAS-III	k63_31268_2	257	284	4.3e-07	26.3	827	1597	k63_31268	2	0.49416342412451364	0.36971830985915494	1
AbiEii_0_CAS-III	k63_374111_4	151	284	0.0071	12.4	4372	4824	k63_374111	4	0.10596026490066225	0.056338028169014086	1
AbiEii_0_CAS-III	k63_406856_4	308	284	0.015	11.4	2858	3781	k63_406856	4	0.05519480519480519	0.05985915492957746	-1
AbiEii_0_CAS-III	k63_554492_2	437	284	0.0078	12.3	557	1867	k63_554492	2	0.18993135011441648	0.29225352112676056	1
AbiEii_0_CAS-III	k63_682771_1	392	284	0.037	10.1	3	1178	k63_682771	1	0.39540816326530615	0.4084507042253521	1
AbiEii_0_CAS-III	k63_712146_3	354	284	3.1e-08	30.0	3091	4152	k63_712146	3	0.3898305084745763	0.4753521126760563	-1
AbiEii_0_CAS-III	k63_944672_2	542	284	0.00015	17.9	366	1991	k63_944672	2	0.14944649446494465	0.2711267605633803	1
AbiEii_0_CAS-III	k63_987752_1	511	284	0.0017	14.4	3	1535	k63_987752	1	0.11741682974559686	0.20774647887323944	-1
AbiEii_1_CAS-III-A	k63_1420122_1	310	335	0.005	12.5	87	1016	k63_1420122	1	0.11612903225806452	0.10746268656716418	1
AbiEii_2_CAS-III-C	k63_712146_3	354	440	3.6e-05	19.7	3091	4152	k63_712146	3	0.13559322033898305	0.10909090909090909	-1
Cas10_1_CAS-III	k63_945559_4	371	654	0.015	10.3	2796	3908	k63_945559	4	0.1105121293800539	0.06269113149847094	1
Cas13a_0_VIA	k63_1288539_9	197	167	0.0028	14.5	6589	7179	k63_1288539	9	0.3401015228426396	0.3473053892215569	-1
Cas3HD_0_CAS-I	k63_945559_4	371	203	0.00042	16.7	2796	3908	k63_945559	4	0.0673854447439353	0.1477832512315271	1
Cas3_0_CAS-I	k63_1640227_1	773	353	3e-10	36.2	3	2321	k63_1640227	1	0.32729624838292365	0.7507082152974505	1
Cas3_0_CAS-I-D	k63_1444658_1	607	626	0.00042	15.1	91	1911	k63_1444658	1	0.27347611202635913	0.268370607028754	1
Cas3_0_CAS-I-D	k63_952049_1	478	626	7.7e-08	27.5	138	1571	k63_952049	1	0.10669456066945607	0.08306709265175719	1
Cas3_0_I	k63_1640227_1	773	358	1.1e-08	31.0	3	2321	k63_1640227	1	0.2690815006468305	0.6033519553072626	1
Cas3_0_ID	k63_1294773_2	382	357	0.014	10.9	664	1809	k63_1294773	2	0.15968586387434555	0.15126050420168066	-1
Cas3_0_ID	k63_952049_1	478	357	0.0015	14.1	138	1571	k63_952049	1	0.18619246861924685	0.24369747899159663	1
Cas3_1_CAS-I	k63_952049_1	478	745	0.001	13.9	138	1571	k63_952049	1	0.16527196652719664	0.10738255033557047	1
Cas3_1_CAS-I-D	k63_1444658_1	607	353	0.011	11.4	91	1911	k63_1444658	1	0.2158154859967051	0.37393767705382436	1
Cas3_1_CAS-I-D	k63_952049_1	478	353	0.00051	15.7	138	1571	k63_952049	1	0.200836820083682	0.26628895184135976	1
Cas3_1_I	k63_945559_4	371	178	0.00022	17.8	2796	3908	k63_945559	4	0.29649595687331537	0.7528089887640449	1
Cas3_2_CAS-I	k63_1640227_1	773	967	0.0027	12.3	3	2321	k63_1640227	1	0.08796895213454076	0.06618407445708377	1
Cas3d_1_CAS-I-D	k63_1444658_1	607	627	3e-05	19.0	91	1911	k63_1444658	1	0.3031301482701812	0.2902711323763955	1
Cas3d_1_CAS-I-D	k63_364701_1	301	627	0.0029	12.4	3	905	k63_364701	1	0.12956810631229235	0.06220095693779904	1
Cas4_5_CAS-I-II-III-IV-V-VI	k63_961623_2	505	161	9.8e-05	19.1	491	2005	k63_961623	2	0.24752475247524752	0.6645962732919255	1
Cas6_0_IF	k63_681162_3	467	184	0.014	11.8	2934	4334	k63_681162	3	0.3811563169164882	0.5217391304347826	-1
Cas8a1_0_IA	k63_1256552_1	73	152	0.0051	13.7	3	221	k63_1256552	1	0.589041095890411	0.2894736842105263	-1
Cas8b1_11_CAS-I-B	k63_1098361_2	192	503	0.003	12.7	460	1035	k63_1098361	2	0.3385416666666667	0.12326043737574553	1
Cas8b3_1_CAS-I-B	k63_1256552_1	73	152	0.0047	13.7	3	221	k63_1256552	1	0.589041095890411	0.2894736842105263	-1
Cas8c_0_IC	k63_533803_3	388	588	0.014	10.3	3652	4815	k63_533803	3	0.23969072164948454	0.1598639455782313	-1
Cas9_0_II	k63_1347192_6	191	830	0.00011	17.2	2841	3413	k63_1347192	6	0.3089005235602094	0.0783132530120482	-1
Cas9_0_II	k63_720060_3	395	830	5.7e-05	18.1	1110	2294	k63_720060	3	0.1189873417721519	0.056626506024096385	1
Cas9_0_II-C2	k63_1347192_6	191	967	3.6e-15	51.7	2841	3413	k63_1347192	6	0.39267015706806285	0.07755946225439504	-1
Cas9_0_II-C2	k63_720060_3	395	967	2.7e-06	22.3	1110	2294	k63_720060	3	0.1848101265822785	0.07135470527404343	1
Cas9_0_II-C2	k63_775647_4	185	967	0.0067	11.1	1927	2481	k63_775647	4	0.5513513513513514	0.09720785935884178	-1
Cas9_0_II-D	k63_1347192_6	191	853	3.2e-18	62.0	2841	3413	k63_1347192	6	0.2931937172774869	0.06447831184056271	-1
Cas9_1_II	k63_720060_3	395	1120	0.0011	13.6	1110	2294	k63_720060	3	0.15443037974683543	0.05267857142857143	1
CasR_0_CAS-I-II-III-IV-V-VI	k63_1169125_3	166	198	1.2e-05	21.6	2274	2771	k63_1169125	3	0.35542168674698793	0.29292929292929293	1
CasR_0_CAS-I-II-III-IV-V-VI	k63_1420122_3	132	198	7.8e-05	18.9	1813	2208	k63_1420122	3	0.4090909090909091	0.2727272727272727	-1
CasR_0_CAS-I-II-III-IV-V-VI	k63_274815_2	157	198	0.00038	16.6	1110	1580	k63_274815	2	0.31210191082802546	0.2474747474747475	-1
CasR_0_CAS-III-B-III-D	k63_1331909_4	84	255	0.016	11.2	2797	3048	k63_1331909	4	0.6666666666666666	0.2196078431372549	-1
CasR_1_CAS-I-II-III-IV-V-VI	k63_1169125_3	166	218	7.9e-06	21.7	2274	2771	k63_1169125	3	0.35542168674698793	0.26605504587155965	1
CasR_1_CAS-I-II-III-IV-V-VI	k63_1420122_3	132	218	2.7e-05	19.9	1813	2208	k63_1420122	3	0.42424242424242425	0.25688073394495414	-1
CasR_1_CAS-I-II-III-IV-V-VI	k63_274815_2	157	218	0.0003	16.5	1110	1580	k63_274815	2	0.3057324840764331	0.22018348623853212	-1
Cmr1_0_IIIC	k63_401780_2	362	348	0.01	11.6	888	1973	k63_401780	2	0.26243093922651933	0.22413793103448276	-1
Csa3_1_CAS-I-II-III-IV-V-VI	k63_1702224_2	141	118	0.00095	16.1	1299	1721	k63_1702224	2	0.5177304964539007	0.2288135593220339	-1
Csa5gr11_9_CAS-I-A	k63_1294773_2	382	115	0.0064	12.8	664	1809	k63_1294773	2	0.14136125654450263	0.46956521739130436	-1
Csf4_0_IVA	k63_1103844_1	307	666	0.0099	10.9	3	923	k63_1103844	1	0.16286644951140064	0.06456456456456457	1
Csf4_0_IVA	k63_1352378_1	169	666	2.5e-13	46.0	1	507	k63_1352378	1	0.6035502958579881	0.16966966966966968	1
Csf4_0_IVA	k63_952049_1	478	666	1.7e-46	155.6	138	1571	k63_952049	1	0.9539748953974896	0.6921921921921922	1
Csf4_1_IVA1	k63_1352378_1	169	802	3.9e-06	21.8	1	507	k63_1352378	1	0.5857988165680473	0.13466334164588528	1
Csf4_1_IVA1	k63_952049_1	478	802	6.6e-17	57.4	138	1571	k63_952049	1	0.4121338912133891	0.24189526184538654	1
Csf4_2_IVA1	k63_1352378_1	169	526	4.6e-06	22.0	1	507	k63_1352378	1	0.5266272189349113	0.15019011406844107	1
Csf4_2_IVA1	k63_952049_1	478	526	0.0035	12.5	138	1571	k63_952049	1	0.18619246861924685	0.17490494296577946	1
Csf4_3_IVE	k63_1352378_1	169	648	1.7e-05	20.2	1	507	k63_1352378	1	0.5680473372781065	0.1404320987654321	1
Csf4_3_IVE	k63_952049_1	478	648	0.00093	14.4	138	1571	k63_952049	1	0.3054393305439331	0.2191358024691358	1
Csn2_7_CAS-II-A	k63_1288539_5	253	372	5e-05	18.9	3260	4018	k63_1288539	5	0.3359683794466403	0.23387096774193547	-1
Csx17_0_IU	k63_715004_1	362	718	0.015	10.4	3	1088	k63_715004	1	0.19060773480662985	0.09610027855153204	-1
Csx19_0_IIID	k63_43644_3	315	146	0.0043	13.5	1643	2587	k63_43644	3	0.17777777777777778	0.3493150684931507	-1
Csx3_2_CAS-I-III	k63_1102778_1	157	277	0.0046	12.6	2	472	k63_1102778	1	0.16560509554140126	0.09386281588447654	-1
Csx3_2_CAS-I-III	k63_1214787_4	335	277	0.0074	11.9	1773	2777	k63_1214787	4	0.07761194029850746	0.09386281588447654	-1
Csx3_2_CAS-I-III	k63_976113_2	467	277	6.6e-06	21.9	822	2222	k63_976113	2	0.09850107066381156	0.09386281588447654	1
CysH_0_IVB	k63_53634_1	525	249	0.016	11.4	13	1587	k63_53634	1	0.1295238095238095	0.28112449799196787	-1
CysH_0_IVB	k63_945218_1	201	249	2.9e-16	56.4	3	605	k63_945218	1	0.9751243781094527	0.7710843373493976	-1
DEDDh_0_CAS-I-II-III-IV-V-VI	k63_1727035_1	619	160	0.0037	14.0	1	1857	k63_1727035	1	0.1050080775444265	0.425	1
DEDDh_0_CAS-I-II-III-IV-V-VI	k63_484712_2	240	160	1.5e-41	138.7	490	1209	k63_484712	2	0.6791666666666667	0.99375	-1
DEDDh_0_CAS-I-II-III-IV-V-VI	k63_759396_2	206	160	4.399999999999999e-24	82.0	1775	2392	k63_759396	2	0.8592233009708737	0.99375	-1
Mem_DnaJ_0_CAS-III-AM	k63_1187024_2	273	284	2.2e-05	20.4	509	1327	k63_1187024	2	0.5347985347985348	0.4753521126760563	1
Mem_DnaJ_0_CAS-III-AM	k63_756227_1	377	284	0.012	11.5	117	1247	k63_756227	1	0.13793103448275862	0.19014084507042253	-1
RecD_0_IVD	k63_1141704_1	329	763	0.00087	14.0	152	1138	k63_1141704	1	0.6322188449848024	0.2503276539973788	1
RecD_0_IVD	k63_1421050_1	233	763	8.6e-05	17.3	3	701	k63_1421050	1	0.3133047210300429	0.04980340760157274	-1
RecD_0_IVD	k63_1523819_4	618	763	1.6e-20	69.3	1739	3592	k63_1523819	4	0.5533980582524272	0.43774574049803405	-1
TPR_1_CAS-III-A	k63_1142169_7	211	462	0.00017	16.9	4676	5308	k63_1142169	7	0.6398104265402843	0.2943722943722944	1
WYL_0_CAS-I-II-III-IV-V-VI	k63_158771_4	152	313	7.9e-07	25.4	1631	2086	k63_158771	4	0.48026315789473684	0.23322683706070288	1
WYL_1_CAS-I-II-III-IV-V-VI	k63_158771_4	152	462	0.00048	15.7	1631	2086	k63_158771	4	0.3092105263157895	0.09956709956709957	1
WYL_2_CAS-I-II-III-IV-V-VI	k63_158771_4	152	462	0.00048	15.7	1631	2086	k63_158771	4	0.3092105263157895	0.09956709956709957	1
WYL_3_CAS-I-II-III-IV-V-VI	k63_158771_4	152	172	4e-21	72.4	1631	2086	k63_158771	4	0.6447368421052632	0.5523255813953488	1
WYL_3_CAS-I-II-III-IV-V-VI	k63_366877_1	315	172	0.0085	12.7	1	945	k63_366877	1	0.1365079365079365	0.2558139534883721	1
