Contig	Start	End	Strand	Pos
k141_1093	1	255	1	1
k141_1093	255	1520	1	2
k141_1093	1521	2021	1	3
k141_1756	1	609	-1	1
k141_1756	606	2114	-1	2
k141_1756	2184	3260	-1	3
k141_1756	3429	4013	1	4
k141_2974	1	279	-1	1
k141_2974	424	1050	-1	2
k141_2974	1074	1487	-1	3
k141_2974	1487	1864	-1	4
k141_2974	2039	2152	-1	5
k141_2974	2182	2403	-1	6
k141_2974	2726	2902	1	7
k141_2974	2925	3359	1	8
k141_2974	3344	4252	1	9
k141_7553	1	480	-1	1
k141_7553	635	1216	1	2
k141_7553	1231	1446	1	3
k141_7553	1449	2390	1	4
k141_7592	1	513	1	1
k141_7592	513	707	1	2
k141_7592	941	1981	1	3
k141_7592	1938	2474	1	4
k141_7995	3	368	1	1
k141_7995	353	1489	1	2
k141_7995	1486	1935	-1	3
k141_7995	1932	3635	-1	4
k141_7995	3659	4780	1	5
k141_7995	4780	5436	1	6
k141_7995	5461	6573	1	7
k141_8175	1	681	-1	1
k141_8175	681	1445	-1	2
k141_8175	1442	2188	-1	3
k141_8175	2199	2420	-1	4
k141_10726	3	353	1	1
k141_10726	350	1042	1	2
k141_10726	1039	2334	1	3
k141_10726	2334	2972	1	4
k141_10726	2974	3189	1	5
k141_11245	2	238	1	1
k141_11245	238	1245	1	2
k141_11245	1303	2808	1	3
k141_11245	2811	3866	1	4
k141_11245	3866	4384	1	5
k141_11245	4402	6603	1	6
k141_11245	6600	7205	-1	7
k141_11834	1	558	1	1
k141_11834	560	1570	1	2
k141_11834	1636	2979	-1	3
k141_11834	3059	4237	1	4
k141_11834	4246	5433	1	5
k141_12784	1	1074	1	1
k141_12784	1067	2830	-1	2
k141_12784	2859	3476	-1	3
k141_12784	3476	3688	-1	4
k141_12784	3685	5262	-1	5
k141_12784	5276	6064	1	6
k141_12784	6110	6226	-1	7
k141_13247	3	890	1	1
k141_13247	890	2761	1	2
k141_13247	2815	3222	1	3
k141_13770	2	1018	1	1
k141_13770	1021	2409	1	2
k141_13770	2403	2471	-1	3
k141_16432	2	70	-1	1
k141_16432	113	757	1	2
k141_16432	754	1521	-1	3
k141_16432	1530	2234	-1	4
k141_16432	2288	2590	-1	5
k141_16432	2601	3287	1	6
k141_16432	3266	4372	-1	7
k141_16731	3	905	1	1
k141_16731	942	1052	-1	2
k141_16731	1049	2545	-1	3
k141_16731	2542	3054	-1	4
k141_17901	3	1082	1	1
k141_17901	1104	1595	-1	2
k141_17901	1592	2173	-1	3
k141_20250	1	294	1	1
k141_20250	279	1007	-1	2
k141_20250	1195	1557	1	3
k141_20250	1561	1806	1	4
k141_21525	3	296	-1	1
k141_21525	299	1963	-1	2
k141_21525	1960	2784	-1	3
k141_21525	2823	3923	1	4
k141_21525	3920	4612	-1	5
k141_21525	4609	5595	-1	6
k141_21525	5667	6014	-1	7
k141_21525	6083	7186	-1	8
k141_21525	7223	8329	1	9
k141_24059	14	700	-1	1
k141_24059	697	1266	-1	2
k141_24059	1263	2174	-1	3
k141_24059	2171	3214	-1	4
k141_24059	3207	4370	-1	5
k141_25641	1	795	1	1
k141_25641	802	2283	1	2
k141_25641	2280	3659	1	3
k141_27172	2	913	-1	1
k141_27172	906	2192	-1	2
k141_27172	2225	2398	-1	3
k141_27346	1	72	1	1
k141_27346	94	792	1	2
k141_27346	789	1586	1	3
k141_27346	1680	2750	1	4
k141_29708	2	838	-1	1
k141_29708	847	2103	-1	2
k141_29708	2179	3168	-1	3
k141_29708	3171	3344	-1	4
k141_30178	1	375	-1	1
k141_30178	372	917	-1	2
k141_30178	917	2272	-1	3
k141_30178	2295	3140	-1	4
k141_30178	3150	5549	-1	5
k141_30178	5610	7289	-1	6
k141_30178	7286	8473	-1	7
k141_31972	2	388	-1	1
k141_31972	385	1755	-1	2
k141_31972	1797	3563	1	3
k141_31972	3560	4450	1	4
k141_31972	4510	4941	1	5
k141_31972	4958	5530	1	6
k141_31972	5623	7218	1	7
k141_32817	3	440	-1	1
k141_32817	577	2007	-1	2
k141_32817	2345	3319	1	3
k141_32817	3374	4519	-1	4
k141_32817	4535	5917	-1	5
k141_32817	6124	6192	1	6
k141_35192	2	352	1	1
k141_35192	447	734	1	2
k141_35192	763	2130	1	3
k141_35192	2130	2264	1	4
k141_35192	2266	3390	1	5
k141_35192	3387	4301	1	6
k141_35192	4375	4869	1	7
k141_37089	1	1692	-1	1
k141_37089	1655	1906	-1	2
k141_38550	3	530	-1	1
k141_38550	527	1564	-1	2
k141_38550	1566	2525	-1	3
k141_38550	2525	3196	-1	4
k141_38550	3359	4042	1	5
k141_38550	4039	5019	-1	6
k141_38550	5022	5411	-1	7
k141_38550	5408	6115	-1	8
k141_38587	171	2870	1	1
k141_40230	23	361	-1	1
k141_40230	364	1692	-1	2
k141_40230	1868	2806	-1	3
k141_42907	1	432	1	1
k141_42907	432	1025	1	2
k141_42907	1029	1682	1	3
k141_42907	1694	2521	-1	4
k141_42963	2	193	1	1
k141_42963	283	2667	-1	2
k141_44203	3	71	-1	1
k141_44203	74	868	-1	2
k141_44203	922	2052	1	3
k141_45980	3	1334	1	1
k141_45980	1331	2215	1	2
k141_46949	3	1148	1	1
k141_46949	1145	1717	1	2
k141_46949	1680	2198	1	3
k141_46949	2195	2716	1	4
k141_46949	2861	3346	1	5
k141_46949	3348	3521	1	6
k141_46949	3527	4222	1	7
k141_46949	4206	5069	1	8
k141_46949	5121	7679	1	9
k141_47407	3	749	-1	1
k141_47407	746	1300	-1	2
k141_47407	1297	1938	-1	3
k141_47407	1964	3241	-1	4
k141_48076	1	81	-1	1
k141_48076	100	750	-1	2
k141_48076	856	2859	1	3
k141_48076	2859	4976	1	4
k141_48458	1	1464	1	1
k141_48458	1467	2045	1	2
k141_50067	2	103	-1	1
k141_50067	113	1324	-1	2
k141_50067	1329	2219	-1	3
k141_50067	2221	3396	-1	4
k141_50067	3530	5182	1	5
k141_50067	5285	6469	1	6
k141_50416	2	265	-1	1
k141_50416	275	982	-1	2
k141_50416	1044	1313	1	3
k141_50416	1363	2013	-1	4
k141_50416	2154	2666	-1	5
k141_50416	2680	3354	-1	6
k141_50416	3461	3583	-1	7
k141_50416	3739	4107	-1	8
k141_50416	4111	6615	-1	9
k141_50416	6623	8566	-1	10
k141_50416	8756	9223	-1	11
k141_50416	9225	9617	1	12
k141_51867	125	484	-1	1
k141_51867	609	1598	-1	2
k141_51867	1624	1929	1	3
k141_54728	1	828	-1	1
k141_54728	913	2619	1	2
k141_54728	2677	2883	1	3
k141_56866	3	764	-1	1
k141_56866	761	1873	-1	2
k141_56866	2154	2255	1	3
k141_59755	1	828	1	1
k141_59755	825	1646	-1	2
k141_62252	3	473	1	1
k141_62252	553	723	1	2
k141_62252	764	1429	-1	3
k141_62252	1477	2472	1	4
k141_62267	1	393	1	1
k141_62267	394	1773	-1	2
k141_62267	1778	2134	-1	3
k141_62267	2134	3369	-1	4
k141_62267	3397	4749	-1	5
k141_62267	4746	5537	-1	6
k141_62267	5565	5891	1	7
k141_62593	3	692	-1	1
k141_62593	689	1546	-1	2
k141_62593	1543	2391	-1	3
k141_62593	2454	3638	-1	4
k141_62593	3684	4535	1	5
k141_62593	4535	5323	1	6
k141_62593	5380	6039	-1	7
k141_62593	6199	6879	1	8
k141_62593	6881	7456	1	9
k141_63386	1	699	1	1
k141_63386	696	1457	1	2
k141_63386	1543	2094	1	3
k141_63386	2096	3079	1	4
k141_63386	3103	3402	1	5
k141_63386	3475	3813	1	6
k141_63464	1	66	-1	1
k141_63464	147	665	1	2
k141_63464	666	1481	-1	3
k141_63464	1562	2431	1	4
k141_63464	2432	3076	-1	5
k141_63464	3104	3949	-1	6
k141_63871	3	62	-1	1
k141_63871	96	527	1	2
k141_63871	611	1279	-1	3
k141_63871	1272	1964	-1	4
k141_68411	2	928	-1	1
k141_68411	933	2198	-1	2
k141_68411	2240	2332	-1	3
k141_69253	2	112	-1	1
k141_69253	160	801	1	2
k141_69253	813	2996	1	3
k141_69303	222	1319	-1	1
k141_69303	1361	3175	1	2
k141_69736	1	1725	1	1
k141_71185	2	367	1	1
k141_71185	367	882	1	2
k141_71185	883	2292	1	3
k141_71185	2305	3591	1	4
k141_71748	1	729	1	1
k141_71748	746	1456	-1	2
k141_71748	1647	2357	1	3
k141_73440	1	939	-1	1
k141_73440	936	1592	-1	2
k141_73440	1658	2125	1	3
k141_73726	2	247	-1	1
k141_73726	247	918	-1	2
k141_73726	930	1886	-1	3
k141_73726	1883	2425	-1	4
k141_75728	58	1197	1	1
k141_75728	1251	1961	1	2
k141_76300	3	449	1	1
k141_76300	585	1997	1	2
k141_76300	2009	3058	1	3
k141_78678	2	175	-1	1
k141_78678	393	1343	1	2
k141_78678	1360	2067	1	3
k141_78678	2064	2615	1	4
k141_80122	3	389	1	1
k141_80122	389	727	1	2
k141_80122	784	2913	1	3
k141_80122	2923	3645	1	4
k141_80122	3629	3976	-1	5
k141_80122	4008	4544	1	6
k141_80122	4570	5934	-1	7
k141_80122	5937	6284	-1	8
k141_80122	6366	7322	1	9
k141_80122	7334	7690	1	10
k141_82852	2	934	-1	1
k141_82852	977	2194	1	2
k141_82852	2238	2696	-1	3
k141_82852	2715	3338	1	4
k141_82852	3348	4571	1	5
k141_82852	4658	5071	-1	6
k141_83803	3	839	-1	1
k141_83803	880	2388	-1	2
k141_83803	2385	3557	-1	3
k141_83803	3557	5215	-1	4
k141_83803	5341	6216	1	5
k141_83803	6314	6823	1	6
k141_83803	6937	7044	1	7
k141_84628	1	396	-1	1
k141_84628	525	1793	1	2
k141_84628	1807	2835	-1	3
k141_84628	2940	4202	1	4
k141_86911	2	97	1	1
k141_86911	94	1209	1	2
k141_86911	1211	2470	1	3
k141_86911	2505	2639	1	4
k141_86911	2642	3502	1	5
k141_86999	2	2614	-1	1
k141_87673	1	312	1	1
k141_87673	302	721	1	2
k141_87673	744	1013	1	3
k141_87673	1010	1798	1	4
k141_87673	1840	2073	1	5
k141_87673	2087	2638	1	6
k141_87673	2638	3330	1	7
k141_87726	3	284	1	1
k141_87726	287	859	1	2
k141_87726	856	1152	-1	3
k141_87726	1166	1825	-1	4
k141_89218	1	867	-1	1
k141_89218	872	2374	-1	2
k141_89951	2	409	1	1
k141_89951	406	1284	1	2
k141_89951	1318	3024	1	3
k141_92615	2	346	-1	1
k141_92615	390	2195	1	2
k141_94621	85	873	1	1
k141_94621	933	1676	1	2
k141_94621	1873	2670	-1	3
k141_97309	1	1476	1	1
k141_97309	1476	1646	1	2
k141_97421	3	344	-1	1
k141_97421	357	719	-1	2
k141_97421	733	930	-1	3
k141_97421	943	1455	-1	4
k141_97421	1796	2146	1	5
k141_97421	2139	2555	-1	6
k141_97421	2552	3205	-1	7
k141_98114	1	1311	-1	1
k141_98114	1321	1797	-1	2
k141_98114	1794	2477	-1	3
k141_98114	2487	2969	-1	4
k141_98114	3144	3827	-1	5
k141_98114	3824	4888	-1	6
k141_98114	4953	6005	1	7
k141_98797	2	856	-1	1
k141_98797	853	1695	-1	2
k141_98797	1716	2792	-1	3
k141_98797	2821	3621	1	4
k141_98797	3732	4013	1	5
k141_98797	4010	4741	-1	6
k141_99044	1	255	1	1
k141_99044	252	803	-1	2
k141_99044	800	1606	-1	3
k141_99044	1606	3129	-1	4
k141_99044	3126	3557	-1	5
k141_100302	1	198	-1	1
k141_100302	188	964	-1	2
k141_100302	957	1979	-1	3
k141_100302	1979	2584	-1	4
k141_101319	69	2528	-1	1
k141_101319	2699	3340	-1	2
k141_102247	1	549	1	1
k141_102247	550	1551	1	2
k141_102247	1548	2309	1	3
k141_102247	2347	3237	1	4
k141_102247	3247	4464	1	5
k141_102247	4461	6158	-1	6
k141_102247	6287	6655	1	7
k141_102247	6749	7825	1	8
k141_106781	1	243	1	1
k141_106781	332	2788	1	2
k141_107835	2	2140	-1	1
k141_107835	2312	2785	1	2
k141_107835	2852	3313	1	3
k141_107835	3478	3783	-1	4
k141_107835	3944	4141	1	5
k141_108176	1	708	1	1
k141_108176	705	1061	1	2
k141_108176	1058	1486	1	3
k141_108176	1473	2474	1	4
k141_109644	2	550	-1	1
k141_109644	593	1786	-1	2
k141_109644	1788	2396	-1	3
k141_111201	1	690	-1	1
k141_111201	1009	2751	1	2
k141_111201	2754	3260	1	3
k141_111201	3341	4369	1	4
k141_111201	4417	4521	-1	5
k141_113007	2	556	1	1
k141_113007	553	1398	1	2
k141_113007	1576	2214	1	3
k141_113007	2258	4093	1	4
k141_113007	4090	4620	-1	5
k141_113007	4620	5372	-1	6
k141_113917	2	880	1	1
k141_113917	877	1881	1	2
k141_113917	1927	2088	-1	3
k141_115645	3	200	1	1
k141_115645	200	1168	1	2
k141_115645	1158	2462	-1	3
k141_115645	2485	3678	-1	4
k141_115920	2	253	1	1
k141_115920	409	2070	1	2
k141_115920	2195	2971	1	3
k141_115920	3042	3662	-1	4
k141_116060	3	644	1	1
k141_116060	660	1703	1	2
k141_116060	1700	1870	-1	3
k141_116743	3	293	-1	1
k141_116743	698	1279	-1	2
k141_116743	1280	1759	-1	3
k141_116743	1781	2443	-1	4
k141_117017	2	115	1	1
k141_117017	112	1032	-1	2
k141_117017	1142	1957	1	3
k141_117017	1957	2610	1	4
k141_117017	2607	3167	1	5
k141_117017	3164	3604	1	6
k141_117204	62	1099	-1	1
k141_117204	1264	2703	1	2
k141_117204	2696	3202	1	3
k141_117353	1	942	1	1
k141_117353	939	1751	1	2
k141_118988	3	68	-1	1
k141_118988	127	786	1	2
k141_118988	974	2998	1	3
k141_118988	2988	3704	1	4
k141_120751	1	837	-1	1
k141_120751	873	2186	-1	2
k141_120964	1	348	1	1
k141_120964	351	704	1	2
k141_120964	704	1264	1	3
k141_120964	1266	1451	1	4
k141_120964	1509	1907	1	5
k141_120964	1920	2279	1	6
k141_122089	2	517	1	1
k141_122089	514	810	1	2
k141_122089	992	1201	-1	3
k141_122089	1279	2709	1	4
k141_122089	2713	2970	-1	5
k141_122089	3189	3824	-1	6
k141_122611	3	1046	1	1
k141_122611	1069	2244	1	2
k141_124450	1	492	1	1
k141_124450	489	1277	1	2
k141_124450	1274	2143	1	3
k141_124450	2155	2319	1	4
k141_124450	2342	2668	1	5
k141_124450	2665	2877	1	6
k141_125929	3	899	1	1
k141_125929	887	1996	1	2
k141_127191	2	1303	1	1
k141_127191	1318	2544	1	2
k141_127191	2541	2834	1	3
k141_127191	2854	3150	1	4
k141_127191	3152	4030	1	5
k141_127191	4103	4336	1	6
k141_128062	2	739	-1	1
k141_128062	739	2640	-1	2
k141_128062	2643	5483	-1	3
k141_128062	5483	6421	-1	4
k141_128062	6421	6519	-1	5
k141_128643	3	2666	-1	1
k141_128643	2663	3292	-1	2
k141_134535	2	724	-1	1
k141_134535	721	1335	-1	2
k141_134535	1345	1602	-1	3
k141_135512	2	1123	-1	1
k141_135512	1239	1961	1	2
k141_135512	2066	3220	-1	3
k141_135512	3239	4837	-1	4
k141_135512	4994	5893	1	5
k141_135512	5954	7216	1	6
k141_135512	7300	7698	1	7
k141_136105	1	249	-1	1
k141_136105	344	1408	1	2
k141_136105	1408	2040	1	3
k141_136105	2050	2454	1	4
k141_136105	2451	2816	1	5
k141_136105	2803	3408	-1	6
k141_136105	3467	4690	1	7
k141_136105	4687	5289	1	8
k141_136105	5357	6157	1	9
k141_136105	6384	7676	-1	10
k141_138815	2	649	-1	1
k141_138815	716	991	1	2
k141_138815	988	2031	-1	3
k141_138815	2024	2458	-1	4
k141_138815	2455	2880	-1	5
k141_140730	1	456	1	1
k141_140730	449	1348	1	2
k141_140730	1379	1549	1	3
k141_140730	1553	2347	1	4
k141_140730	2344	2604	1	5
k141_141855	2	217	-1	1
k141_141855	214	1860	-1	2
k141_141855	1936	2235	-1	3
k141_142211	2	367	1	1
k141_142211	384	1613	1	2
k141_142211	1621	3237	1	3
k141_142211	3238	4092	-1	4
k141_142211	4089	4556	-1	5
k141_142357	3	773	-1	1
k141_142357	782	1936	-1	2
k141_142357	1933	2955	-1	3
k141_142357	2992	3540	-1	4
k141_142895	2	1156	-1	1
k141_142895	1206	1871	1	2
k141_143059	3	866	-1	1
k141_143059	923	1744	-1	2
k141_143059	1744	2322	-1	3
k141_143059	2410	2715	-1	4
k141_144274	3	680	-1	1
k141_144274	680	1531	-1	2
k141_144274	1531	2229	-1	3
k141_145208	52	1092	1	1
k141_145208	1108	1899	1	2
k141_146053	2	235	-1	1
k141_146053	383	1105	-1	2
k141_146053	1099	1797	-1	3
k141_146053	1856	2308	1	4
k141_146053	2368	2592	1	5
k141_148701	2	2323	1	1
k141_148701	2301	2597	1	2
k141_149105	3	1079	-1	1
k141_149105	1356	1784	-1	2
k141_150969	1	90	1	1
k141_150969	87	557	1	2
k141_150969	558	857	-1	3
k141_150969	859	1350	-1	4
k141_150969	1377	2066	-1	5
k141_150969	2057	2770	-1	6
k141_150969	2770	3243	-1	7
k141_151937	3	857	1	1
k141_151937	820	1425	1	2
k141_152740	2	793	-1	1
k141_152740	793	2295	-1	2
k141_152740	2292	2735	-1	3
k141_152740	2796	4463	-1	4
k141_152740	4491	5441	-1	5
k141_152740	5438	6196	-1	6
k141_152740	6199	8718	-1	7
k141_152740	8737	9405	-1	8
k141_152740	9470	9649	-1	9
k141_153348	108	1052	1	1
k141_153348	1091	2512	1	2
k141_153348	2591	3142	1	3
k141_153348	3139	3585	1	4
k141_154397	3	518	1	1
k141_154397	515	913	-1	2
k141_154397	979	1365	1	3
k141_154397	1382	1636	-1	4
k141_154784	1	597	1	1
k141_154784	571	1497	-1	2
k141_154784	1497	2075	-1	3
k141_154784	2119	2865	-1	4
k141_154784	3015	3482	1	5
k141_154784	3581	4513	1	6
k141_154784	4513	5229	1	7
k141_154784	5226	6392	-1	8
k141_154784	6406	7707	-1	9
k141_155511	1	1770	1	1
k141_156182	1	1245	1	1
k141_156182	1248	2573	1	2
k141_156182	2621	2863	1	3
k141_157370	1	879	-1	1
k141_157370	916	1191	1	2
k141_157370	1068	2270	-1	3
k141_157370	2708	3925	-1	4
k141_157370	3996	5156	1	5
k141_157370	5153	6103	1	6
k141_157370	6087	6278	1	7
k141_158054	1	1074	1	1
k141_158054	1068	1394	-1	2
k141_158054	1477	1851	-1	3
k141_159334	9	311	-1	1
k141_159334	311	1018	-1	2
k141_159334	1008	1199	-1	3
k141_159334	1217	1684	1	4
k141_159334	1710	2183	1	5
k141_159334	2177	2416	-1	6
k141_159963	1	447	1	1
k141_159963	447	893	1	2
k141_159963	890	1204	1	3
k141_159963	1308	2402	1	4
k141_159963	2540	2821	1	5
k141_160235	2	220	1	1
k141_160235	220	1791	1	2
k141_161279	1	153	-1	1
k141_161279	183	1202	1	2
k141_161279	1339	2697	1	3
k141_161279	2698	3408	-1	4
k141_161279	3405	3944	-1	5
k141_163341	2	295	1	1
k141_163341	325	777	1	2
k141_163341	851	2197	1	3
k141_163341	2207	4048	1	4
k141_163341	4049	4180	-1	5
k141_166543	3	626	-1	1
k141_166543	645	2288	-1	2
k141_167448	2	274	-1	1
k141_167448	277	1317	-1	2
k141_167448	1404	2666	-1	3
k141_167448	2808	3383	-1	4
k141_167448	3559	4437	-1	5
k141_167448	4457	4585	-1	6
k141_168568	2	1456	1	1
k141_168568	1535	3085	1	2
k141_168568	3086	3517	-1	3
k141_168568	3514	5013	-1	4
k141_168568	5060	6151	-1	5
k141_168568	6162	6947	-1	6
k141_168568	6935	7186	-1	7
k141_169154	2	343	-1	1
k141_169154	343	1425	-1	2
k141_169154	1422	2072	-1	3
k141_170736	2	91	1	1
k141_170736	95	1042	-1	2
k141_170736	1111	2835	1	3
k141_170736	2836	3813	-1	4
k141_170736	4022	4984	1	5
k141_170736	5055	6560	1	6
k141_170736	6581	7588	1	7
k141_170736	7609	8595	1	8
k141_172198	1	540	1	1
k141_172198	544	1449	1	2
k141_172198	1464	2126	1	3
k141_172928	3	491	1	1
k141_172928	488	1459	1	2
k141_172928	1469	1834	1	3
k141_173294	2	1378	1	1
k141_173294	1365	1544	1	2
k141_175134	3	530	1	1
k141_175134	587	1015	1	2
k141_175134	1107	1817	1	3
k141_175134	2055	2723	1	4
k141_175134	2804	3199	1	5
k141_175134	3569	5575	1	6
k141_175777	42	2429	1	1
k141_175777	2426	2992	1	2
k141_176628	1	804	1	1
k141_176628	804	1697	1	2
k141_176628	1694	2698	1	3
k141_176628	2749	2985	1	4
k141_176628	2982	3680	1	5
k141_176628	3677	5980	1	6
k141_176628	5980	6270	1	7
k141_176628	6340	7353	1	8
k141_176628	7389	8588	1	9
k141_176628	8555	9499	1	10
k141_176628	9496	10314	1	11
k141_176628	10346	10507	1	12
k141_179142	3	92	-1	1
k141_179142	183	740	-1	2
k141_179142	761	2059	-1	3
k141_179142	2121	2561	-1	4
k141_179142	2562	2747	-1	5
k141_179142	2932	3042	1	6
k141_179994	3	332	-1	1
k141_179994	435	1814	-1	2
k141_179994	1811	2551	-1	3
k141_184239	1	1932	-1	1
k141_185391	76	453	1	1
k141_185391	440	925	1	2
k141_185391	935	1351	1	3
k141_185391	1348	2334	1	4
k141_185391	2331	2570	-1	5
k141_185391	2570	3466	-1	6
k141_185391	3463	3741	-1	7
k141_188473	2	2419	-1	1
k141_188473	2545	2934	-1	2
k141_188473	3257	3613	-1	3
k141_188473	3820	4485	1	4
k141_188473	4568	5068	1	5
k141_189208	2	3391	1	1
k141_189208	3388	4062	-1	2
k141_189208	4093	5175	1	3
k141_189208	5338	5583	1	4
k141_189208	5629	6477	1	5
k141_189289	221	1459	-1	1
k141_189289	1497	2126	1	2
k141_189289	2123	2980	-1	3
k141_189289	2980	3906	-1	4
k141_189289	3947	5509	-1	5
k141_189289	5506	5835	-1	6
k141_189289	5840	5977	1	7
k141_191622	2	1639	1	1
k141_191622	1790	2209	-1	2
k141_191622	2277	2393	-1	3
k141_191622	2788	4134	1	4
k141_191622	4251	5120	1	5
k141_191622	5120	5941	1	6
k141_191622	5978	7597	1	7
k141_191622	7594	8898	1	8
k141_191639	2	781	1	1
k141_191639	774	2258	1	2
k141_191639	2294	3787	1	3
k141_191639	3808	5472	-1	4
k141_191639	5472	6092	-1	5
k141_192499	2	1177	-1	1
k141_192499	1188	2075	-1	2
k141_192499	2089	2982	1	3
k141_192499	2986	3240	1	4
k141_194526	2	679	-1	1
k141_194526	689	1693	-1	2
k141_194526	1693	2130	-1	3
k141_194526	2127	2654	-1	4
k141_194526	2654	2764	-1	5
k141_194526	2785	3204	-1	6
k141_194526	3282	3689	-1	7
k141_194526	3691	4500	-1	8
k141_194526	4500	6257	-1	9
k141_194526	6244	6882	-1	10
k141_194526	6935	7867	1	11
k141_194526	7883	8185	1	12
k141_196174	1	723	1	1
k141_196174	753	1508	1	2
k141_196629	2	1021	-1	1
k141_196629	1398	1559	-1	2
k141_196904	1	336	1	1
k141_196904	361	714	-1	2
k141_196904	1020	2030	1	3
k141_196904	2030	3151	1	4
k141_196904	3148	3897	1	5
k141_196904	3916	4248	1	6
k141_196904	4323	5909	1	7
k141_197100	3	812	1	1
k141_197100	914	2002	-1	2
k141_201164	2	625	-1	1
k141_201164	622	2022	-1	2
k141_202007	3	89	-1	1
k141_202007	155	730	-1	2
k141_202007	776	1534	-1	3
k141_206267	1	1059	-1	1
k141_206267	1062	1358	-1	2
k141_206267	1369	3462	-1	3
k141_206267	3464	3580	-1	4
k141_206931	2	406	-1	1
k141_206931	455	1531	1	2
k141_206931	1533	2459	1	3
k141_207874	1	672	1	1
k141_207874	665	1729	1	2
k141_208761	2	781	1	1
k141_208761	771	1688	-1	2
k141_208761	1756	2466	1	3
k141_208761	2566	2760	1	4
k141_210196	2	322	1	1
k141_210196	303	1163	-1	2
k141_210196	1160	1777	-1	3
k141_210196	1762	2517	-1	4
k141_210196	2508	3344	-1	5
k141_210196	3359	4255	-1	6
k141_210451	1	153	-1	1
k141_210451	185	1444	-1	2
k141_210451	1488	2138	-1	3
k141_210451	2135	2485	-1	4
k141_211350	2	493	1	1
k141_211350	588	1169	1	2
k141_211350	1171	1815	1	3
k141_211350	1883	3130	1	4
k141_211350	3173	3346	-1	5
k141_211667	1	942	-1	1
k141_211667	1078	2052	1	2
k141_211667	2056	3903	-1	3
k141_211667	3958	5130	-1	4
k141_211667	5210	6211	1	5
k141_211667	6221	8629	1	6
k141_211667	8626	9987	-1	7
k141_211667	10207	11532	1	8
k141_211667	11529	11843	1	9
k141_211668	1	1302	1	1
k141_211668	1312	2052	1	2
k141_211668	2049	2489	1	3
k141_211668	2486	2794	-1	4
k141_211668	2794	3498	-1	5
k141_211668	3508	3750	-1	6
k141_212020	1	687	-1	1
k141_212020	808	1458	-1	2
k141_212020	1455	2867	-1	3
k141_212020	2864	3928	-1	4
k141_212020	3925	5055	-1	5
k141_212020	5057	5248	-1	6
k141_212616	1	81	1	1
k141_212616	140	481	1	2
k141_212616	478	1410	-1	3
k141_212616	1422	2588	1	4
k141_212616	2585	3532	-1	5
k141_212616	3532	3939	-1	6
k141_216712	1	144	-1	1
k141_216712	349	1068	1	2
k141_216712	1087	1788	1	3
k141_217277	1	414	1	1
k141_217277	375	908	1	2
k141_217277	912	1091	-1	3
k141_217277	1144	1542	1	4
k141_217277	1668	2051	-1	5
k141_217277	2090	2308	1	6
k141_218020	3	3416	1	1
k141_218020	3413	3886	-1	2
k141_218020	3940	4296	1	3
k141_218302	3	701	-1	1
k141_218302	698	2131	-1	2
k141_218302	2131	2745	-1	3
k141_218849	25	1398	-1	1
k141_218849	1641	1775	1	2
k141_218849	1714	2412	1	3
k141_218849	2415	3317	1	4
k141_218849	3363	3833	1	5
k141_218849	3830	4429	1	6
k141_218849	4440	5249	1	7
k141_218849	5246	6151	1	8
k141_218849	6151	7026	1	9
k141_218849	7036	8139	1	10
k141_220972	2	403	1	1
k141_220972	460	1749	-1	2
k141_220972	1873	2301	-1	3
k141_223420	3	452	-1	1
k141_223420	511	954	1	2
k141_223420	965	1759	1	3
k141_223420	1759	2547	1	4
k141_225360	1	1008	1	1
k141_225360	1005	1616	1	2
k141_225360	1616	2464	1	3
k141_225360	2461	2820	1	4
k141_225360	2824	3312	1	5
k141_225360	3312	3827	1	6
k141_225360	3816	4598	-1	7
k141_225849	3	374	-1	1
k141_225849	379	1125	-1	2
k141_225849	1129	1365	-1	3
k141_225849	1636	1839	-1	4
k141_229091	1	1179	1	1
k141_229091	1293	1568	1	2
k141_230843	1	1131	-1	1
k141_230843	1255	1536	1	2
k141_230843	1547	2005	1	3
k141_230843	2334	2501	-1	4
k141_230843	2647	3099	1	5
k141_230843	3142	3348	-1	6
k141_232818	2	307	-1	1
k141_232818	304	1041	-1	2
k141_232818	1041	1679	-1	3
k141_232818	1679	1981	-1	4
k141_232818	1995	2657	-1	5
k141_232818	2694	3026	1	6
k141_232818	3023	3151	-1	7
k141_233273	2	2044	1	1
k141_235934	2	226	-1	1
k141_235934	223	1362	-1	2
k141_235934	1364	1780	-1	3
k141_236602	1	813	-1	1
k141_236602	818	1567	-1	2
k141_236602	1671	2231	-1	3
k141_237850	2	322	1	1
k141_237850	319	753	1	2
k141_237850	755	1045	1	3
k141_237850	1035	1652	1	4
k141_237850	1626	2084	-1	5
k141_237850	2127	2285	-1	6
k141_237850	2294	2950	-1	7
k141_237850	3006	3401	1	8
k141_238652	1	714	-1	1
k141_238652	726	2237	-1	2
k141_238652	2390	3982	-1	3
k141_240055	1	1569	1	1
k141_240055	1569	3239	1	2
k141_240055	3277	3504	1	3
k141_242606	3	722	1	1
k141_242606	719	1486	1	2
k141_242606	1538	1969	1	3
k141_243392	7	237	-1	1
k141_243392	286	996	-1	2
k141_243392	1028	2332	1	3
k141_243392	2329	3063	1	4
k141_243864	12	3080	-1	1
k141_243864	3085	4323	-1	2
k141_246039	1	237	-1	1
k141_246039	287	2158	-1	2
k141_246039	2168	2632	-1	3
k141_246039	2945	3385	-1	4
k141_247769	3	686	1	1
k141_247769	661	2601	-1	2
k141_247769	2636	2977	-1	3
k141_248814	2	511	-1	1
k141_248814	515	1180	-1	2
k141_248814	1212	2081	1	3
k141_248814	2068	2265	-1	4
k141_248814	2262	2837	-1	5
k141_250177	3	1463	1	1
k141_250177	1460	1861	1	2
k141_250591	3	1181	-1	1
k141_250591	1181	2173	-1	2
k141_250591	2170	3351	-1	3
k141_250591	3344	3814	-1	4
k141_251378	36	296	-1	1
k141_251378	554	2419	1	2
k141_251378	2430	3638	1	3
k141_254235	1	372	1	1
k141_254235	375	893	1	2
k141_254235	890	1291	1	3
k141_254235	1296	2462	-1	4
k141_254235	2470	3861	-1	5
k141_254235	3902	4918	1	6
k141_254235	4942	5220	-1	7
k141_254235	5239	5640	1	8
k141_254640	2	595	-1	1
k141_254640	679	849	1	2
k141_254640	894	2900	1	3
k141_254942	3	1319	1	1
k141_254942	1388	1717	-1	2
k141_255016	51	638	1	1
k141_255016	635	2935	1	2
k141_255016	2911	3150	1	3
k141_255111	3	878	1	1
k141_255111	878	1660	1	2
k141_255111	1660	2373	1	3
k141_255111	2373	3095	1	4
k141_255111	3092	3478	-1	5
k141_255111	3514	6111	1	6
k141_255111	6263	6634	1	7
k141_255370	2	1237	-1	1
k141_255370	1533	1793	1	2
k141_255370	2016	4229	1	3
k141_258915	2	262	1	1
k141_258915	373	648	1	2
k141_258915	645	959	1	3
k141_258915	949	1062	1	4
k141_258915	1133	1369	1	5
k141_258915	1366	1602	1	6
k141_258915	1677	1889	1	7
k141_258915	1893	2486	1	8
k141_258915	2486	2551	1	9
k141_260028	3	185	1	1
k141_260028	243	1169	-1	2
k141_260028	1191	1676	-1	3
k141_261658	3	608	-1	1
k141_261658	601	1101	-1	2
k141_261658	1110	2285	-1	3
k141_261658	2307	3098	-1	4
k141_261658	3095	3214	-1	5
k141_262276	1	174	1	1
k141_262276	188	1471	1	2
k141_262276	1476	2483	1	3
k141_262276	2470	2973	-1	4
k141_262590	3	695	-1	1
k141_262590	695	1228	-1	2
k141_262590	1225	2733	-1	3
k141_262590	2754	3518	-1	4
k141_262590	3518	4402	-1	5
k141_262590	4399	5337	-1	6
k141_262692	3	1100	-1	1
k141_262692	1097	2521	-1	2
k141_262692	2544	3656	-1	3
k141_266826	3	521	1	1
k141_266826	653	859	-1	2
k141_266826	995	2362	1	3
k141_267445	3	566	1	1
k141_267445	563	1816	-1	2
k141_267445	1945	2565	1	3
k141_267445	2638	3420	1	4
k141_267445	3421	3630	1	5
k141_268234	1	987	1	1
k141_268234	988	1590	-1	2
k141_268234	1600	2367	-1	3
k141_268234	2390	3859	-1	4
k141_268234	3900	4094	1	5
k141_270244	3	446	-1	1
k141_270244	404	634	-1	2
k141_270244	631	1425	-1	3
k141_270244	1631	2452	1	4
k141_274142	1	1077	-1	1
k141_274142	1114	1827	1	2
k141_274142	1831	2871	-1	3
k141_274142	2911	3261	-1	4
k141_274142	3433	4569	1	5
k141_274205	1	231	-1	1
k141_274205	234	1109	-1	2
k141_274205	1109	1798	-1	3
k141_274209	2	250	-1	1
k141_274209	305	1966	1	2
k141_274209	1963	3219	-1	3
k141_274683	3	1325	-1	1
k141_274683	1336	1677	-1	2
k141_275504	3	599	1	1
k141_275504	596	802	-1	2
k141_275504	799	1746	-1	3
k141_275504	1743	3053	-1	4
k141_275504	3115	4197	-1	5
k141_275504	4201	4521	-1	6
k141_275504	4555	5478	-1	7
k141_275504	5524	7143	-1	8
k141_275504	7140	9119	-1	9
k141_275504	9116	9601	-1	10
k141_275504	9613	11019	1	11
k141_275504	11016	12278	-1	12
k141_275504	12333	13412	-1	13
k141_275504	13458	13988	-1	14
k141_275504	14072	14605	1	15
k141_275504	14605	16521	1	16
k141_275504	16511	17608	-1	17
k141_275504	17618	18727	-1	18
k141_275504	18724	19494	-1	19
k141_275504	19608	20042	1	20
k141_283157	2	1123	-1	1
k141_283157	1083	1943	-1	2
k141_283157	1955	2851	-1	3
k141_283157	2851	3219	-1	4
k141_283157	3222	3902	-1	5
k141_283157	3899	4723	-1	6
k141_283157	4793	6232	1	7
k141_283157	6310	7800	1	8
k141_283157	7797	8819	1	9
k141_283157	8819	9025	1	10
k141_284637	1	2148	1	1
k141_284637	2167	2292	-1	2
k141_284913	2	748	-1	1
k141_284913	748	2337	-1	2
k141_284913	2485	2835	-1	3
k141_288339	133	993	-1	1
k141_288339	990	2012	-1	2
k141_290032	2	1249	-1	1
k141_290032	1267	2754	-1	2
k141_290032	2824	3294	1	3
k141_292522	258	1316	1	1
k141_292522	1414	1884	1	2
k141_297933	2	589	-1	1
k141_297933	673	1767	1	2
k141_297933	1767	1985	1	3
k141_301302	3	284	-1	1
k141_301302	537	1022	-1	2
k141_301302	1059	1691	1	3
k141_301302	1752	3182	-1	4
k141_301302	3360	4379	-1	5
k141_301302	4383	4997	-1	6
k141_301302	5161	6594	1	7
k141_301302	6595	7146	-1	8
k141_301649	1	579	1	1
k141_301649	616	1056	1	2
k141_301649	1197	2219	1	3
k141_302335	2	484	1	1
k141_302335	611	1396	1	2
k141_302335	1393	1950	1	3
k141_302335	1950	2297	1	4
k141_303503	3	1277	-1	1
k141_303503	1287	4304	-1	2
k141_303854	1	90	1	1
k141_303854	87	1100	1	2
k141_303854	1124	1363	1	3
k141_303854	1378	1506	1	4
k141_305331	1	555	1	1
k141_305331	645	1562	1	2
k141_305331	1562	2482	1	3
k141_306026	3	1349	1	1
k141_306026	1349	2083	1	2
k141_306750	58	246	1	1
k141_306750	368	1009	-1	2
k141_306750	1006	2409	-1	3
k141_306750	2590	4029	1	4
k141_306750	4100	5302	1	5
k141_306750	5320	6435	1	6
k141_306919	3	2453	-1	1
k141_306919	2465	3796	1	2
k141_306919	3796	4125	1	3
k141_306919	4175	4585	1	4
k141_306919	4660	5694	1	5
k141_306919	5700	6524	1	6
k141_307789	1	348	-1	1
k141_307789	446	1306	1	2
k141_307789	1779	2099	-1	3
k141_308533	3	866	1	1
k141_308533	863	1609	1	2
k141_308533	1691	2200	1	3
k141_308533	2197	2781	1	4
k141_308533	2866	3066	1	5
k141_308533	3063	3452	1	6
k141_308533	3449	3793	1	7
k141_308533	3790	4569	1	8
k141_308533	4718	5350	1	9
k141_308533	5347	5700	1	10
k141_310263	1	1656	1	1
k141_310263	1667	2740	1	2
k141_310263	2785	3162	1	3
k141_312064	3	113	-1	1
k141_312064	226	609	1	2
k141_312064	606	1214	-1	3
k141_312064	1321	2940	-1	4
k141_312064	3179	3391	-1	5
k141_312064	3505	3804	-1	6
k141_312064	3964	5097	1	7
k141_312064	5236	10038	1	8
k141_312064	10073	10978	-1	9
k141_312064	11264	11653	-1	10
k141_312504	128	1414	1	1
k141_312504	1499	1711	1	2
k141_314672	3	1247	-1	1
k141_314672	1310	2401	1	2
k141_314672	2376	3065	-1	3
k141_314672	3052	3174	-1	4
k141_314672	3223	4221	1	5
k141_314672	4222	4770	-1	6
k141_314672	4778	4873	-1	7
k141_315249	3	962	-1	1
k141_315249	1021	1572	-1	2
k141_315249	1594	2559	-1	3
k141_315249	2603	4108	1	4
k141_316436	2	178	1	1
k141_316436	204	638	1	2
k141_316436	712	1830	1	3
k141_316436	1820	2650	-1	4
k141_316436	2830	4020	1	5
k141_316436	4030	4284	1	6
k141_317852	1	348	1	1
k141_317852	363	1085	1	2
k141_317852	1082	1519	1	3
k141_319076	1	735	1	1
k141_319076	735	1625	1	2
k141_321236	3	347	1	1
k141_321236	177	860	-1	2
k141_321236	860	1477	-1	3
k141_321236	1522	1842	1	4
k141_323102	2	256	-1	1
k141_323102	253	1392	-1	2
k141_323102	1385	2260	-1	3
k141_323102	2271	2771	-1	4
k141_323102	2773	5331	1	5
k141_323102	5378	5638	-1	6
k141_323102	5691	7853	-1	7
k141_323102	8070	8618	1	8
k141_323102	8615	8746	1	9
k141_324273	1	327	-1	1
k141_324273	335	1054	-1	2
k141_324273	1051	1491	-1	3
k141_324273	1552	1947	-1	4
k141_324273	1963	2679	-1	5
k141_324273	2682	3014	-1	6
k141_324273	3011	3808	-1	7
k141_324273	3805	4359	-1	8
k141_324273	4524	5165	-1	9
k141_325710	65	205	1	1
k141_325710	303	1745	1	2
k141_327269	1	1671	1	1
k141_327269	1675	2217	-1	2
k141_327269	2522	3193	1	3
k141_327269	3421	3618	-1	4
k141_328405	54	923	-1	1
k141_328405	1254	1625	1	2
k141_330970	103	393	-1	1
k141_330970	532	2007	1	2
k141_331907	2	313	1	1
k141_331907	292	1059	-1	2
k141_331907	1061	1561	-1	3
k141_332200	3	896	-1	1
k141_332200	970	1854	1	2
k141_332200	1851	1991	-1	3
k141_333147	2	352	-1	1
k141_333147	352	1662	-1	2
k141_333269	3	524	-1	1
k141_333269	582	1850	1	2
k141_333269	1851	4325	-1	3
k141_333269	4329	5471	-1	4
k141_333960	1	1446	1	1
k141_333960	1500	1727	1	2
k141_333960	1753	1968	1	3
k141_333960	1972	2583	-1	4
k141_336175	68	712	1	1
k141_336175	709	1350	1	2
k141_336175	1368	2144	1	3
k141_336175	2336	3247	1	4
k141_336370	1	594	-1	1
k141_336370	584	1126	-1	2
k141_336370	1126	1407	-1	3
k141_336370	1455	2690	1	4
k141_336370	2687	2935	-1	5
k141_336370	2932	3960	-1	6
k141_336370	4037	5107	-1	7
k141_336700	1	153	1	1
k141_336700	160	975	1	2
k141_336700	978	1394	1	3
k141_336700	1395	1616	1	4
k141_336700	1613	1897	1	5
k141_336700	1911	2015	1	6
k141_337135	3	368	-1	1
k141_337135	381	1742	-1	2
k141_337135	2013	3458	1	3
k141_339079	3	473	-1	1
k141_339079	470	1045	-1	2
k141_339079	1082	1930	1	3
k141_339079	1927	2088	-1	4
k141_344445	3	1244	1	1
k141_344445	1241	1864	1	2
k141_344631	3	332	1	1
k141_344631	329	1060	1	2
k141_344631	1057	1836	1	3
k141_344631	1784	2182	1	4
k141_344631	2154	3443	1	5
k141_345957	2	688	-1	1
k141_345957	768	1472	1	2
k141_345957	1502	2038	1	3
k141_348240	34	831	1	1
k141_348240	832	1575	-1	2
k141_348240	1631	2119	-1	3
k141_348240	2112	2354	-1	4
k141_348355	1	1527	1	1
k141_348355	1605	2600	1	2
k141_348355	2597	3628	1	3
k141_348355	3625	4605	1	4
k141_348355	4656	4748	1	5
k141_349145	1	1260	-1	1
k141_349145	1373	2191	1	2
k141_349145	2195	2650	-1	3
k141_349483	3	101	-1	1
k141_349483	109	1128	1	2
k141_349483	1177	2766	-1	3
k141_349483	2946	3257	1	4
k141_349483	3257	4111	1	5
k141_349779	3	332	1	1
k141_349779	374	931	1	2
k141_349779	932	1840	1	3
k141_349779	1829	2404	-1	4
k141_351261	105	914	-1	1
k141_351261	951	1982	-1	2
k141_351261	2001	2360	-1	3
k141_351622	3	242	-1	1
k141_351622	254	1456	-1	2
k141_351622	1469	2383	-1	3
k141_351622	2397	3008	-1	4
k141_352026	1	1134	1	1
k141_352026	1152	1631	1	2
k141_352026	1624	2550	1	3
k141_352026	2631	2816	1	4
k141_352696	1	1578	1	1
k141_352696	1611	2081	1	2
k141_352696	2074	2679	1	3
k141_352696	2672	3538	1	4
k141_352696	3538	3684	1	5
k141_353472	3	956	1	1
k141_353472	1030	2673	1	2
k141_353472	2694	2822	1	3
k141_353472	2819	3079	1	4
k141_353472	3066	3779	-1	5
k141_353472	3757	5307	-1	6
k141_353472	5380	6750	1	7
k141_353472	6899	8305	1	8
k141_353472	8366	8863	1	9
k141_353472	8928	10217	-1	10
k141_354126	2	775	-1	1
k141_354126	845	1918	1	2
k141_354126	2058	3584	1	3
k141_354126	3588	3686	1	4
k141_355057	3	962	1	1
k141_355057	959	1759	1	2
k141_355057	1769	2533	1	3
k141_355057	2530	3330	1	4
k141_355057	3402	7934	1	5
k141_355057	7927	8403	1	6
k141_355299	3	569	-1	1
k141_355299	590	2038	-1	2
k141_355299	2010	2606	-1	3
k141_355299	2579	2707	-1	4
k141_356855	3	155	-1	1
k141_356855	152	1645	-1	2
k141_356855	1713	2519	-1	3
k141_359332	3	218	-1	1
k141_359332	312	2288	-1	2
k141_360129	3	137	-1	1
k141_360129	220	696	-1	2
k141_360129	696	1268	-1	3
k141_360129	1285	1638	-1	4
k141_360293	1	1605	1	1
k141_360886	3	1064	1	1
k141_360886	1106	2008	1	2
k141_360886	2008	3834	1	3
k141_360886	3831	4661	1	4
k141_360886	4658	5572	-1	5
k141_360886	5666	6556	1	6
k141_360886	6822	7391	1	7
k141_360886	7555	8073	1	8
k141_360886	8086	8739	1	9
k141_360886	8744	8815	1	10
k141_361704	3	1787	-1	1
k141_362065	39	1379	1	1
k141_362065	1389	1931	1	2
k141_362065	1928	2848	1	3
k141_362065	2838	3305	1	4
k141_364595	211	1878	1	1
k141_364595	1871	2524	1	2
k141_364595	2663	3841	1	3
k141_364595	3926	5458	1	4
k141_364595	5459	6709	1	5
k141_364595	6840	7772	1	6
k141_365210	1	450	-1	1
k141_365210	520	891	1	2
k141_365210	877	1161	-1	3
k141_365210	1267	1785	-1	4
k141_365225	2	145	-1	1
k141_365225	422	1081	1	2
k141_365225	1071	1928	1	3
k141_365446	1	696	1	1
k141_365446	834	1505	1	2
k141_365446	1507	2415	1	3
k141_365446	2417	2980	1	4
k141_365722	3	899	-1	1
k141_365722	896	1900	-1	2
k141_365722	2035	3021	-1	3
k141_365722	3026	3472	-1	4
k141_366934	2	304	-1	1
k141_366934	305	1795	-1	2
k141_366934	1976	2413	1	3
k141_366934	2356	2445	1	4
k141_367200	2	163	-1	1
k141_367200	203	577	1	2
k141_367200	574	2025	1	3
k141_367200	2022	3149	1	4
k141_367200	3149	3604	1	5
k141_367200	3585	4097	1	6
k141_368056	2	3247	1	1
k141_368056	3251	3433	-1	2
k141_368056	3448	4473	1	3
k141_368056	4454	4573	-1	4
k141_368149	2	1201	1	1
k141_368149	1198	2577	1	2
k141_368149	2574	3104	-1	3
k141_368149	3173	3814	-1	4
k141_369744	1	306	-1	1
k141_369744	317	616	-1	2
k141_369744	613	1284	-1	3
k141_369744	1286	1867	-1	4
k141_371519	3	581	1	1
k141_371519	562	2238	1	2
k141_374050	2	808	1	1
k141_374050	808	1671	1	2
k141_374050	1668	1808	1	3
k141_374585	3	1070	1	1
k141_374585	1081	1995	-1	2
k141_374585	1988	2578	-1	3
k141_375861	24	1148	-1	1
k141_375861	1145	1633	-1	2
k141_375861	1633	2616	-1	3
k141_376762	36	194	-1	1
k141_376762	314	790	-1	2
k141_376762	876	1607	-1	3
k141_376962	1	357	1	1
k141_376962	357	641	1	2
k141_376962	641	880	1	3
k141_376962	918	1802	-1	4
k141_376962	1802	2965	-1	5
k141_376962	3006	3938	1	6
k141_376962	3938	4303	1	7
k141_379342	1	708	-1	1
k141_379342	705	1235	-1	2
k141_379342	1232	2167	-1	3
k141_379342	2286	2708	-1	4
k141_379342	2955	4043	-1	5
k141_379342	4040	4396	-1	6
k141_379342	4396	5682	-1	7
k141_379342	5679	6062	-1	8
k141_379342	6077	6499	-1	9
k141_381940	178	1401	1	1
k141_381940	1406	2155	-1	2
k141_381940	2224	2964	1	3
k141_381940	2965	3906	-1	4
k141_381940	3987	5777	1	5
k141_381940	5774	6808	-1	6
k141_381940	6829	7029	-1	7
k141_381940	7072	7332	-1	8
k141_381940	7365	7559	1	9
k141_382904	1	996	1	1
k141_382904	993	2888	1	2
k141_382904	2888	3826	1	3
k141_382904	3823	4656	-1	4
k141_382964	1	795	1	1
k141_382964	797	1354	1	2
k141_382964	1354	2124	1	3
k141_382964	2121	2420	1	4
k141_382964	2429	4033	1	5
k141_385218	3	1073	-1	1
k141_385218	1108	1434	-1	2
k141_388493	2	916	1	1
k141_388493	963	1553	1	2
k141_388493	1603	1710	-1	3
k141_390022	1	228	1	1
k141_390022	231	1205	1	2
k141_390022	1202	1669	1	3
k141_390022	1722	1871	1	4
k141_390022	1896	2681	1	5
k141_390328	1	393	-1	1
k141_390328	503	1342	1	2
k141_390328	1339	1746	1	3
k141_390328	1724	2278	-1	4
k141_390631	2	691	-1	1
k141_390631	713	1675	-1	2
k141_390631	1753	2112	1	3
k141_390631	2116	2490	-1	4
k141_391848	2	400	1	1
k141_391848	508	1152	1	2
k141_391848	1149	2402	-1	3
k141_391848	2470	3360	1	4
k141_391848	3361	3537	1	5
k141_392414	3	1130	-1	1
k141_392414	1133	1573	-1	2
k141_393187	2	151	-1	1
k141_393187	273	641	1	2
k141_393187	638	1648	1	3
k141_393187	1651	2013	1	4
k141_393187	2018	2746	-1	5
k141_393395	2	730	1	1
k141_393395	831	2327	1	2
k141_393395	3019	3504	-1	3
k141_393506	2	1546	1	1
k141_393506	1543	2997	1	2
k141_393506	3030	3902	1	3
k141_393506	3908	4570	1	4
k141_393506	4575	4715	1	5
k141_394826	3	602	1	1
k141_394826	1008	1166	-1	2
k141_394826	1367	2413	1	3
k141_394826	2410	4464	-1	4
k141_394826	4506	4631	1	5
k141_394979	1	1890	1	1
k141_395470	3	74	-1	1
k141_395470	22	519	-1	2
k141_395470	578	1618	-1	3
k141_395470	1720	2382	-1	4
k141_397356	2	217	-1	1
k141_397356	214	864	-1	2
k141_397356	878	1927	-1	3
k141_397356	1927	2349	-1	4
k141_397356	2502	2774	-1	5
k141_404124	2	769	1	1
k141_404124	779	1183	-1	2
k141_404124	1260	1661	-1	3
k141_404124	1938	2054	1	4
k141_407267	2	70	-1	1
k141_407267	177	1610	1	2
k141_413603	1	972	1	1
k141_413603	959	1696	-1	2
k141_413603	1752	2180	1	3
k141_415136	3	68	1	1
k141_415136	134	1417	1	2
k141_415136	1459	2565	-1	3
k141_415136	2630	3547	1	4
k141_415136	3547	4140	1	5
k141_415136	4147	4767	-1	6
k141_415136	4909	5292	1	7
k141_416244	2	991	-1	1
k141_416244	988	1392	-1	2
k141_416244	1403	2305	-1	3
k141_416244	2458	3042	1	4
k141_416244	3059	3838	1	5
k141_416244	3835	3954	1	6
k141_418197	1	345	1	1
k141_418197	421	1680	1	2
k141_422908	3	983	-1	1
k141_422908	1051	1959	1	2
k141_422908	1951	2820	-1	3
k141_422908	2837	3505	-1	4
k141_422908	3502	3756	-1	5
k141_423446	1	150	1	1
k141_423446	154	579	-1	2
k141_423446	604	1719	-1	3
k141_423446	1806	2315	1	4
k141_423446	2366	2506	-1	5
k141_423580	69	1082	1	1
k141_423580	1173	2321	-1	2
k141_423580	2314	2700	-1	3
k141_428391	2	343	1	1
k141_428391	333	746	-1	2
k141_428391	784	969	-1	3
k141_428391	966	2042	-1	4
k141_429103	2	211	-1	1
k141_429103	324	1058	1	2
k141_429103	1130	1894	1	3
k141_429103	1895	2269	-1	4
k141_429103	2277	3020	-1	5
k141_429103	3059	3406	-1	6
k141_429103	3472	3879	-1	7
k141_429103	3996	5375	1	8
k141_429103	5407	6315	1	9
k141_429573	3	1466	1	1
k141_429573	1435	1809	1	2
k141_430552	2	271	-1	1
k141_430552	303	902	1	2
k141_430552	934	1488	-1	3
k141_430552	1588	1974	-1	4
k141_430552	1974	2747	-1	5
k141_430552	2874	3419	-1	6
k141_433445	2	1336	-1	1
k141_433445	1496	3535	-1	2
k141_433445	3532	3798	-1	3
k141_433689	2	1966	-1	1
k141_433689	2013	2888	1	2
k141_437981	3	758	-1	1
k141_437981	1078	1734	1	2
k141_437981	1731	2981	-1	3
k141_442452	142	1284	1	1
k141_442452	1281	1496	1	2
k141_442452	1478	3439	-1	3
k141_442452	3436	4935	-1	4
k141_443715	3	278	1	1
k141_443715	275	502	-1	2
k141_443715	504	1706	-1	3
k141_443715	1773	2732	1	4
k141_443715	2729	3595	-1	5
k141_443715	3605	4093	-1	6
k141_444098	2	262	1	1
k141_444098	272	1444	1	2
k141_444098	1471	1872	-1	3
k141_445372	3	500	-1	1
k141_445372	634	1050	-1	2
k141_445372	1229	2032	1	3
k141_446573	2	1030	-1	1
k141_446573	1094	1606	-1	2
k141_446573	1599	2660	-1	3
k141_447451	1	519	-1	1
k141_447451	520	876	-1	2
k141_447451	887	1408	-1	3
k141_447451	1425	2798	-1	4
k141_447451	2795	2971	-1	5
k141_447793	1	606	1	1
k141_447793	607	1419	1	2
k141_447793	1429	2211	1	3
k141_447793	2215	3438	-1	4
k141_447793	3435	3827	-1	5
k141_449428	2	217	1	1
k141_449428	232	2046	1	2
k141_449428	2133	2309	1	3
k141_450798	1	276	-1	1
k141_450798	273	1502	-1	2
k141_450798	1499	2236	-1	3
k141_450798	2230	3486	-1	4
k141_450798	3588	4469	1	5
k141_450798	4472	4972	1	6
k141_450798	4969	5481	-1	7
k141_451051	1	75	1	1
k141_451051	88	1086	-1	2
k141_451051	1083	1808	-1	3
k141_451051	1911	2318	-1	4
k141_451051	2507	3100	-1	5
k141_451051	3104	3937	-1	6
k141_452944	1	297	1	1
k141_452944	294	755	-1	2
k141_452944	907	1779	-1	3
k141_452944	1806	2270	1	4
k141_452944	2273	2764	1	5
k141_452944	2782	3096	-1	6
k141_452944	3137	3271	1	7
k141_453229	3	1928	-1	1
k141_453229	2082	2558	1	2
k141_453712	3	2234	1	1
k141_454874	3	1091	-1	1
k141_454874	1128	1598	-1	2
k141_454874	1605	1973	-1	3
k141_454874	2401	3111	-1	4
k141_454874	3455	4216	-1	5
k141_454874	4307	5695	-1	6
k141_456020	1	240	-1	1
k141_456020	273	1118	1	2
k141_456020	1142	2728	1	3
k141_456020	2725	3600	1	4
k141_456020	3597	4154	1	5
k141_456314	3	203	-1	1
k141_456314	203	1024	-1	2
k141_456314	1140	2102	-1	3
k141_457070	3	461	1	1
k141_457070	461	1195	1	2
k141_457070	1208	1573	1	3
k141_457070	1604	2389	1	4
k141_457070	2422	2874	1	5
k141_460136	2	1249	1	1
k141_460136	1246	1671	1	2
k141_460652	2	118	-1	1
k141_460652	120	872	-1	2
k141_460652	951	1364	-1	3
k141_460652	1547	2488	-1	4
k141_461299	1	885	-1	1
k141_461299	911	1225	-1	2
k141_461299	1228	1668	-1	3
k141_461299	1668	1958	-1	4
k141_463030	2	862	1	1
k141_463030	859	1464	1	2
k141_463030	1474	2226	1	3
k141_463030	2236	2754	1	4
k141_463030	2751	2843	1	5
k141_463218	3	233	1	1
k141_463218	233	1669	1	2
k141_463218	1666	2526	1	3
k141_463218	2536	2814	1	4
k141_463218	2815	3189	1	5
k141_464433	2	217	1	1
k141_464433	220	474	1	2
k141_464433	548	1873	1	3
k141_466411	3	332	-1	1
k141_466411	332	811	-1	2
k141_466411	863	1429	1	3
k141_466411	1597	1830	-1	4
k141_466411	1851	1943	1	5
k141_466969	1	597	-1	1
k141_466969	594	1898	-1	2
k141_466969	2080	2439	1	3
k141_466969	2458	2784	-1	4
k141_466969	2848	3720	1	5
k141_466969	3701	4924	-1	6
k141_466969	4976	5650	1	7
k141_466969	5921	6109	1	8
k141_466969	6106	7281	1	9
k141_466969	7281	8597	1	10
k141_466969	8594	10033	1	11
k141_466969	10094	11746	1	12
k141_466969	11743	12159	-1	13
k141_468523	2	1609	-1	1
k141_468523	1606	1944	-1	2
k141_469990	3	1442	1	1
k141_469990	1435	2538	1	2
k141_469990	2535	2768	-1	3
k141_469990	2919	3119	1	4
k141_469990	3440	4903	1	5
k141_471395	2	529	-1	1
k141_471395	538	1440	-1	2
k141_471395	1443	1874	-1	3
k141_471395	1893	3908	-1	4
k141_475433	3	278	-1	1
k141_475433	260	1189	-1	2
k141_475433	1165	1659	-1	3
k141_475433	1656	2012	-1	4
k141_475433	2106	3386	-1	5
k141_475433	3505	3750	-1	6
k141_475433	3811	4701	1	7
k141_475433	4698	4955	-1	8
k141_475433	5028	5531	1	9
k141_475433	5675	5770	1	10
k141_476068	3	164	1	1
k141_476068	167	1216	-1	2
k141_476068	1213	1794	-1	3
k141_476068	1894	2424	1	4
k141_476068	2421	2945	1	5
k141_476068	2942	3196	-1	6
k141_478769	3	1868	1	1
k141_478769	1916	3616	-1	2
k141_478769	3750	4541	-1	3
k141_480015	3	185	-1	1
k141_480015	242	460	-1	2
k141_480015	579	1292	1	3
k141_480015	1289	2065	1	4
k141_480015	2066	3226	-1	5
k141_480015	3260	4033	1	6
k141_481601	2	943	-1	1
k141_481601	1013	1708	-1	2
k141_484945	3	878	-1	1
k141_484945	916	1503	1	2
k141_484945	1500	2039	-1	3
k141_484945	2087	2980	1	4
k141_484945	2977	3630	1	5
k141_484945	3634	4461	-1	6
k141_487626	2	154	1	1
k141_487626	302	652	1	2
k141_487626	723	1568	1	3
k141_487626	1565	2305	1	4
k141_487626	2321	2794	1	5
k141_487626	2791	3099	1	6
k141_487960	3	473	1	1
k141_487960	464	1171	-1	2
k141_487960	1272	2528	-1	3
k141_487960	2530	2730	-1	4
k141_488158	1	351	-1	1
k141_488158	424	1062	-1	2
k141_488158	1062	1769	-1	3
k141_488158	1766	2365	-1	4
k141_488158	2366	2722	-1	5
k141_488158	2859	3560	-1	6
k141_488158	3563	4006	-1	7
k141_492056	52	858	-1	1
k141_492056	1084	1491	1	2
k141_492056	1485	2405	-1	3
k141_493682	1	906	-1	1
k141_493682	921	2267	1	2
k141_493682	2251	3129	1	3
k141_493682	3122	3865	1	4
k141_493682	3869	4942	1	5
k141_493682	5016	5087	1	6
k141_495160	1	1986	1	1
k141_495160	1992	2510	1	2
k141_495160	2507	3166	1	3
k141_495230	3	578	1	1
k141_495230	575	1693	-1	2
k141_495230	1707	3326	-1	3
k141_495230	3323	4732	-1	4
k141_497012	2	121	-1	1
k141_497012	137	307	-1	2
k141_497012	786	1550	1	3
k141_497012	1639	1842	1	4
k141_497012	1846	2574	1	5
k141_497012	2585	3982	-1	6
k141_497012	4298	8929	1	7
k141_497012	9143	10087	1	8
k141_497591	2	418	1	1
k141_497591	418	1905	1	2
k141_497591	1953	3914	1	3
k141_497591	3985	4383	1	4
k141_497591	4380	5567	-1	5
k141_497591	5564	6181	-1	6
k141_497591	6178	6762	-1	7
k141_499059	3	206	1	1
k141_499059	203	601	-1	2
k141_499059	702	1151	-1	3
k141_499059	1172	1420	-1	4
k141_499059	1498	1983	-1	5
k141_499059	1989	2279	-1	6
k141_499059	2401	3033	-1	7
k141_499059	3018	3656	-1	8
k141_499059	3725	4423	-1	9
k141_499059	4527	5825	1	10
k141_499059	5815	6006	-1	11
