Contig	Start	End	Strand	Pos
k63_37376	32	2341	1	1
k63_37376	2341	2838	1	2
k63_37376	2847	3047	1	3
k63_29073	109	1149	1	1
k63_29073	1146	2171	1	2
k63_29073	2187	2357	1	3
k63_12475	3	605	-1	1
k63_12475	666	1367	-1	2
k63_12475	1478	2140	1	3
k63_12475	2129	2842	-1	4
k63_12475	2891	3517	-1	5
k63_12475	3567	4379	-1	6
k63_12475	4409	5764	-1	7
k63_12475	5935	7158	1	8
k63_49872	1	843	-1	1
k63_49872	845	1489	-1	2
k63_49872	1504	1905	-1	3
k63_33260	1	471	1	1
k63_33260	488	1123	1	2
k63_33260	1415	2260	-1	3
k63_33260	2486	3955	1	4
k63_33260	3965	4660	1	5
k63_33260	4740	5720	-1	6
k63_33260	5917	6672	1	7
k63_33260	6769	7107	1	8
k63_54018	3	542	-1	1
k63_54018	544	1365	-1	2
k63_54018	1545	2573	1	3
k63_54018	2683	3657	1	4
k63_54018	3662	4402	1	5
k63_54018	4468	5427	-1	6
k63_54018	5441	6445	-1	7
k63_54018	6508	7035	-1	8
k63_20841	1	507	-1	1
k63_20841	656	1708	1	2
k63_24991	3	404	-1	1
k63_24991	504	1082	1	2
k63_24991	1104	1502	-1	3
k63_24991	1502	1966	-1	4
k63_24991	2025	3116	-1	5
k63_49912	3	1721	-1	1
k63_49912	1754	3526	-1	2
k63_49912	3551	3760	-1	3
k63_25008	1	450	-1	1
k63_25008	602	1042	1	2
k63_25008	1057	1599	-1	3
k63_25008	1752	1970	1	4
k63_58198	3	1001	1	1
k63_58198	1122	1883	1	2
k63_58198	1897	2439	1	3
k63_58198	2516	3394	1	4
k63_58198	3366	3824	1	5
k63_58198	3940	4857	1	6
k63_58198	4860	5507	1	7
k63_58198	5802	6167	-1	8
k63_16744	1	456	1	1
k63_16744	493	672	-1	2
k63_16744	795	1706	1	3
k63_16744	1712	1852	1	4
k63_58211	52	912	-1	1
k63_58211	1059	3299	1	2
k63_58211	3372	4004	-1	3
k63_29149	3	305	-1	1
k63_29149	305	1117	-1	2
k63_29149	1118	1996	-1	3
k63_29149	2085	2252	-1	4
k63_29149	2270	2506	-1	5
k63_29149	2790	3464	-1	6
k63_29149	3564	4760	1	7
k63_29149	4762	5217	1	8
k63_29149	5248	6162	1	9
k63_29149	6159	6758	1	10
k63_29149	6758	7942	1	11
k63_29149	7939	8295	-1	12
k63_8407	3	1052	1	1
k63_8407	1186	1704	1	2
k63_8407	1750	1959	1	3
k63_12545	3	1001	-1	1
k63_12545	1069	2355	-1	2
k63_12545	2510	2836	-1	3
k63_4256	185	685	1	1
k63_4256	721	1482	-1	2
k63_4256	1578	2054	1	3
k63_54067	3	899	1	1
k63_54067	914	1291	1	2
k63_54067	1353	1622	1	3
k63_25028	1	1347	1	1
k63_25028	1370	1552	1	2
k63_25028	1525	2427	1	3
k63_25028	2424	3059	1	4
k63_25028	3052	3504	1	5
k63_25028	3504	4091	1	6
k63_25028	4104	5279	1	7
k63_29158	2	439	1	1
k63_29158	551	1141	1	2
k63_29158	1163	1756	1	3
k63_29158	1766	2857	1	4
k63_58235	39	323	-1	1
k63_58235	362	610	-1	2
k63_58235	627	842	-1	3
k63_58235	844	1542	-1	4
k63_58235	1539	1922	-1	5
k63_58235	1996	2310	-1	6
k63_16764	1	1503	1	1
k63_16764	1530	1895	1	2
k63_16764	1903	2490	1	3
k63_16764	2497	3072	1	4
k63_16764	3122	3571	-1	5
k63_16764	3575	4207	-1	6
k63_16764	4301	5074	-1	7
k63_16764	5074	6330	-1	8
k63_16764	6330	6926	-1	9
k63_16764	7216	7608	-1	10
k63_16764	7622	8053	-1	11
k63_25039	3	149	-1	1
k63_25039	191	799	1	2
k63_25039	799	1017	1	3
k63_25039	965	2242	-1	4
k63_25039	2308	3102	-1	5
k63_25039	3264	4646	1	6
k63_25039	4815	5063	1	7
k63_25039	5084	5617	1	8
k63_25039	5621	6361	1	9
k63_25039	6390	6746	1	10
k63_25039	6873	8207	1	11
k63_25039	8207	8395	1	12
k63_37541	1	762	1	1
k63_37541	834	1355	1	2
k63_37541	1348	2661	1	3
k63_37541	2761	3654	1	4
k63_29182	3	1088	-1	1
k63_29182	1091	1396	-1	2
k63_29182	1474	2451	-1	3
k63_179	3	803	-1	1
k63_179	796	1557	-1	2
k63_179	1599	1973	-1	3
k63_54084	2	778	1	1
k63_54084	760	1350	1	2
k63_54084	1443	1964	1	3
k63_54084	1984	3504	1	4
k63_54084	3514	4743	1	5
k63_54084	4755	5702	1	6
k63_54084	5781	6194	-1	7
k63_54084	6377	6787	-1	8
k63_54084	6796	7431	-1	9
k63_54084	7435	8100	-1	10
k63_20928	49	1089	-1	1
k63_20928	1224	1598	1	2
k63_20928	1585	2376	-1	3
k63_49993	3	314	1	1
k63_49993	311	2200	-1	2
k63_49993	2327	4261	1	3
k63_49993	4244	4495	-1	4
k63_49993	4638	6380	1	5
k63_49993	6459	6836	1	6
k63_49993	6860	8227	1	7
k63_49993	8193	9248	1	8
k63_49993	9250	9675	-1	9
k63_49993	9772	10332	-1	10
k63_49993	10329	10568	-1	11
k63_49993	10708	10989	1	12
k63_49993	10990	11781	-1	13
k63_37564	1	510	1	1
k63_37564	577	1338	-1	2
k63_37564	1451	3874	-1	3
k63_37564	3867	4973	-1	4
k63_37564	5019	6122	-1	5
k63_37564	6148	7608	-1	6
k63_37564	7888	8508	-1	7
k63_58252	197	559	-1	1
k63_58252	637	1986	-1	2
k63_58252	1988	2839	-1	3
k63_58252	2916	4925	-1	4
k63_58252	4969	5592	-1	5
k63_58252	5691	5993	1	6
k63_58252	6242	7285	1	7
k63_58252	7301	7813	1	8
k63_58252	7810	9123	1	9
k63_58252	9837	10253	-1	10
k63_58252	10314	10796	-1	11
k63_29199	3	923	1	1
k63_29199	920	1870	1	2
k63_29199	1936	2499	1	3
k63_29199	2510	2977	1	4
k63_29199	2967	3479	1	5
k63_29199	3492	4496	1	6
k63_29199	4500	5777	1	7
k63_29199	5839	6972	-1	8
k63_29199	6985	8085	-1	9
k63_29199	8105	8767	1	10
k63_29199	8784	9278	1	11
k63_8464	106	342	1	1
k63_8464	393	719	-1	2
k63_8464	772	2499	-1	3
k63_50022	2	724	-1	1
k63_50022	727	1185	-1	2
k63_50022	1198	1488	-1	3
k63_50022	1541	1627	-1	4
k63_58272	1	1092	1	1
k63_58272	1209	2084	1	2
k63_45903	239	694	1	1
k63_45903	727	2220	1	2
k63_45903	2249	2683	1	3
k63_245	3	197	1	1
k63_245	249	2105	-1	2
k63_4332	3	95	-1	1
k63_4332	104	742	-1	2
k63_4332	803	1561	-1	3
k63_33424	1	825	-1	1
k63_33424	926	1195	-1	2
k63_33424	1188	1442	-1	3
k63_33424	1795	2121	-1	4
k63_33424	2124	2378	-1	5
k63_25095	3	431	-1	1
k63_25095	502	1860	-1	2
k63_25095	1960	2496	-1	3
k63_8493	1	567	-1	1
k63_8493	714	1106	1	2
k63_8493	1103	2500	-1	3
k63_8493	2588	4114	-1	4
k63_8493	4213	5064	1	5
k63_8493	5106	5429	-1	6
k63_8493	6080	6511	-1	7
k63_8493	6526	6789	-1	8
k63_58296	3	845	-1	1
k63_58296	1049	1711	1	2
k63_58296	1727	2068	-1	3
k63_58296	2238	2378	1	4
k63_20999	1	1305	1	1
k63_20999	1343	2971	1	2
k63_20999	3158	3388	1	3
k63_20999	3389	3679	1	4
k63_20999	3844	4290	1	5
k63_54150	1	1308	-1	1
k63_54150	1482	2198	-1	2
k63_54150	2201	2947	-1	3
k63_54150	2944	3942	-1	4
k63_54150	3939	4817	-1	5
k63_54150	4879	6003	-1	6
k63_54150	6292	7185	-1	7
k63_54150	7310	8101	1	8
k63_54150	8117	9823	1	9
k63_54150	9833	10159	1	10
k63_54150	10191	10994	-1	11
k63_54150	10987	11238	-1	12
k63_16863	2	934	1	1
k63_16863	913	1806	1	2
k63_16863	1809	2816	1	3
k63_16863	2813	3730	1	4
k63_16863	3733	4728	1	5
k63_16863	4736	4936	1	6
k63_8511	1	693	1	1
k63_8511	690	2051	1	2
k63_8511	2119	2628	1	3
k63_8511	2636	4150	-1	4
k63_8511	4278	4949	1	5
k63_8511	5011	5133	-1	6
k63_8511	5239	7716	-1	7
k63_8511	7713	8396	-1	8
k63_8511	8491	9099	1	9
k63_8511	9148	9732	-1	10
k63_8511	9947	10231	1	11
k63_8511	10232	10777	-1	12
k63_8511	10818	11384	1	13
k63_50076	3	1583	1	1
k63_50076	1580	2695	1	2
k63_50076	2695	3669	1	3
k63_50076	3672	4631	1	4
k63_50076	4636	5481	1	5
k63_50076	5578	6441	1	6
k63_50076	6481	7245	1	7
k63_50076	7343	8323	1	8
k63_50076	8324	8938	1	9
k63_50076	9023	9130	1	10
k63_45964	3	2588	-1	1
k63_37664	3	860	-1	1
k63_37664	863	1492	-1	2
k63_37664	1559	2800	-1	3
k63_37664	2835	3929	-1	4
k63_37664	3994	5091	-1	5
k63_37664	5128	5808	-1	6
k63_4377	2	286	-1	1
k63_4377	286	861	-1	2
k63_4377	980	1870	1	3
k63_4377	1875	2495	1	4
k63_4377	2657	4405	1	5
k63_58340	346	2061	1	1
k63_58340	2261	2533	-1	2
k63_318	1	300	-1	1
k63_318	342	566	-1	2
k63_318	750	1415	1	3
k63_318	1463	2305	-1	4
k63_318	2298	2654	-1	5
k63_318	2664	3536	-1	6
k63_318	3552	4610	-1	7
k63_318	4603	5280	-1	8
k63_318	5291	6298	-1	9
k63_318	6432	7652	1	10
k63_318	7779	8723	1	11
k63_318	8818	9666	-1	12
k63_329	2	748	-1	1
k63_329	758	1132	-1	2
k63_329	1132	1614	-1	3
k63_329	1633	1872	1	4
k63_329	1956	3434	1	5
k63_329	3444	4289	1	6
k63_329	4337	4672	-1	7
k63_33505	1	351	1	1
k63_33505	412	957	1	2
k63_33505	1024	2190	1	3
k63_33505	2180	2287	1	4
k63_25165	2	235	1	1
k63_25165	263	1027	-1	2
k63_25165	1030	2130	-1	3
k63_25165	2140	2901	-1	4
k63_12686	1	258	1	1
k63_12686	368	1888	-1	2
k63_12686	2079	2531	1	3
k63_12686	2536	3183	1	4
k63_12686	3180	4514	-1	5
k63_12686	4501	5646	-1	6
k63_12686	5722	6522	-1	7
k63_12686	6652	7401	1	8
k63_12686	7491	7967	1	9
k63_12686	8005	9219	1	10
k63_12686	9242	9622	1	11
k63_12686	9665	9988	1	12
k63_12686	10007	10540	1	13
k63_12686	10543	12399	1	14
k63_12686	12409	12747	1	15
k63_12686	12888	13295	1	16
k63_12686	13317	14462	1	17
k63_12686	14525	15298	1	18
k63_12686	15295	16281	1	19
k63_12686	16309	17586	1	20
k63_12686	17601	18257	1	21
k63_12686	18257	19405	1	22
k63_12686	19487	20062	1	23
k63_8567	2	1714	1	1
k63_8567	1727	2554	1	2
k63_8567	2560	4152	-1	3
k63_8567	4209	5096	-1	4
k63_8567	5255	6385	1	5
k63_8567	6439	7569	-1	6
k63_8567	7594	8388	1	7
k63_8567	8398	9381	1	8
k63_29325	1	1059	1	1
k63_29325	1056	3332	1	2
k63_29325	3329	3445	1	3
k63_4414	92	976	-1	1
k63_4414	1073	1852	-1	2
k63_37737	1	207	-1	1
k63_37737	354	800	1	2
k63_37737	797	1300	-1	3
k63_37737	1607	1912	1	4
k63_21076	2	160	-1	1
k63_21076	183	554	-1	2
k63_21076	554	1906	-1	3
k63_21076	1903	2538	-1	4
k63_21076	2543	5068	-1	5
k63_21076	5210	6166	1	6
k63_21076	6171	6884	1	7
k63_21076	6862	7587	1	8
k63_21076	7738	7956	1	9
k63_21076	7981	10245	-1	10
k63_21076	10257	10613	-1	11
k63_21076	10770	11399	1	12
k63_21076	11359	11484	-1	13
k63_16941	1	294	-1	1
k63_16941	313	888	1	2
k63_16941	973	1512	1	3
k63_16941	1568	2404	-1	4
k63_16941	2418	2987	-1	5
k63_16960	3	488	-1	1
k63_16960	961	2706	1	2
k63_401	3	1028	1	1
k63_401	1040	1591	1	2
k63_401	1563	1988	-1	3
k63_401	1985	2719	-1	4
k63_401	2712	3434	-1	5
k63_401	3535	4089	1	6
k63_401	4086	5798	-1	7
k63_50191	3	245	-1	1
k63_50191	245	994	-1	2
k63_50191	1087	1947	-1	3
k63_50191	2053	2787	-1	4
k63_8618	187	762	1	1
k63_8618	769	1704	-1	2
k63_8618	1855	3348	1	3
k63_8618	3391	4548	1	4
k63_8618	4559	5335	1	5
k63_46069	53	1021	1	1
k63_46069	1100	1732	-1	2
k63_46069	1853	2368	1	3
k63_46069	2410	3630	1	4
k63_46069	3884	4342	1	5
k63_46069	4339	4869	1	6
k63_46069	4882	6210	1	7
k63_46069	6306	7313	1	8
k63_46069	7399	8556	1	9
k63_46069	8606	8986	-1	10
k63_46069	9020	10024	-1	11
k63_46069	10047	10667	-1	12
k63_46069	10688	11077	-1	13
k63_46069	11097	11453	-1	14
k63_46069	11598	11714	-1	15
k63_46069	11731	13056	-1	16
k63_46069	13056	13490	-1	17
k63_46069	13507	13686	-1	18
k63_46069	13690	14193	-1	19
k63_46069	14205	14555	-1	20
k63_46069	14565	15098	-1	21
k63_46069	15110	15502	-1	22
k63_46069	15597	15902	-1	23
k63_46069	15917	16456	-1	24
k63_46069	16471	16785	-1	25
k63_46069	16885	17253	-1	26
k63_46069	17338	17601	-1	27
k63_46069	17602	17793	-1	28
k63_46069	17793	18206	-1	29
k63_46069	18218	18898	-1	30
k63_46069	18924	19130	-1	31
k63_25227	3	746	-1	1
k63_25227	933	1811	-1	2
k63_25227	1879	2229	-1	3
k63_50193	3	449	-1	1
k63_50193	694	1266	-1	2
k63_50193	1248	2957	-1	3
k63_50193	3133	4398	1	4
k63_50193	4414	5499	1	5
k63_50193	5503	6327	1	6
k63_50193	6327	6644	1	7
k63_8623	3	317	-1	1
k63_8623	333	689	-1	2
k63_8623	884	1792	1	3
k63_8623	1795	2313	1	4
k63_25246	1	657	1	1
k63_25246	657	2867	1	2
k63_25246	2871	3104	1	3
k63_21133	32	1831	1	1
k63_21133	1839	2630	1	2
k63_21133	2649	3023	1	3
k63_21133	3020	3697	1	4
k63_21133	3701	4294	1	5
k63_33600	2	889	-1	1
k63_33600	898	1416	-1	2
k63_33600	1429	1914	-1	3
k63_54289	27	1412	1	1
k63_54289	1483	2817	1	2
k63_54289	2879	3214	1	3
k63_54289	3264	3587	1	4
k63_54289	3590	4966	1	5
k63_37833	2	304	1	1
k63_37833	391	948	1	2
k63_37833	948	1892	1	3
k63_21141	1	504	-1	1
k63_21141	505	1332	1	2
k63_12765	1	768	1	1
k63_12765	831	1418	1	2
k63_12765	1790	2032	-1	3
k63_12765	2181	2873	-1	4
k63_50232	1	126	-1	1
k63_50232	134	370	-1	2
k63_50232	446	1855	1	3
k63_50232	1901	2944	-1	4
k63_50232	3003	3689	-1	5
k63_50232	3692	4525	-1	6
k63_50232	4525	5043	-1	7
k63_50232	5140	5802	-1	8
k63_41997	2	493	-1	1
k63_41997	504	1034	-1	2
k63_41997	1127	1777	-1	3
k63_41997	1780	3537	-1	4
k63_41997	3614	5845	-1	5
k63_41997	6033	6251	1	6
k63_41997	6265	7017	1	7
k63_41997	7172	8419	1	8
k63_41997	8503	9990	-1	9
k63_50258	3	566	1	1
k63_50258	567	857	1	2
k63_50258	869	3919	1	3
k63_17053	1	210	1	1
k63_17053	222	1445	1	2
k63_17053	1456	1758	1	3
k63_17053	1755	3089	1	4
k63_17053	3086	3757	1	5
k63_17053	3775	4467	1	6
k63_17053	4478	4858	1	7
k63_17053	4923	5345	-1	8
k63_17053	5466	6389	-1	9
k63_42037	2	175	1	1
k63_42037	193	1368	1	2
k63_42037	1381	2244	-1	3
k63_42037	2244	2738	-1	4
k63_526	1	153	-1	1
k63_526	156	1322	-1	2
k63_526	1431	2870	-1	3
k63_526	2923	4134	-1	4
k63_526	4182	7013	-1	5
k63_526	7561	7815	-1	6
k63_54369	3	770	-1	1
k63_54369	905	1843	-1	2
k63_54369	1917	2399	1	3
k63_4562	1	168	1	1
k63_4562	199	498	-1	2
k63_4562	507	938	-1	3
k63_4562	1052	1528	1	4
k63_29475	2	373	-1	1
k63_29475	495	1121	1	2
k63_29475	1200	1856	1	3
k63_29475	1858	3216	1	4
k63_29475	3218	4504	-1	5
k63_29475	4501	4962	-1	6
k63_46200	112	582	1	1
k63_46200	590	2077	-1	2
k63_25349	3	548	-1	1
k63_25349	969	1238	1	2
k63_25349	1248	2087	-1	3
k63_25349	2188	4764	-1	4
k63_25349	4899	5999	-1	5
k63_42095	3	644	1	1
k63_42095	629	1000	-1	2
k63_42095	1020	1289	-1	3
k63_42095	1283	1780	-1	4
k63_42095	1777	3288	-1	5
k63_42095	3285	3629	-1	6
k63_42095	3629	4273	-1	7
k63_58536	2	976	1	1
k63_58536	982	1647	1	2
k63_58536	1637	2614	1	3
k63_58536	2786	3031	1	4
k63_42114	1	1161	-1	1
k63_42114	1164	1484	-1	2
k63_42114	1533	2537	-1	3
k63_42114	2765	2848	-1	4
k63_29507	2	523	1	1
k63_29507	523	1752	1	2
k63_29507	1763	2263	1	3
k63_29507	2345	3193	1	4
k63_29507	3272	4384	-1	5
k63_58562	37	1104	-1	1
k63_58562	1107	1595	-1	2
k63_58562	1699	2592	-1	3
k63_29522	174	1115	-1	1
k63_29522	1115	2149	-1	2
k63_29522	2293	3156	1	3
k63_29522	3211	3657	-1	4
k63_33753	217	3630	-1	1
k63_33753	3617	4297	-1	2
k63_33753	4297	5400	-1	3
k63_25395	3	896	-1	1
k63_25395	1696	1806	-1	2
k63_8776	2	913	-1	1
k63_8776	910	1890	-1	2
k63_21294	1	1674	1	1
k63_21294	1671	2444	-1	2
k63_21294	2446	4029	-1	3
k63_21294	4138	5088	-1	4
k63_21294	5111	5836	-1	5
k63_21294	5841	6095	-1	6
k63_21294	6117	6593	-1	7
k63_21294	6593	7714	-1	8
k63_21294	7848	8798	-1	9
k63_626	1	2157	-1	1
k63_626	2309	3223	-1	2
k63_626	3324	4520	-1	3
k63_626	4568	5425	-1	4
k63_626	5428	6258	-1	5
k63_58593	3	398	-1	1
k63_58593	408	1226	-1	2
k63_58593	1389	2153	1	3
k63_33774	1	285	-1	1
k63_33774	318	761	-1	2
k63_33774	770	1792	-1	3
k63_33774	1802	2011	-1	4
k63_33774	2011	3525	-1	5
k63_33774	3550	5667	-1	6
k63_33774	5819	6430	1	7
k63_33774	6442	6846	1	8
k63_33774	6953	7444	1	9
k63_33774	7446	7955	-1	10
k63_33774	7955	10594	-1	11
k63_33774	10751	10966	-1	12
k63_33774	10966	11472	-1	13
k63_58602	3	473	-1	1
k63_58602	696	977	-1	2
k63_58602	1152	2276	1	3
k63_58602	2334	3035	1	4
k63_58602	3053	3466	1	5
k63_58602	3463	3720	-1	6
k63_17181	118	888	1	1
k63_17181	894	3593	1	2
k63_17181	3603	3899	1	3
k63_17181	3943	4200	-1	4
k63_50450	3	779	1	1
k63_50450	810	1622	-1	2
k63_50450	1727	2302	1	3
k63_50450	2327	2461	1	4
k63_50450	2458	2661	-1	5
k63_50450	2706	3326	-1	6
k63_50450	3420	4409	-1	7
k63_50450	4417	4980	-1	8
k63_50450	5154	5636	1	9
k63_50450	5724	6938	-1	10
k63_50450	7183	9345	-1	11
k63_50450	9621	9827	1	12
k63_50450	9930	10418	1	13
k63_50450	10449	11486	-1	14
k63_50450	11605	12456	1	15
k63_50450	12458	12661	-1	16
k63_25436	1	102	-1	1
k63_25436	115	390	-1	2
k63_25436	403	1230	-1	3
k63_25436	1245	1544	-1	4
k63_25436	1541	2146	-1	5
k63_25436	2158	2796	-1	6
k63_25436	2913	3233	-1	7
k63_25436	3400	3960	-1	8
k63_29577	460	720	-1	1
k63_29577	986	1705	1	2
k63_685	3	1412	-1	1
k63_685	1548	3209	1	2
k63_685	3206	4732	1	3
k63_46359	3	173	-1	1
k63_46359	336	779	-1	2
k63_46359	833	1504	1	3
k63_17235	1	2214	1	1
k63_17235	2315	3001	1	2
k63_17235	3001	4116	1	3
k63_17235	4399	4968	-1	4
k63_17235	5353	5571	1	5
k63_715	3	2009	-1	1
k63_33837	1	219	1	1
k63_33837	219	1043	1	2
k63_33837	1054	1614	1	3
k63_33837	1607	2047	1	4
k63_33837	2057	2611	1	5
k63_54509	1	315	1	1
k63_54509	401	1513	1	2
k63_54509	1571	2341	1	3
k63_46402	1	228	-1	1
k63_46402	443	2047	-1	2
k63_46402	2498	3628	-1	3
k63_4732	3	233	1	1
k63_4732	330	1178	-1	2
k63_4732	1306	1854	1	3
k63_4732	1979	2050	1	4
k63_21406	2	1888	1	1
k63_21406	1922	2287	1	2
k63_17273	116	802	1	1
k63_17273	815	1708	1	2
k63_17273	1771	2901	1	3
k63_17273	2923	5532	1	4
k63_17273	5596	6774	1	5
k63_17273	6993	7559	1	6
k63_29636	2	412	-1	1
k63_29636	425	2200	-1	2
k63_29636	2204	2551	-1	3
k63_29636	2545	2862	-1	4
k63_29636	3377	4657	1	5
k63_29636	4729	4962	-1	6
k63_29636	5135	7027	-1	7
k63_29636	7310	8011	1	8
k63_29636	8008	8616	1	9
k63_29636	8656	9216	1	10
k63_29636	9278	9712	-1	11
k63_29636	9906	10376	1	12
k63_54536	63	956	1	1
k63_54536	1128	1895	-1	2
k63_54536	1907	2461	-1	3
k63_21437	3	524	-1	1
k63_21437	528	1112	-1	2
k63_21437	1143	1910	-1	3
k63_21437	1984	2616	1	4
k63_777	1	867	1	1
k63_777	874	1293	1	2
k63_777	1293	2081	1	3
k63_777	2161	3093	1	4
k63_777	3384	4724	1	5
k63_777	4708	5736	1	6
k63_777	5818	6174	1	7
k63_777	6206	6658	1	8
k63_777	6686	6997	1	9
k63_777	7022	7798	1	10
k63_13049	55	2946	-1	1
k63_779	1	2397	1	1
k63_779	2405	3082	1	2
k63_779	3176	3448	1	3
k63_779	3545	4330	1	4
k63_33890	1	1149	1	1
k63_33890	1171	1806	-1	2
k63_33890	2006	2599	1	3
k63_33890	2709	3341	1	4
k63_33890	3451	5079	1	5
k63_33890	5089	5496	1	6
k63_33890	5489	5818	1	7
k63_33890	5869	6114	1	8
k63_33890	6121	6624	1	9
k63_33890	6599	7228	1	10
k63_58711	2	553	1	1
k63_58711	596	907	-1	2
k63_58711	1011	1472	1	3
k63_58711	1479	2261	1	4
k63_58711	2295	2549	-1	5
k63_54557	99	1145	1	1
k63_54557	1224	2435	-1	2
k63_54557	2695	3657	1	3
k63_4768	3	164	-1	1
k63_4768	334	522	1	2
k63_4768	519	1589	-1	3
k63_4768	1668	2495	-1	4
k63_4768	2820	4745	1	5
k63_4768	4768	6624	1	6
k63_4768	6646	7170	1	7
k63_4769	1	1098	1	1
k63_4769	1109	1435	1	2
k63_4769	1438	2040	1	3
k63_4769	1988	3070	1	4
k63_33900	328	468	1	1
k63_33900	465	962	-1	2
k63_33900	998	1690	-1	3
k63_13065	1	102	1	1
k63_13065	236	1084	-1	2
k63_13065	1074	1538	-1	3
k63_13065	1539	2477	-1	4
k63_13065	2493	3155	-1	5
k63_13065	3290	3475	1	6
k63_29668	1	873	1	1
k63_29668	924	1850	-1	2
k63_29668	1914	2402	1	3
k63_29668	2399	3166	1	4
k63_29668	3147	3947	1	5
k63_29668	3944	5275	1	6
k63_29668	5343	5924	-1	7
k63_29668	5926	6207	-1	8
k63_29668	6226	8256	-1	9
k63_29668	8335	8877	1	10
k63_4785	2	1249	1	1
k63_4785	1291	2610	1	2
k63_4785	2612	2986	1	3
k63_4785	2983	4017	-1	4
k63_4785	4053	4703	-1	5
k63_4785	4715	5026	-1	6
k63_4785	5077	5181	1	7
k63_4786	1	1188	-1	1
k63_4786	1224	1562	-1	2
k63_4786	1854	2102	1	3
k63_4786	2142	3635	1	4
k63_4786	3710	3928	1	5
k63_17332	3	467	1	1
k63_17332	487	1029	1	2
k63_17332	1030	1350	-1	3
k63_17332	1516	2859	1	4
k63_17332	2859	3842	1	5
k63_17332	3842	4288	1	6
k63_17332	4303	5145	1	7
k63_17332	5148	6626	1	8
k63_17332	6591	7109	-1	9
k63_17332	7295	9880	1	10
k63_17332	9890	10378	1	11
k63_17332	10382	11428	1	12
k63_17332	11455	11946	-1	13
k63_17332	11956	13365	-1	14
k63_17332	13367	14422	-1	15
k63_17332	14750	16156	-1	16
k63_17332	16546	18354	1	17
k63_17332	18486	20090	1	18
k63_17332	20087	20629	1	19
k63_42400	3	761	1	1
k63_42400	761	1594	1	2
k63_42400	1591	2262	1	3
k63_25560	2	1813	1	1
k63_25560	1800	3644	1	2
k63_25560	3641	3961	-1	3
k63_831	3	509	-1	1
k63_831	506	1474	-1	2
k63_831	1602	2537	1	3
k63_58754	2	745	-1	1
k63_58754	803	1318	-1	2
k63_58754	1395	1709	1	3
k63_25565	60	2429	-1	1
k63_25565	2494	3321	-1	2
k63_25565	3318	4238	-1	3
k63_25565	4254	4814	-1	4
k63_25565	4847	5929	-1	5
k63_25565	5975	6475	-1	6
k63_50647	90	536	-1	1
k63_50647	624	854	-1	2
k63_50647	875	1282	-1	3
k63_50647	1428	1832	-1	4
k63_50647	1845	2654	-1	5
k63_50647	2654	3679	-1	6
k63_50647	3957	4637	-1	7
k63_50647	4634	5305	-1	8
k63_50647	5397	6203	-1	9
k63_50647	6203	6880	-1	10
k63_50647	6886	7182	-1	11
k63_33945	1	354	-1	1
k63_33945	435	1049	1	2
k63_33945	1028	1936	-1	3
k63_33945	2041	3078	1	4
k63_21522	2	331	-1	1
k63_21522	334	1386	-1	2
k63_21522	1396	3465	-1	3
k63_21522	3462	4055	-1	4
k63_21522	4065	4646	-1	5
k63_21522	4762	4938	-1	6
k63_13129	2	259	1	1
k63_13129	374	1567	1	2
k63_29729	1	711	-1	1
k63_29729	786	1685	-1	2
k63_29729	1747	2199	-1	3
k63_25599	3	98	1	1
k63_25599	124	1806	1	2
k63_25599	1859	2155	1	3
k63_25599	2158	2463	1	4
k63_25599	2460	3644	1	5
k63_25599	3646	4368	1	6
k63_25599	4490	4786	1	7
k63_25599	4830	5729	-1	8
k63_58788	2	1738	1	1
k63_25601	3	1307	-1	1
k63_25601	1488	3077	1	2
k63_25601	3070	3765	1	3
k63_25601	3826	5328	-1	4
k63_25601	5332	5769	-1	5
k63_25601	5769	6740	-1	6
k63_25601	7001	7129	1	7
k63_4865	37	222	1	1
k63_4865	315	797	1	2
k63_4865	800	1219	-1	3
k63_4865	1231	1797	-1	4
k63_4865	1915	2319	1	5
k63_4865	2338	2565	1	6
k63_21556	68	1267	1	1
k63_21556	1332	2102	1	2
k63_21556	2133	2813	1	3
k63_21556	2817	3830	1	4
k63_21556	3830	5167	1	5
k63_21556	5288	6268	1	6
k63_21556	6332	6535	-1	7
k63_21556	6680	7048	-1	8
k63_58825	2	136	-1	1
k63_58825	133	1626	-1	2
k63_58825	1623	3332	-1	3
k63_58825	3325	3693	-1	4
k63_58825	3690	4628	-1	5
k63_58825	4639	5094	-1	6
k63_58825	5420	6376	-1	7
k63_58825	6386	6613	-1	8
k63_17445	1	792	-1	1
k63_17445	795	2333	-1	2
k63_17445	2442	3587	1	3
k63_17445	3584	4552	-1	4
k63_17445	4616	5179	-1	5
k63_17445	5283	5885	1	6
k63_58832	2	1492	1	1
k63_58832	1536	2294	-1	2
k63_58832	2598	2912	-1	3
k63_58832	2900	3313	-1	4
k63_58832	3442	4512	-1	5
k63_58832	4541	5089	-1	6
k63_935	1	645	1	1
k63_935	724	2091	1	2
k63_935	2591	4480	1	3
k63_935	4480	5106	1	4
k63_935	5108	5896	1	5
k63_935	5906	6772	1	6
k63_935	6889	7287	1	7
k63_935	7313	8134	1	8
k63_935	8196	8429	1	9
k63_935	8500	8970	1	10
k63_935	8983	9519	1	11
k63_935	9535	11079	1	12
k63_935	11155	12018	1	13
k63_935	12056	13453	1	14
k63_935	13486	13911	1	15
k63_935	14078	14365	1	16
k63_935	14362	14442	-1	17
k63_25660	3	284	-1	1
k63_25660	296	1813	-1	2
k63_4928	3	446	1	1
k63_4928	448	1461	1	2
k63_4928	1468	1884	1	3
k63_4928	1897	2574	1	4
k63_4928	2584	3000	1	5
k63_4928	3005	3259	1	6
k63_25681	2	196	-1	1
k63_25681	193	3099	-1	2
k63_46655	1	1458	-1	1
k63_46655	1565	1993	1	2
k63_50784	2	1429	-1	1
k63_50784	1426	2505	-1	2
k63_50784	2492	3748	-1	3
k63_50784	3739	5100	-1	4
k63_50784	5109	6191	-1	5
k63_50784	6193	7479	-1	6
k63_34087	3	1598	1	1
k63_34087	1881	2045	-1	2
k63_34087	2461	3774	1	3
k63_38322	1	753	-1	1
k63_38322	793	1026	-1	2
k63_38322	1030	2076	-1	3
k63_38322	2080	3309	-1	4
k63_38322	3340	3948	-1	5
k63_38322	3948	4340	-1	6
k63_4964	1	672	1	1
k63_4964	933	1586	1	2
k63_4964	1623	2126	1	3
k63_4964	2110	2271	1	4
k63_4964	2438	2878	1	5
k63_4964	2885	3349	1	6
k63_4964	3366	3575	1	7
k63_4964	3572	3985	1	8
k63_4964	4117	5664	-1	9
k63_4964	5749	6315	-1	10
k63_4964	6430	8025	-1	11
k63_4964	8022	9047	-1	12
k63_4964	9050	10141	-1	13
k63_4964	10141	11943	-1	14
k63_4964	12013	12243	-1	15
k63_25732	1	396	-1	1
k63_25732	511	966	1	2
k63_25732	1220	2254	-1	3
k63_25732	2296	2958	-1	4
k63_25732	2970	4208	-1	5
k63_46731	1	189	1	1
k63_46731	186	992	1	2
k63_46731	1088	3295	1	3
k63_46731	3674	3886	1	4
k63_46731	3996	4547	1	5
k63_46731	4535	5044	1	6
k63_46731	5049	5501	-1	7
k63_46731	5511	6095	-1	8
k63_46731	6092	6529	-1	9
k63_46731	6680	7663	1	10
k63_4990	3	266	-1	1
k63_4990	663	2615	1	2
k63_4990	2753	3418	1	3
k63_4990	3482	3904	-1	4
k63_4990	3973	4584	-1	5
k63_4990	4693	4992	-1	6
k63_4990	5001	5552	-1	7
k63_4990	5606	6454	1	8
k63_4990	6470	7087	1	9
k63_4990	7084	7650	-1	10
k63_42615	2	241	1	1
k63_42615	234	1490	1	2
k63_42615	1483	2775	1	3
k63_42615	2858	3961	1	4
k63_42615	3981	4370	1	5
k63_42615	4448	5644	1	6
k63_42615	5789	6205	1	7
k63_42615	6221	6880	-1	8
k63_42615	7021	7506	1	9
k63_42615	7534	9834	1	10
k63_42615	9835	10644	1	11
k63_42615	10641	11423	1	12
k63_42615	11438	12289	1	13
k63_42615	12302	12814	1	14
k63_42615	12817	13782	1	15
k63_42615	13772	14494	1	16
k63_42615	14494	15135	1	17
k63_42615	15820	16011	1	18
k63_58940	2	160	-1	1
k63_58940	293	1084	1	2
k63_58940	1089	2810	1	3
k63_58940	2824	3441	1	4
k63_58940	3446	4252	1	5
k63_58940	4266	5186	-1	6
k63_42626	3	263	-1	1
k63_42626	410	3844	1	2
k63_42626	3924	4781	1	3
k63_42626	4786	6417	-1	4
k63_5007	3	362	-1	1
k63_5007	437	1291	-1	2
k63_5007	1331	2425	-1	3
k63_5007	2576	4600	1	4
k63_5007	4901	6322	1	5
k63_58946	1	621	1	1
k63_58946	653	1129	1	2
k63_58946	1129	2145	1	3
k63_58946	2210	4924	-1	4
k63_58946	5382	6338	1	5
k63_58946	6367	7467	1	6
k63_58946	7592	8566	1	7
k63_58946	8667	9284	1	8
k63_58946	9341	10213	1	9
k63_50876	207	2108	1	1
k63_50876	2271	2507	-1	2
k63_50876	2678	3955	1	3
k63_50876	4007	4339	-1	4
k63_50876	4326	4535	-1	5
k63_21760	3	158	-1	1
k63_21760	429	1682	1	2
k63_21760	1778	2380	1	3
k63_21760	2377	3474	1	4
k63_29967	1	645	1	1
k63_29967	685	1614	1	2
k63_29967	1692	2633	1	3
k63_29967	2626	2955	1	4
k63_29967	2948	4930	1	5
k63_29967	4980	6032	1	6
k63_25817	3	302	-1	1
k63_25817	308	988	-1	2
k63_25817	985	1638	-1	3
k63_25817	1718	2338	-1	4
k63_25817	2376	4202	-1	5
k63_25817	4304	6019	-1	6
k63_25817	6030	6290	-1	7
k63_25817	6565	7653	1	8
k63_34216	3	1379	1	1
k63_34216	1396	1767	-1	2
k63_34216	2256	2822	-1	3
k63_34216	2837	4597	-1	4
k63_34216	4665	4985	-1	5
k63_34216	5084	5950	1	6
k63_34216	5990	6130	-1	7
k63_34216	6211	7086	-1	8
k63_34216	7127	7618	1	9
k63_34216	7638	8426	-1	10
k63_34216	8479	8661	-1	11
k63_21791	1	366	1	1
k63_21791	548	3199	1	2
k63_1158	1	759	1	1
k63_1158	769	2055	1	2
k63_1158	2052	2810	-1	3
k63_1158	2818	3048	-1	4
k63_1158	3059	3487	-1	5
k63_1158	3487	3759	-1	6
k63_1158	3759	4361	-1	7
k63_1158	4384	5157	-1	8
k63_1158	5168	5908	-1	9
k63_1158	5934	6584	-1	10
k63_1158	6588	7181	-1	11
k63_1158	7305	8858	1	12
k63_1158	8871	9773	1	13
k63_58989	2	1033	1	1
k63_58989	1077	2009	-1	2
k63_58989	2144	3523	1	3
k63_58989	3598	4386	1	4
k63_58989	4396	6636	1	5
k63_58989	6779	7486	1	6
k63_58989	7523	7708	1	7
k63_54838	3	1634	-1	1
k63_5045	3	899	-1	1
k63_5045	985	1521	1	2
k63_5045	1514	3064	1	3
k63_5045	3064	5643	1	4
k63_54839	1	168	-1	1
k63_54839	335	793	1	2
k63_54839	841	1803	1	3
k63_54839	1800	3536	1	4
k63_54839	3609	3815	1	5
k63_54839	3996	4847	1	6
k63_54839	4879	5352	-1	7
k63_54839	5352	6635	-1	8
k63_54839	6773	7042	1	9
k63_54839	7091	7393	1	10
k63_13397	2	85	1	1
k63_13397	141	284	1	2
k63_13397	727	1476	-1	3
k63_13397	1485	2429	-1	4
k63_13397	2591	2812	1	5
k63_46892	2	241	1	1
k63_46892	238	1002	-1	2
k63_46892	1005	2105	-1	3
k63_46892	2115	2750	-1	4
k63_13420	172	1044	1	1
k63_13420	1041	1718	1	2
k63_13420	1721	2479	1	3
k63_59027	3	1286	-1	1
k63_59027	1318	2301	-1	2
k63_59027	2404	2598	-1	3
k63_13421	1	90	-1	1
k63_13421	92	436	-1	2
k63_13421	449	2167	-1	3
k63_13421	2247	2732	-1	4
k63_13421	2875	3306	-1	5
k63_13421	3453	4031	1	6
k63_38478	3	1190	-1	1
k63_38478	1437	2768	1	2
k63_38478	2755	3855	1	3
k63_38478	3852	4292	-1	4
k63_38478	4354	4692	-1	5
k63_38478	4759	5133	-1	6
k63_42740	3	1028	-1	1
k63_42740	1099	1806	-1	2
k63_42740	1803	2153	-1	3
k63_42740	2289	4241	-1	4
k63_42740	4281	6938	-1	5
k63_1220	2	169	1	1
k63_1220	150	509	1	2
k63_1220	515	982	1	3
k63_1220	988	2877	1	4
k63_1220	2877	4016	1	5
k63_1220	4046	5029	1	6
k63_1220	5033	5908	1	7
k63_1220	5934	7082	1	8
k63_1220	7123	7395	1	9
k63_1220	7395	7739	1	10
k63_1230	3	1508	-1	1
k63_1230	1508	2035	-1	2
k63_30064	1	1431	1	1
k63_30064	1457	2122	1	2
k63_30064	2119	2739	-1	3
k63_21900	2	451	-1	1
k63_21900	600	1139	1	2
k63_21900	1133	1450	-1	3
k63_21900	1450	1776	-1	4
k63_1280	1	933	1	1
k63_1280	930	1676	1	2
k63_1280	1724	2458	-1	3
k63_1280	2641	3990	1	4
k63_1280	3990	4778	1	5
k63_1280	4768	5349	1	6
k63_1280	5364	5810	-1	7
k63_21931	201	2423	1	1
k63_21931	2531	3253	-1	2
k63_34369	3	500	-1	1
k63_34369	570	1853	-1	2
k63_9429	2	1531	-1	1
k63_9429	1612	2859	1	2
k63_38605	2	1030	1	1
k63_38605	1075	2247	1	2
k63_38605	2280	2777	1	3
k63_5252	2	82	-1	1
k63_5252	154	528	-1	2
k63_5252	529	1275	-1	3
k63_5252	1272	1976	-1	4
k63_5252	1977	2159	-1	5
k63_13597	1	507	-1	1
k63_13597	519	1289	-1	2
k63_13597	1292	2371	-1	3
k63_13597	2395	4179	-1	4
k63_30216	1	696	1	1
k63_30216	706	1200	1	2
k63_30216	1307	2419	1	3
k63_30216	2416	3378	-1	4
k63_13650	72	932	-1	1
k63_13650	929	1120	-1	2
k63_13650	1319	3388	1	3
k63_13650	3372	4883	1	4
k63_13650	5111	6313	-1	5
k63_9556	3	170	-1	1
k63_9556	170	1486	-1	2
k63_9556	1623	2222	1	3
k63_13686	3	1061	-1	1
k63_13686	1095	1517	-1	2
k63_13686	1533	2396	-1	3
k63_13686	2542	2778	-1	4
k63_13686	2771	3472	-1	5
k63_13686	3476	4114	-1	6
k63_13686	4117	5175	-1	7
k63_13686	5303	6316	1	8
k63_13686	6316	7389	1	9
k63_13686	7389	7928	1	10
k63_18027	1	102	1	1
k63_18027	243	1229	1	2
k63_18027	1232	2104	1	3
k63_18027	2113	2361	-1	4
k63_43037	1	873	1	1
k63_43037	885	3212	1	2
k63_43037	3212	3463	1	3
k63_43037	3466	4947	-1	4
k63_47306	3	833	1	1
k63_47306	841	2235	1	2
k63_47306	2243	3691	1	3
k63_47306	3794	4450	1	4
k63_59321	183	1319	-1	1
k63_59321	1324	2205	-1	2
k63_59321	2189	3235	-1	3
k63_59321	3235	4548	-1	4
k63_59321	4556	5884	-1	5
k63_59321	6079	7086	1	6
k63_9613	3	287	1	1
k63_9613	289	840	-1	2
k63_9613	854	1792	-1	3
k63_22214	2	1027	1	1
k63_22214	1446	1787	1	2
k63_22214	1842	2672	1	3
k63_22214	2665	3285	1	4
k63_13755	2	748	-1	1
k63_13755	861	2285	-1	2
k63_59347	2	586	1	1
k63_59347	711	2954	1	2
k63_43097	3	719	1	1
k63_43097	762	1091	1	2
k63_43097	1162	2196	1	3
k63_43099	3	1709	-1	1
k63_43099	1749	2159	-1	2
k63_43099	2172	3452	-1	3
k63_43099	3452	3988	-1	4
k63_43099	4099	6150	1	5
k63_30405	3	737	1	1
k63_30405	828	2591	1	2
k63_43124	2	1939	-1	1
k63_43124	2108	3040	-1	2
k63_34659	3	1529	1	1
k63_34659	1611	2708	-1	2
k63_34659	2714	3577	-1	3
k63_34659	3567	4466	-1	4
k63_34659	4524	5132	-1	5
k63_30424	1	1077	-1	1
k63_30424	1088	2089	-1	2
k63_30424	2086	3588	-1	3
k63_30424	3626	5065	-1	4
k63_30424	5089	5361	-1	5
k63_30424	5358	6077	-1	6
k63_30424	6299	6418	1	7
k63_59386	3	509	1	1
k63_59386	529	1800	1	2
k63_59386	1962	2498	-1	3
k63_55279	1	102	-1	1
k63_55279	271	705	1	2
k63_55279	685	1260	-1	3
k63_55279	1257	2150	-1	4
k63_55279	2158	3666	-1	5
k63_55279	3828	4640	1	6
k63_55279	4708	5364	1	7
k63_55279	5380	5646	-1	8
k63_55279	5650	6231	-1	9
k63_22267	3	194	1	1
k63_22267	172	1899	-1	2
k63_22267	1909	3168	-1	3
k63_22267	3358	4731	1	4
k63_22267	4757	4924	1	5
k63_18152	2	184	1	1
k63_18152	404	1480	1	2
k63_18152	1507	1614	-1	3
k63_47409	3	728	-1	1
k63_47409	730	1377	-1	2
k63_47409	1401	2057	1	3
k63_47409	2317	2802	-1	4
k63_47409	2822	3652	-1	5
k63_47409	3753	5417	-1	6
k63_18168	3	404	1	1
k63_18168	406	915	1	2
k63_18168	1032	1277	-1	3
k63_18168	1310	1789	-1	4
k63_18168	1914	2552	-1	5
k63_51446	2	823	1	1
k63_51446	868	1656	-1	2
k63_51446	1672	2157	-1	3
k63_51446	2157	3098	-1	4
k63_51446	3292	3537	1	5
k63_47431	3	932	-1	1
k63_47431	1028	1798	-1	2
k63_51456	1	336	1	1
k63_51456	375	1724	1	2
k63_51456	1721	2353	1	3
k63_51456	2406	3116	-1	4
k63_51456	3158	4513	-1	5
k63_51456	4524	5399	-1	6
k63_51456	5551	6000	1	7
k63_51456	6075	6848	-1	8
k63_9716	2	154	-1	1
k63_9716	157	729	-1	2
k63_9716	726	1811	-1	3
k63_9716	1808	2272	-1	4
k63_9716	2269	2784	-1	5
k63_9716	2961	3152	-1	6
k63_9716	3149	3463	-1	7
k63_9716	3530	3757	1	8
k63_9725	2	202	-1	1
k63_9725	335	2020	1	2
k63_9725	2020	2850	1	3
k63_30529	133	1050	-1	1
k63_30529	1144	1656	1	2
k63_30529	1718	2731	-1	3
k63_30587	2	688	-1	1
k63_30587	793	2205	1	2
k63_30587	2189	2692	-1	3
k63_30587	2792	3094	-1	4
k63_30587	3230	3781	-1	5
k63_30587	3784	4344	-1	6
k63_30587	4366	4506	-1	7
k63_43355	14	289	-1	1
k63_43355	286	1218	-1	2
k63_43355	1389	3188	-1	3
k63_43355	3202	4368	-1	4
k63_13970	63	302	-1	1
k63_13970	409	654	-1	2
k63_13970	654	1274	-1	3
k63_13970	1276	1734	-1	4
k63_13970	1734	2516	-1	5
k63_13970	2513	3325	-1	6
k63_13970	3505	4491	1	7
k63_13970	4491	5027	1	8
k63_13970	5024	5614	1	9
k63_13970	5589	6098	1	10
k63_13970	6101	6826	1	11
k63_13970	6857	8032	1	12
k63_9811	2	910	1	1
k63_9811	960	1796	1	2
k63_9811	1768	2829	1	3
k63_9811	2899	4797	1	4
k63_26414	1	264	-1	1
k63_26414	383	1573	-1	2
k63_1854	2	1363	1	1
k63_1854	1354	2070	-1	2
k63_1854	2070	2504	-1	3
k63_1854	2501	3271	-1	4
k63_1854	3348	4121	1	5
k63_1854	4243	5334	1	6
k63_5643	182	1726	1	1
k63_5643	1766	2323	1	2
k63_5643	2300	2524	-1	3
k63_5643	2526	3326	-1	4
k63_5643	3333	3587	-1	5
k63_13979	1	1053	-1	1
k63_13979	1153	2739	-1	2
k63_13979	2741	3523	-1	3
k63_13979	3592	4959	-1	4
k63_13979	5129	6517	1	5
k63_13979	6528	7067	-1	6
k63_13979	7352	7936	1	7
k63_1878	1	147	1	1
k63_1878	215	1102	-1	2
k63_1878	1118	1879	-1	3
k63_39064	1	1041	-1	1
k63_39064	1066	2196	-1	2
k63_39064	2200	3549	-1	3
k63_9863	3	968	-1	1
k63_9863	1132	1530	1	2
k63_9863	1530	2201	1	3
k63_9863	2206	2646	-1	4
k63_43424	1	216	1	1
k63_43424	227	961	1	2
k63_43424	1108	2082	1	3
k63_43424	2119	2388	1	4
k63_43424	2412	3881	1	5
k63_34922	1	471	1	1
k63_34922	516	2456	-1	2
k63_34922	2606	3382	-1	3
k63_43441	113	583	-1	1
k63_43441	920	2176	1	2
k63_43441	2185	2805	1	3
k63_43441	2816	3505	1	4
k63_43441	3502	3729	1	5
k63_34949	1	255	1	1
k63_34949	252	932	1	2
k63_34949	910	1539	1	3
k63_59644	96	3311	-1	1
k63_59644	3301	3549	-1	2
k63_14058	2	400	1	1
k63_14058	388	1188	1	2
k63_14058	1185	1715	-1	3
k63_51756	88	957	-1	1
k63_51756	1007	1438	-1	2
k63_18525	2	220	-1	1
k63_18525	350	1534	-1	2
k63_18525	1669	1848	1	3
k63_59667	3	743	1	1
k63_59667	834	2414	1	2
k63_59667	2418	2948	1	3
k63_51792	3	374	1	1
k63_51792	720	1736	1	2
k63_51792	1752	2597	-1	3
k63_51792	2644	3546	1	4
k63_51792	3553	4083	1	5
k63_47821	1	294	1	1
k63_47821	349	756	1	2
k63_47821	737	1747	-1	3
k63_47821	1901	2743	1	4
k63_47821	2834	3649	1	5
k63_43533	1	498	-1	1
k63_43533	524	1297	-1	2
k63_43533	1398	2543	-1	3
k63_30778	3	80	-1	1
k63_30778	148	630	1	2
k63_30778	697	2103	-1	3
k63_30778	2215	2976	-1	4
k63_30778	3374	3889	1	5
k63_30778	4087	4380	1	6
k63_30778	4428	4589	1	7
k63_22697	2	1237	-1	1
k63_22697	1247	2260	-1	2
k63_22697	2280	3110	-1	3
k63_22697	3115	3963	-1	4
k63_22697	4096	5412	-1	5
k63_22697	5684	7138	1	6
k63_22697	7205	8257	1	7
k63_22697	8287	9015	1	8
k63_22697	9089	10351	-1	9
k63_30827	1	216	1	1
k63_30827	228	572	1	2
k63_30827	713	2287	-1	3
k63_30827	2399	3634	1	4
k63_26624	7	111	-1	1
k63_26624	124	1260	-1	2
k63_26624	1263	2831	-1	3
k63_26624	2977	4059	-1	4
k63_26624	4056	4748	-1	5
k63_26624	4741	5121	-1	6
k63_51882	1	264	-1	1
k63_51882	561	2825	1	2
k63_51882	2869	3732	1	3
k63_51882	3798	4112	1	4
k63_51882	4192	5187	-1	5
k63_51882	5331	5447	1	6
k63_51882	5653	7398	-1	7
k63_59773	95	1573	-1	1
k63_59773	1600	2169	-1	2
k63_59773	2169	2660	-1	3
k63_59773	2657	3490	-1	4
k63_59773	3525	4613	-1	5
k63_59773	4759	5046	1	6
k63_59773	5066	5638	1	7
k63_59776	3	767	-1	1
k63_59776	921	1412	-1	2
k63_59776	1416	2192	-1	3
k63_5855	159	629	1	1
k63_5855	739	1785	1	2
k63_5855	1824	2312	1	3
k63_5855	2469	5003	1	4
k63_51933	3	569	-1	1
k63_51933	566	2086	-1	2
k63_22796	2	1417	1	1
k63_22796	1420	1746	-1	2
k63_22796	1854	3101	1	3
k63_22796	3094	3774	1	4
k63_22796	3771	4292	-1	5
k63_22796	4412	6616	1	6
k63_22796	6684	7304	1	7
k63_22796	7313	7723	1	8
k63_22796	7725	8423	1	9
k63_47963	3	299	-1	1
k63_47963	286	1080	-1	2
k63_47963	1080	2438	-1	3
k63_47963	2630	3205	1	4
k63_14244	1	150	1	1
k63_14244	147	1259	1	2
k63_14244	1256	2143	-1	3
k63_14244	2209	2577	-1	4
k63_59839	1	132	-1	1
k63_59839	376	873	1	2
k63_59839	876	1643	1	3
k63_59839	1640	2038	-1	4
k63_22845	2	550	1	1
k63_22845	540	1277	1	2
k63_22845	1335	4733	1	3
k63_22845	4730	6646	1	4
k63_55753	2	475	1	1
k63_55753	682	1821	1	2
k63_55753	1868	5089	1	3
k63_2259	1	300	1	1
k63_2259	297	1787	1	2
k63_2259	1853	2494	1	3
k63_18838	3	161	-1	1
k63_18838	244	1167	1	2
k63_18838	1167	1784	1	3
k63_5982	771	1286	-1	1
k63_5982	1629	1976	1	2
k63_5982	2353	3063	1	3
k63_5982	3186	3464	1	4
k63_5982	3505	4461	-1	5
k63_5982	4458	5492	-1	6
k63_26789	2	991	1	1
k63_26789	1015	2115	1	2
k63_14335	2	100	1	1
k63_14335	290	688	1	2
k63_14335	685	1041	1	3
k63_14335	1034	1339	1	4
k63_14335	1339	1680	1	5
k63_14335	1692	2471	-1	6
k63_14335	2499	2852	-1	7
k63_14335	2852	3370	-1	8
k63_43827	3	2507	1	1
k63_10245	2	1108	-1	1
k63_10245	1187	2107	-1	2
k63_10245	2120	2632	-1	3
k63_6071	1	516	1	1
k63_6071	554	940	-1	2
k63_6071	955	3555	-1	3
k63_6071	3570	4412	-1	4
k63_6071	4405	4659	-1	5
k63_6071	4749	5633	-1	6
k63_23021	15	785	-1	1
k63_23021	992	1462	1	2
k63_23021	1484	2365	1	3
k63_23021	2467	2595	1	4
k63_48198	2	709	1	1
k63_48198	706	1689	-1	2
k63_48198	1908	2072	-1	3
k63_39561	125	640	1	1
k63_39561	710	1336	1	2
k63_39561	1345	1953	1	3
k63_39561	1950	2714	-1	4
k63_39561	2728	3159	-1	5
k63_39561	3413	3643	1	6
k63_2481	3	503	-1	1
k63_2481	519	1451	-1	2
k63_2481	1564	2901	-1	3
k63_39576	3	167	-1	1
k63_39576	190	1065	-1	2
k63_39576	1087	1890	-1	3
k63_39576	1903	3117	-1	4
k63_39576	3104	3727	-1	5
k63_39576	3825	4658	-1	6
k63_39576	4662	7277	-1	7
k63_39576	7386	7511	-1	8
k63_2507	131	1114	-1	1
k63_2507	1259	2374	1	2
k63_44013	3	566	-1	1
k63_44013	741	1175	-1	2
k63_44013	1126	2079	-1	3
k63_44013	2285	3394	-1	4
k63_23138	93	434	1	1
k63_23138	480	1628	-1	2
k63_6232	1	360	1	1
k63_6232	365	1132	-1	2
k63_6232	1136	1924	-1	3
k63_14568	3	650	-1	1
k63_14568	788	1384	1	2
k63_14568	1549	3969	1	3
k63_14568	4121	4228	1	4
k63_2586	3	158	1	1
k63_2586	305	2125	1	2
k63_52408	3	203	-1	1
k63_52408	214	1155	-1	2
k63_52408	1239	2219	-1	3
k63_52408	2262	2441	-1	4
k63_52408	2474	2980	-1	5
k63_52408	3111	3707	1	6
k63_52408	3726	3971	-1	7
k63_14653	3	809	-1	1
k63_14653	967	1914	1	2
k63_14653	1958	2176	1	3
k63_48496	1	1554	1	1
k63_48496	1551	1760	-1	2
k63_35652	2	97	-1	1
k63_35652	90	875	-1	2
k63_35652	876	2288	-1	3
k63_35652	2425	3102	1	4
k63_35652	3099	3980	1	5
k63_48536	2	877	-1	1
k63_48536	886	1629	-1	2
k63_48536	1853	2281	1	3
k63_48536	2309	3820	1	4
k63_48536	3813	3998	1	5
k63_10595	1	273	-1	1
k63_10595	266	1168	-1	2
k63_10595	1178	2140	-1	3
k63_10595	2386	2742	1	4
k63_23287	2	517	1	1
k63_23287	610	810	-1	2
k63_23287	807	1400	-1	3
k63_23287	1412	1699	-1	4
k63_31472	2	571	1	1
k63_31472	678	917	1	2
k63_31472	927	2231	1	3
k63_31472	2276	3478	1	4
k63_31472	3480	4361	1	5
k63_31472	4465	4659	1	6
k63_31472	4680	4862	1	7
k63_44367	1	573	-1	1
k63_44367	654	1289	1	2
k63_44367	1302	1763	1	3
k63_44367	1900	2031	1	4
k63_44367	2087	2698	1	5
k63_44367	2747	3343	-1	6
k63_35761	74	1075	-1	1
k63_35761	1088	1564	-1	2
k63_35761	1564	2628	-1	3
k63_44388	3	152	1	1
k63_44388	235	1473	1	2
k63_44388	1579	2577	1	3
k63_44388	2577	3203	1	4
k63_44388	3200	3664	1	5
k63_60461	92	1291	1	1
k63_60461	1300	1641	1	2
k63_60461	1657	2688	1	3
k63_60461	2714	2908	1	4
k63_39961	3	677	-1	1
k63_39961	748	1986	-1	2
k63_60468	1	525	1	1
k63_60468	526	1200	1	2
k63_60468	1285	2649	1	3
k63_60468	2719	3447	1	4
k63_60468	3481	3903	-1	5
k63_60468	4127	4318	-1	6
k63_6583	3	119	1	1
k63_6583	129	722	-1	2
k63_6583	958	1239	-1	3
k63_6583	1236	1445	-1	4
k63_6583	1632	2195	1	5
k63_6583	2195	2470	1	6
k63_14898	3	248	-1	1
k63_14898	354	944	-1	2
k63_14898	1111	2787	1	3
k63_14898	2855	2920	1	4
k63_40013	52	549	-1	1
k63_40013	737	1546	1	2
k63_40013	1543	1836	1	3
k63_40013	1814	2797	-1	4
k63_40013	2939	3052	1	5
k63_52792	1	1686	1	1
k63_52792	1690	3135	-1	2
k63_52792	3217	3636	1	3
k63_52792	3713	4462	-1	4
k63_52792	4663	6027	-1	5
k63_52792	6073	6789	1	6
k63_52792	6800	7393	-1	7
k63_52792	7438	7986	1	8
k63_3032	1	531	1	1
k63_3032	680	1528	1	2
k63_14990	2	1336	-1	1
k63_14990	1360	1788	-1	2
k63_14990	1792	2586	-1	3
k63_14990	2605	2769	-1	4
k63_60602	3	1763	1	1
k63_60602	1849	2586	1	2
k63_60602	2578	3726	-1	3
k63_60602	3729	4667	-1	4
k63_60602	4677	5042	-1	5
k63_60602	5057	5671	-1	6
k63_10854	1	1812	1	1
k63_10854	1872	3296	1	2
k63_10854	3408	4475	1	3
k63_10854	4487	5185	1	4
k63_10854	5246	6517	-1	5
k63_10854	6624	7607	1	6
k63_19683	1	903	-1	1
k63_19683	1069	1785	1	2
k63_19683	1782	1883	1	3
k63_60650	2	523	-1	1
k63_60650	527	1300	-1	2
k63_60650	1316	2683	-1	3
k63_60650	2686	3963	-1	4
k63_60650	3938	4051	-1	5
k63_60674	1	468	1	1
k63_60674	547	1638	-1	2
k63_60674	1641	1961	-1	3
k63_60674	1981	2061	-1	4
k63_27632	2	112	1	1
k63_27632	90	509	1	2
k63_27632	499	2106	-1	3
k63_27632	2144	2278	-1	4
k63_27632	2322	2399	1	5
k63_31849	2	712	-1	1
k63_31849	845	1909	1	2
k63_31849	1896	2447	1	3
k63_31849	2444	2539	1	4
k63_27663	2	1129	1	1
k63_27663	1132	1650	1	2
k63_27663	1675	2370	-1	3
k63_15194	1	249	1	1
k63_15194	246	569	-1	2
k63_15194	763	1665	1	3
k63_15194	1672	2487	-1	4
k63_15194	2746	4104	1	5
k63_15194	4163	5329	-1	6
k63_15194	5449	6636	1	7
k63_23740	1	375	1	1
k63_23740	386	1837	1	2
k63_23740	1850	3220	1	3
k63_23740	3220	3399	1	4
k63_23740	3368	4051	-1	5
k63_23740	4136	4558	-1	6
k63_23740	4736	4945	1	7
k63_23740	4942	5649	-1	8
k63_20062	2	322	-1	1
k63_20062	452	2128	1	2
k63_20062	2222	3022	1	3
k63_49381	1	468	1	1
k63_49381	475	948	1	2
k63_49381	950	1423	1	3
k63_49381	1423	2229	1	4
k63_15489	1	1626	1	1
k63_15489	1753	2751	-1	2
k63_45173	1	729	-1	1
k63_45173	716	1111	-1	2
k63_45173	1214	1942	1	3
k63_45173	1939	2091	1	4
k63_11261	3	179	-1	1
k63_11261	193	693	-1	2
k63_11261	732	2795	-1	3
k63_11261	2799	3347	-1	4
k63_11261	3352	3780	-1	5
k63_11277	1	339	1	1
k63_11277	329	1045	-1	2
k63_11277	1038	1700	-1	3
k63_7279	2	748	-1	1
k63_7279	826	1626	-1	2
k63_61214	3	254	1	1
k63_61214	247	1491	-1	2
k63_53628	1	204	-1	1
k63_53628	251	856	-1	2
k63_53628	1199	1762	1	3
k63_53628	1763	2713	1	4
k63_40796	1	1038	-1	1
k63_40796	1352	2305	-1	2
k63_40796	2298	2840	-1	3
k63_40796	2932	4281	-1	4
k63_40796	4412	5665	-1	5
k63_7360	3	527	-1	1
k63_7360	538	1161	-1	2
k63_7360	1158	1637	-1	3
k63_7360	1624	3279	-1	4
k63_7360	3311	4096	-1	5
k63_7360	4327	5244	1	6
k63_7360	5255	6598	1	7
k63_28180	2	262	1	1
k63_28180	788	1249	1	2
k63_28180	1297	2574	1	3
k63_28180	2640	3845	1	4
k63_28180	3881	4645	-1	5
k63_28180	4754	5143	1	6
k63_28180	5146	5775	1	7
k63_28180	5835	6221	1	8
k63_28180	6357	6899	-1	9
k63_28180	6964	7329	1	10
k63_57152	3	230	1	1
k63_57152	254	1177	1	2
k63_57152	1243	1860	1	3
k63_57152	1926	2138	1	4
k63_57152	2202	4328	1	5
k63_57152	4339	6246	-1	6
k63_57152	6314	6781	1	7
k63_57152	6875	7567	1	8
k63_57152	7647	8114	-1	9
k63_57152	8187	9752	-1	10
k63_57152	9918	11483	1	11
k63_7409	3	506	-1	1
k63_7409	520	1821	-1	2
k63_7409	1925	2641	-1	3
k63_7409	2677	3372	-1	4
k63_45490	2	259	1	1
k63_45490	243	1412	1	2
k63_45490	1412	2023	1	3
k63_45490	2016	5507	1	4
k63_45490	5601	6560	1	5
k63_45490	6560	7837	1	6
k63_45490	7927	9555	1	7
k63_45490	9571	10866	1	8
k63_45490	10920	11219	1	9
k63_45490	11212	12237	1	10
k63_45490	12284	13039	1	11
k63_45490	13039	13707	1	12
k63_45490	13780	14658	1	13
k63_45490	14663	15388	1	14
k63_45490	15441	16433	1	15
k63_45490	16434	16757	-1	16
k63_45490	16802	18334	-1	17
k63_28303	1	873	1	1
k63_28303	924	1814	1	2
k63_28303	1875	3761	1	3
k63_11554	39	917	1	1
k63_11554	927	2546	1	2
k63_11554	2543	3808	1	3
k63_11554	3823	4143	1	4
k63_7647	2	208	1	1
k63_7647	517	1653	1	2
k63_37247	1	393	1	1
k63_37247	429	2345	1	2
k63_37247	2487	4322	1	3
k63_37247	4521	4874	-1	4
k63_33049	3	689	-1	1
k63_33049	761	1273	1	2
k63_33049	1308	1778	1	3
k63_33049	1766	2323	1	4
k63_33160	1	120	1	1
k63_33160	136	573	1	2
k63_33160	583	1251	1	3
k63_33160	1471	2460	1	4
k63_33160	2551	3225	1	5
k63_33160	3238	3858	1	6
k63_24859	1	1212	1	1
k63_24859	1233	1880	1	2
k63_24859	1920	2684	1	3
k63_8123	2	1081	1	1
k63_8123	1234	2523	1	2
k63_29043	3	137	-1	1
k63_29043	326	643	1	2
k63_29043	647	1153	1	3
k63_29043	1181	1630	1	4
k63_29043	1639	2283	-1	5
k63_29043	2312	3679	-1	6
k63_29043	3821	4915	1	7
k63_29043	4940	6439	1	8
k63_29043	6460	6894	1	9
k63_29043	6901	7593	1	10
k63_29043	7599	8468	-1	11
k63_29043	8502	9362	-1	12
k63_29043	9428	10465	-1	13
k63_29043	10555	11097	1	14
k63_29043	11112	12245	-1	15
k63_29043	12312	13787	1	16
k63_29043	13795	14274	1	17
k63_29043	14343	15641	1	18
k63_29043	15643	17508	1	19
k63_29043	17508	17927	1	20
k63_16500	2	1051	-1	1
k63_16500	1048	2283	-1	2
k63_16500	2423	2992	1	3
k63_16531	1	2067	-1	1
k63_16531	2165	2245	-1	2
k63_12421	63	1976	1	1
k63_12421	2093	2878	-1	2
