Contig	Start	End	Strand	Pos
k141_363	502	1215	-1	1
k141_363	1315	2109	-1	2
k141_363	2210	3286	1	3
k141_363	3273	3857	1	4
k141_363	3854	4933	1	5
k141_363	4985	5875	1	6
k141_363	5952	6410	1	7
k141_363	6500	6868	1	8
k141_363	6923	8098	1	9
k141_363	8167	8724	1	10
k141_363	8721	9224	1	11
k141_363	9380	10003	-1	12
k141_363	10203	10472	1	13
k141_363	10469	10807	-1	14
k141_363	10999	12099	1	15
k141_363	12330	12434	-1	16
k141_489	2	715	1	1
k141_489	543	1484	-1	2
k141_489	1488	1904	-1	3
k141_489	2186	4885	-1	4
k141_489	5138	6412	1	5
k141_489	6405	8009	1	6
k141_489	8042	9463	1	7
k141_489	9721	10479	1	8
k141_489	10570	11820	1	9
k141_489	11866	12669	1	10
k141_489	12757	13536	1	11
k141_489	13533	14606	-1	12
k141_489	14696	16420	-1	13
k141_489	16519	18291	-1	14
k141_489	18316	19191	-1	15
k141_489	19494	19991	1	16
k141_489	20080	21318	1	17
k141_489	21326	22456	1	18
k141_489	22587	22898	1	19
k141_489	22976	24349	-1	20
k141_489	24445	25419	-1	21
k141_489	25457	26377	-1	22
k141_489	26408	26869	-1	23
k141_489	26869	28581	-1	24
k141_489	28584	29822	-1	25
k141_489	29871	30665	-1	26
k141_489	30689	31828	-1	27
k141_489	31855	33021	-1	28
k141_489	33228	34136	-1	29
k141_489	34244	35845	-1	30
k141_489	36104	36355	1	31
k141_489	36352	37185	-1	32
k141_489	37182	37655	-1	33
k141_489	37652	38194	-1	34
k141_489	38191	40179	-1	35
k141_489	40240	40497	-1	36
k141_489	40596	43910	1	37
k141_489	43930	45390	-1	38
k141_489	45535	46344	1	39
k141_489	46341	47561	1	40
k141_489	47930	49648	1	41
k141_489	49775	49888	-1	42
k141_768	2	64	-1	1
k141_768	594	2546	-1	2
k141_768	2558	4636	-1	3
k141_768	4869	5996	1	4
k141_768	6014	6172	-1	5
k141_768	6196	7344	-1	6
k141_768	7364	8188	-1	7
k141_768	8185	9189	-1	8
k141_768	9305	9907	1	9
k141_768	9904	11373	-1	10
k141_768	11497	12345	1	11
k141_768	12342	13547	-1	12
k141_768	13689	14351	1	13
k141_768	14338	16422	-1	14
k141_768	16500	16793	1	15
k141_768	16815	20306	1	16
k141_768	20437	21135	-1	17
k141_768	21370	21687	1	18
k141_768	21678	22994	-1	19
k141_768	23088	24176	1	20
k141_768	24181	25401	-1	21
k141_768	25742	25993	1	22
k141_768	26130	27122	-1	23
k141_768	27210	28109	1	24
k141_768	28188	28892	1	25
k141_768	28892	29551	1	26
k141_768	29692	32775	1	27
k141_768	32791	33855	1	28
k141_768	34213	34899	-1	29
k141_768	35383	35907	-1	30
k141_768	36070	36870	-1	31
k141_768	36894	38273	-1	32
k141_768	38380	39054	-1	33
k141_768	39090	40178	1	34
k141_768	40357	41592	-1	35
k141_768	41611	42459	-1	36
k141_768	42614	43204	1	37
k141_768	43261	44187	-1	38
k141_768	44353	46248	-1	39
k141_768	46322	46777	-1	40
k141_768	46774	47907	-1	41
k141_768	48027	48509	1	42
k141_768	48452	49126	-1	43
k141_768	49130	50143	-1	44
k141_768	50322	51866	1	45
k141_768	51854	52336	1	46
k141_768	52333	53823	1	47
k141_768	54218	54346	-1	48
k141_768	54460	54588	-1	49
k141_768	54778	55530	1	50
k141_768	55563	56225	1	51
k141_768	56177	56572	-1	52
k141_768	56757	57650	-1	53
k141_768	57752	58564	1	54
k141_768	59000	59908	1	55
k141_768	60008	61153	1	56
k141_768	61159	61791	1	57
k141_768	61788	62831	1	58
k141_768	62840	63622	1	59
k141_768	63619	64479	1	60
k141_768	64486	64935	-1	61
k141_768	65016	65186	-1	62
k141_768	65244	65348	-1	63
k141_768	65732	66550	1	64
k141_768	66661	68010	-1	65
k141_768	68007	68282	-1	66
k141_768	68390	69238	-1	67
k141_768	69249	70652	-1	68
k141_768	70656	72029	-1	69
k141_768	72051	73439	-1	70
k141_768	73443	75656	-1	71
k141_768	75734	77002	-1	72
k141_768	76999	78051	-1	73
k141_768	78048	79049	-1	74
k141_768	79134	80285	1	75
k141_768	80282	80782	1	76
k141_768	80753	81325	-1	77
k141_768	81264	82241	-1	78
k141_1386	3	98	1	1
k141_1386	70	1671	-1	2
k141_1386	1668	2729	-1	3
k141_1386	2761	4266	-1	4
k141_1386	4376	5509	1	5
k141_1386	5608	7032	1	6
k141_1386	7047	7688	1	7
k141_1386	7719	8474	1	8
k141_1876	2	76	-1	1
k141_1876	237	956	-1	2
k141_1876	2278	3441	-1	3
k141_1876	3565	4473	-1	4
k141_1876	4586	6106	-1	5
k141_1876	6295	7143	-1	6
k141_1876	7140	8324	-1	7
k141_1876	8332	8634	-1	8
k141_1876	8671	9000	-1	9
k141_1876	9077	10201	-1	10
k141_1876	10249	10923	-1	11
k141_1876	10920	11504	-1	12
k141_1876	11706	13058	1	13
k141_1876	13055	13825	1	14
k141_1876	13825	15054	1	15
k141_1876	15202	17340	1	16
k141_1876	17415	18194	1	17
k141_1876	18191	18865	1	18
k141_1876	18855	19946	1	19
k141_1876	19943	21340	-1	20
k141_1876	21337	24447	-1	21
k141_1876	24444	25556	-1	22
k141_1876	25677	27206	-1	23
k141_1876	27363	27992	-1	24
k141_1876	28120	30135	1	25
k141_1876	30135	30914	1	26
k141_1876	31423	34383	-1	27
k141_1876	34576	35382	-1	28
k141_1876	35771	36574	1	29
k141_1876	36583	37059	-1	30
k141_1876	37071	37529	-1	31
k141_1876	37737	37859	-1	32
k141_1876	37877	39022	-1	33
k141_1876	39035	40624	-1	34
k141_1876	40726	42384	1	35
k141_1876	42381	44039	1	36
k141_1876	44088	44534	1	37
k141_1876	44531	45397	-1	38
k141_1876	45498	46430	-1	39
k141_1876	46442	47389	-1	40
k141_1876	47533	48501	1	41
k141_1876	48519	49970	1	42
k141_1876	49986	50972	-1	43
k141_1876	51123	52796	1	44
k141_1876	52793	54037	1	45
k141_1876	54034	55506	1	46
k141_1876	55487	55942	-1	47
k141_1876	55939	57657	-1	48
k141_1876	57764	59476	-1	49
k141_1876	59548	62241	-1	50
k141_1876	62380	63417	-1	51
k141_1876	63414	63926	-1	52
k141_1876	64042	65112	-1	53
k141_1876	65109	65651	-1	54
k141_1876	65772	69290	-1	55
k141_1876	69485	72379	1	56
k141_1876	72476	73420	-1	57
k141_1876	73417	74505	-1	58
k141_1876	74502	75767	-1	59
k141_1876	75776	77419	-1	60
k141_1876	77421	78122	-1	61
k141_1876	78231	78623	1	62
k141_1876	78620	79240	1	63
k141_1876	79237	80391	1	64
k141_1876	80394	82154	1	65
k141_1876	82507	85749	-1	66
k141_1876	85772	86554	-1	67
k141_1876	86551	87867	-1	68
k141_1876	88033	88536	1	69
k141_1876	88570	90201	1	70
k141_1876	90198	90953	1	71
k141_1876	90956	92824	-1	72
k141_1876	92835	95042	-1	73
k141_1876	95209	95967	-1	74
k141_1876	96120	96953	-1	75
k141_1876	96958	97485	-1	76
k141_1876	97482	98483	-1	77
k141_1876	98480	99757	-1	78
k141_1876	99777	101954	-1	79
k141_1876	102014	103504	-1	80
k141_1876	103643	104803	1	81
k141_1876	104826	106247	1	82
k141_1876	106253	107047	1	83
k141_1876	107044	108021	-1	84
k141_1876	108021	109037	-1	85
k141_1876	109531	110808	-1	86
k141_1876	110826	112283	-1	87
k141_1876	112350	113579	-1	88
k141_1876	113576	115699	-1	89
k141_1876	115696	117261	-1	90
k141_1876	117309	119693	-1	91
k141_1876	119756	120676	-1	92
k141_1876	120826	122667	-1	93
k141_1876	123054	125063	1	94
k141_1876	125171	125671	1	95
k141_1876	125708	126136	1	96
k141_1876	126210	126404	-1	97
k141_1876	126492	126893	-1	98
k141_1876	126932	127366	-1	99
k141_1876	127727	128395	-1	100
k141_1876	128395	129093	-1	101
k141_1876	129219	129428	1	102
k141_1876	129433	129999	1	103
k141_1876	130118	130798	-1	104
k141_1876	130916	131533	-1	105
k141_1876	131526	133052	-1	106
k141_1876	133204	133953	-1	107
k141_1876	133953	134726	-1	108
k141_1876	134756	135064	-1	109
k141_1876	135057	136076	-1	110
k141_1876	136090	137058	-1	111
k141_1876	137156	138979	-1	112
k141_1876	139011	139415	-1	113
k141_1876	139587	141350	1	114
k141_1876	141426	144164	1	115
k141_1876	144244	146937	1	116
k141_1876	146944	147819	-1	117
k141_1876	148004	148720	-1	118
k141_1876	148944	151223	-1	119
k141_1876	151514	152209	1	120
k141_1876	152384	154051	1	121
k141_1876	154044	155366	1	122
k141_1876	155371	157029	1	123
k141_1876	157259	158629	1	124
k141_1876	158626	160287	1	125
k141_1876	160350	161063	-1	126
k141_1876	161077	162660	-1	127
k141_1876	163018	163908	1	128
k141_1876	164255	164386	1	129
k141_1876	164397	164537	-1	130
k141_1894	463	858	-1	1
k141_1894	1737	2213	-1	2
k141_1894	2268	5528	-1	3
k141_1894	5940	6509	1	4
k141_1894	6506	6742	1	5
k141_1894	6716	7141	-1	6
k141_1894	7158	8234	-1	7
k141_1894	8473	9645	-1	8
k141_1894	10026	10493	1	9
k141_1894	10496	11227	-1	10
k141_1894	11466	13304	1	11
k141_1894	13358	15016	1	12
k141_2091	342	956	1	1
k141_2091	957	1268	1	2
k141_2091	1275	1820	-1	3
k141_2091	2012	3415	-1	4
k141_2091	3540	3974	-1	5
k141_2091	4059	5627	-1	6
k141_2091	5624	8647	-1	7
k141_2091	9021	9929	-1	8
k141_2091	9929	11128	-1	9
k141_2091	11234	12535	-1	10
k141_2091	12620	14044	-1	11
k141_2091	14296	14724	-1	12
k141_2091	14815	15678	-1	13
k141_2091	15736	16140	-1	14
k141_2091	16150	17664	-1	15
k141_2091	17675	18097	-1	16
k141_2091	18237	18995	1	17
k141_2091	19002	19841	-1	18
k141_2091	19861	20400	-1	19
k141_2091	20600	21115	1	20
k141_2091	21195	22157	-1	21
k141_2091	22269	22478	-1	22
k141_2091	22475	22924	-1	23
k141_2091	23000	23728	-1	24
k141_2372	450	956	-1	1
k141_2372	956	2293	-1	2
k141_2372	2446	3756	-1	3
k141_2372	3801	5012	-1	4
k141_2372	5043	5483	-1	5
k141_2372	5514	5963	-1	6
k141_2372	6031	6642	-1	7
k141_2372	6639	7757	-1	8
k141_2372	7754	8800	-1	9
k141_2372	8890	9417	-1	10
k141_2372	9534	9803	-1	11
k141_2372	9824	10504	-1	12
k141_2372	10721	11017	-1	13
k141_2372	11763	14846	1	14
k141_2372	14929	16155	-1	15
k141_2372	16142	16840	-1	16
k141_2372	16842	18734	-1	17
k141_2372	18940	21207	-1	18
k141_2372	21345	22682	-1	19
k141_2372	22755	23453	1	20
k141_2372	23538	23762	1	21
k141_2372	23885	24991	1	22
k141_2372	24996	25574	1	23
k141_2372	25637	26011	1	24
k141_2372	26103	26669	1	25
k141_2372	26787	27836	1	26
k141_2372	27923	28375	1	27
k141_2372	28469	30601	1	28
k141_2372	30670	32433	-1	29
k141_2372	32603	33787	1	30
k141_2372	33825	34538	-1	31
k141_2372	34703	37039	1	32
k141_2372	37099	37974	1	33
k141_2372	38055	38975	1	34
k141_2372	39144	42200	1	35
k141_2372	42211	43812	1	36
k141_2372	43816	45057	1	37
k141_2372	45095	46861	1	38
k141_2372	46889	47245	-1	39
k141_2372	47214	48491	-1	40
k141_2372	48709	49080	-1	41
k141_2372	49203	49772	1	42
k141_2372	49769	50470	1	43
k141_2372	50467	51726	1	44
k141_2372	51735	52448	1	45
k141_2372	52460	53419	-1	46
k141_2372	53457	54878	-1	47
k141_2372	54963	56450	-1	48
k141_2372	56617	56994	1	49
k141_2372	57001	57573	1	50
k141_2372	57557	57799	1	51
k141_2372	58055	60826	1	52
k141_2372	60904	61944	1	53
k141_2388	269	802	-1	1
k141_2388	799	2637	-1	2
k141_2388	2793	2954	1	3
k141_2388	3111	3968	-1	4
k141_2388	4021	4857	-1	5
k141_2388	4868	5878	1	6
k141_2388	5875	7215	1	7
k141_2388	7460	7837	1	8
k141_2388	7900	8661	1	9
k141_2388	8813	9226	1	10
k141_2388	9418	10599	-1	11
k141_2388	10610	11770	-1	12
k141_2388	11767	12462	-1	13
k141_2388	12550	13575	-1	14
k141_2388	13750	14436	1	15
k141_2388	14453	14884	-1	16
k141_2388	14881	15366	-1	17
k141_2388	15410	16210	-1	18
k141_2388	16296	16664	-1	19
k141_2388	16874	17659	-1	20
k141_2388	17841	18905	1	21
k141_2388	18902	20314	-1	22
k141_2388	20311	21267	-1	23
k141_2388	21307	21849	-1	24
k141_2388	21856	22431	-1	25
k141_2388	22618	24375	1	26
k141_2388	24477	24962	1	27
k141_2388	24982	25365	-1	28
k141_2388	25573	25800	1	29
k141_2388	25797	26117	1	30
k141_2388	26126	26878	1	31
k141_2388	26882	27655	1	32
k141_2388	27702	28574	1	33
k141_2388	28727	29149	1	34
k141_2388	29172	29882	-1	35
k141_2388	30034	30966	1	36
k141_2388	31059	31661	1	37
k141_2388	31728	31976	1	38
k141_2388	31978	32337	1	39
k141_2388	32347	33234	1	40
k141_2388	33249	35174	1	41
k141_2388	35179	36576	-1	42
k141_2388	36608	37225	-1	43
k141_2388	37281	38039	1	44
k141_2388	38044	38832	-1	45
k141_2388	39014	40306	-1	46
k141_2388	40427	41518	-1	47
k141_2388	41565	42074	-1	48
k141_2388	42163	42837	1	49
k141_2388	42862	43668	1	50
k141_2388	43665	44576	-1	51
k141_2388	44573	45517	-1	52
k141_2388	45644	45805	1	53
k141_2388	45879	46811	1	54
k141_2388	46811	47716	1	55
k141_2388	47812	48483	-1	56
k141_2388	48506	49108	-1	57
k141_2388	49237	50877	1	58
k141_2388	50946	52166	1	59
k141_2388	52246	54033	-1	60
k141_2388	55180	55962	1	61
k141_2388	55988	57373	1	62
k141_2388	57388	57927	1	63
k141_2388	57924	58334	1	64
k141_2388	58349	58753	1	65
k141_2388	58766	59383	1	66
k141_2388	59521	61059	1	67
k141_2388	61271	62725	1	68
k141_2388	63041	63658	1	69
k141_2388	63726	65984	-1	70
k141_2388	66012	66422	-1	71
k141_2388	66406	67650	-1	72
k141_2388	67908	68996	1	73
k141_2388	69042	69413	-1	74
k141_2388	69454	69990	1	75
k141_2388	70121	70366	1	76
k141_2388	70483	70752	1	77
k141_2388	70816	73248	-1	78
k141_2388	73618	74124	1	79
k141_2388	74124	74441	1	80
k141_2388	74438	74812	1	81
k141_2388	74813	75454	1	82
k141_2388	75451	75909	1	83
k141_2388	75912	76388	1	84
k141_2388	76389	77915	1	85
k141_2388	77920	79401	1	86
k141_2388	79398	79700	1	87
k141_2388	79697	81448	1	88
k141_2388	81611	81970	1	89
k141_2388	81967	82659	1	90
k141_2388	82811	83230	-1	91
k141_2388	83314	83583	-1	92
k141_2388	83807	84838	-1	93
k141_2388	85037	86809	1	94
k141_2388	86917	87825	-1	95
k141_2388	87935	89608	-1	96
k141_2388	89667	90008	1	97
k141_2388	90076	90498	1	98
k141_2388	90532	92139	1	99
k141_2388	92136	93314	1	100
k141_2388	93323	94405	-1	101
k141_2388	94556	94930	-1	102
k141_2388	94930	96912	-1	103
k141_2388	97120	97956	1	104
k141_2388	97890	99860	-1	105
k141_2388	99947	100399	1	106
k141_2388	100556	100759	-1	107
k141_2388	100756	104043	-1	108
k141_2388	104040	105023	-1	109
k141_2388	105043	105399	-1	110
k141_2388	105514	105843	1	111
k141_2388	105918	107198	1	112
k141_2485	594	902	1	1
k141_2485	925	1842	-1	2
k141_2485	1842	2570	-1	3
k141_2485	2567	3616	-1	4
k141_2485	3613	4629	-1	5
k141_2485	4656	5627	-1	6
k141_2485	5627	7420	-1	7
k141_2485	7593	7979	1	8
k141_2485	7979	8362	1	9
k141_2485	8564	9391	1	10
k141_2485	9742	10566	1	11
k141_2485	10668	11033	1	12
k141_2485	11251	12084	1	13
k141_2485	12193	13359	1	14
k141_2485	13469	14542	-1	15
k141_2485	14771	17524	1	16
k141_2485	17541	18191	-1	17
k141_2485	18278	18727	-1	18
k141_2485	18729	19058	-1	19
k141_2485	19064	20185	-1	20
k141_2485	20435	20854	1	21
k141_2485	21031	21459	1	22
k141_2485	22075	22821	-1	23
k141_2485	22840	23784	-1	24
k141_2485	23797	24582	-1	25
k141_2485	24597	25349	-1	26
k141_2485	25608	26183	1	27
k141_2485	26205	27338	1	28
k141_2485	27335	27736	1	29
k141_2485	27740	28501	1	30
k141_2485	28485	31931	1	31
k141_2485	32032	32787	-1	32
k141_2485	32784	33113	-1	33
k141_2485	33220	33660	1	34
k141_2485	33676	34089	1	35
k141_2485	34128	34442	1	36
k141_2485	34593	35114	1	37
k141_2485	35236	37152	-1	38
k141_2485	37164	39056	-1	39
k141_2485	39223	41133	-1	40
k141_2485	41246	41509	1	41
k141_2485	41506	42258	1	42
k141_2485	42269	43369	1	43
k141_2485	43406	45946	1	44
k141_2485	46019	46417	1	45
k141_2485	46906	47154	1	46
k141_2485	47195	47764	-1	47
k141_2485	47784	48047	-1	48
k141_2485	48161	49033	1	49
k141_2485	49040	50482	-1	50
k141_2485	50572	51648	1	51
k141_2485	52064	54718	1	52
k141_2485	54718	55176	1	53
k141_2485	55173	56156	-1	54
k141_2485	56324	57253	1	55
k141_2485	57250	58125	1	56
k141_2485	58122	58532	-1	57
k141_2485	58619	59008	-1	58
k141_2485	59125	60348	-1	59
k141_2485	60555	61994	1	60
k141_2485	62093	64636	-1	61
k141_2485	64629	65693	-1	62
k141_2485	65804	66148	1	63
k141_2485	66209	66970	1	64
k141_2485	66967	68067	-1	65
k141_2485	68323	68940	1	66
k141_2485	69019	70230	-1	67
k141_2485	70546	71010	1	68
k141_2485	71039	71368	-1	69
k141_2485	71401	72222	-1	70
k141_2485	72229	72465	-1	71
k141_2485	72587	73096	1	72
k141_2485	73183	74127	1	73
k141_2485	74485	76713	-1	74
k141_2485	76807	77013	1	75
k141_2485	77026	77547	1	76
k141_2485	77578	78240	-1	77
k141_2485	78256	78495	-1	78
k141_2485	78585	79859	1	79
k141_2485	79938	80693	-1	80
k141_2485	80947	81270	1	81
k141_2485	81310	81753	-1	82
k141_2485	81832	82299	-1	83
k141_2485	82296	82856	-1	84
k141_2485	83649	84950	-1	85
k141_2485	85286	86077	-1	86
k141_2485	86291	87514	-1	87
k141_2485	87795	88475	-1	88
k141_2485	88479	89318	-1	89
k141_2485	89410	91089	-1	90
k141_2485	91166	91630	-1	91
k141_2485	91627	92334	-1	92
k141_2485	92400	93182	1	93
k141_2485	94243	95913	1	94
k141_2485	96179	97366	1	95
k141_2485	97805	99082	1	96
k141_2485	99100	100302	-1	97
k141_2485	100473	100739	-1	98
k141_2485	101117	101638	1	99
k141_2485	101640	101945	1	100
k141_2485	101957	102250	-1	101
k141_2485	102237	102494	-1	102
k141_2485	102673	103413	1	103
k141_2485	103410	103781	-1	104
k141_2485	103822	104109	-1	105
k141_2485	104383	104928	1	106
k141_2485	104964	106046	-1	107
k141_2485	106046	107407	-1	108
k141_2485	107437	109101	-1	109
k141_2485	109098	109556	-1	110
k141_2485	109745	110422	-1	111
k141_2485	110376	111029	-1	112
k141_2485	111226	111564	1	113
k141_2485	111915	112124	-1	114
k141_2485	112523	112783	1	115
k141_2485	112783	113079	1	116
k141_2485	113172	114257	1	117
k141_2485	114722	116275	1	118
k141_2485	116307	117170	-1	119
k141_2485	117360	118892	-1	120
k141_2485	118879	120192	-1	121
k141_2485	120916	121098	-1	122
k141_2485	121317	122783	1	123
k141_2485	122844	123380	-1	124
k141_2485	123493	124311	1	125
k141_2485	124383	125540	1	126
k141_2485	125584	126036	1	127
k141_2485	126167	127477	-1	128
k141_2485	127642	127896	-1	129
k141_2485	127942	128652	-1	130
k141_2485	128715	130859	-1	131
k141_2485	130930	131349	-1	132
k141_2485	131477	132100	1	133
k141_2485	132181	132432	1	134
k141_2485	132422	132727	1	135
k141_2485	132882	133844	1	136
k141_2485	133887	134114	-1	137
k141_2485	134145	134549	-1	138
k141_2485	134546	134869	-1	139
k141_2485	134996	135661	-1	140
k141_2485	135834	136625	-1	141
k141_2485	136748	137866	-1	142
k141_2485	138072	138557	1	143
k141_2485	138554	139126	-1	144
k141_2485	139155	142643	-1	145
k141_2485	142774	143235	1	146
k141_2485	143242	144408	-1	147
k141_2485	144448	146412	-1	148
k141_2485	146809	147435	-1	149
k141_2485	147550	148203	1	150
k141_2485	148304	149437	1	151
k141_2485	149434	152577	1	152
k141_2485	152605	153195	1	153
k141_2485	153212	154039	1	154
k141_2485	154047	154364	1	155
k141_2485	154361	154645	-1	156
k141_2485	154611	154904	-1	157
k141_2485	155074	155298	1	158
k141_2485	155295	156074	1	159
k141_2485	156253	157812	1	160
k141_2485	157812	158309	1	161
k141_2485	158486	160930	1	162
k141_2485	160927	161379	1	163
k141_2485	161376	162038	-1	164
k141_2485	162165	162929	-1	165
k141_2485	163218	163748	1	166
k141_2485	163779	164279	-1	167
k141_2485	164418	165041	-1	168
k141_2485	165099	165659	-1	169
k141_2485	165855	166745	1	170
k141_2551	2	127	1	1
k141_2551	208	1611	-1	2
k141_2551	1754	2389	1	3
k141_2551	2531	2713	1	4
k141_2551	2825	4495	1	5
k141_2551	4621	5892	1	6
k141_2551	6092	6547	1	7
k141_2551	6650	8275	1	8
k141_2551	8285	8890	1	9
k141_2551	8993	9343	1	10
k141_2551	9355	10800	-1	11
k141_2551	10797	11903	-1	12
k141_2551	12157	12462	1	13
k141_2551	12797	13813	1	14
k141_2551	14153	14563	1	15
k141_2551	14556	15677	1	16
k141_2551	15686	16135	1	17
k141_2551	16148	17560	1	18
k141_2551	17566	17889	1	19
k141_2551	17886	18287	1	20
k141_2551	18310	19668	1	21
k141_2551	19744	20226	1	22
k141_2551	20368	21813	1	23
k141_2551	21900	22688	1	24
k141_2551	22798	23331	-1	25
k141_2551	23411	23947	1	26
k141_2551	24044	25099	1	27
k141_2551	25096	26073	1	28
k141_2551	26171	26476	1	29
k141_2551	26512	26958	1	30
k141_2551	27150	27551	-1	31
k141_2551	27554	27766	-1	32
k141_2551	27836	29080	-1	33
k141_2551	29250	30275	1	34
k141_2551	30272	31204	-1	35
k141_2551	31297	32712	-1	36
k141_2551	32937	33401	1	37
k141_2551	33403	33900	1	38
k141_2551	33972	34868	-1	39
k141_2551	34960	35583	1	40
k141_2551	35622	35750	-1	41
k141_2592	2	127	1	1
k141_2592	300	926	1	2
k141_2592	972	1745	1	3
k141_2592	1782	2519	1	4
k141_2592	2516	3838	1	5
k141_2592	3873	5033	1	6
k141_2592	5054	5641	-1	7
k141_2592	5706	8009	-1	8
k141_2592	8129	9655	-1	9
k141_2592	9661	11838	-1	10
k141_2592	11835	12515	-1	11
k141_2592	12538	13605	-1	12
k141_2592	13738	14778	1	13
k141_2592	14794	15444	1	14
k141_2592	15461	16201	-1	15
k141_2592	16309	16725	1	16
k141_2592	16722	17960	-1	17
k141_2592	18091	19554	1	18
k141_2592	19551	20174	-1	19
k141_2592	20492	21229	-1	20
k141_2592	21326	21748	-1	21
k141_2592	22046	23926	1	22
k141_2592	24020	26161	1	23
k141_2592	26362	26670	1	24
k141_2592	26686	27366	-1	25
k141_2592	27434	27826	-1	26
k141_2592	27846	28175	-1	27
k141_2592	28172	28624	-1	28
k141_2592	28879	30363	-1	29
k141_2592	30487	31626	1	30
k141_2592	31623	32720	1	31
k141_2592	32805	34997	1	32
k141_2592	35067	36344	1	33
k141_2592	36344	37351	1	34
k141_2592	37348	38205	1	35
k141_2592	38211	38870	-1	36
k141_2592	38860	39735	-1	37
k141_2592	39735	40778	-1	38
k141_2592	40799	42082	-1	39
k141_2592	42093	42329	-1	40
k141_2592	42488	43228	-1	41
k141_2592	43225	44178	-1	42
k141_2592	44434	44787	1	43
k141_2592	44802	45056	1	44
k141_2592	45071	45706	1	45
k141_2592	45847	46278	1	46
k141_2592	46521	48008	1	47
k141_2592	47989	49101	1	48
k141_2592	49166	50542	1	49
k141_2592	50554	51198	1	50
k141_2592	51195	52676	1	51
k141_2592	52673	53389	1	52
k141_2592	53529	53939	1	53
k141_2592	53977	55476	-1	54
k141_2592	55545	56921	-1	55
k141_2592	56914	57687	-1	56
k141_2592	57773	58600	-1	57
k141_2592	58678	59022	-1	58
k141_2592	59019	59561	-1	59
k141_2592	59576	59956	-1	60
k141_2592	60046	60606	-1	61
k141_2592	60696	61019	-1	62
k141_2592	61012	61542	-1	63
k141_2592	61545	61964	-1	64
k141_2592	62052	62678	-1	65
k141_2592	62762	63619	-1	66
k141_2592	63704	65299	-1	67
k141_2592	65454	66902	-1	68
k141_2592	67036	68562	1	69
k141_2592	68583	69158	-1	70
k141_2592	69230	70192	-1	71
k141_2592	70303	70512	-1	72
k141_2592	70639	71142	-1	73
k141_2592	71135	71980	-1	74
k141_2592	72056	72487	1	75
k141_2592	72568	73047	1	76
k141_2592	73067	73543	-1	77
k141_2592	73540	74181	-1	78
k141_2592	74252	74797	-1	79
k141_2592	74922	75827	1	80
k141_2592	75834	76532	-1	81
k141_2592	76605	77210	1	82
k141_2592	77207	77428	-1	83
k141_2592	77543	77752	-1	84
k141_2592	77990	78589	-1	85
k141_2592	78586	79734	-1	86
k141_2592	79800	80390	1	87
k141_2592	80387	80938	-1	88
k141_2592	80928	81236	-1	89
k141_2592	81836	82480	-1	90
k141_2592	82437	84011	-1	91
k141_2592	84244	84840	1	92
k141_2592	84943	85740	1	93
k141_2592	85889	86569	1	94
k141_2592	86566	87879	-1	95
k141_2592	88083	88451	-1	96
k141_2592	88448	88864	-1	97
k141_2592	88989	90458	-1	98
k141_2592	90643	90903	1	99
k141_2592	91289	93334	1	100
k141_2592	93356	94111	-1	101
k141_2592	94108	95214	-1	102
k141_2592	95447	95782	1	103
k141_2592	96015	97565	-1	104
k141_2592	97881	98888	-1	105
k141_2592	98949	99944	-1	106
k141_2592	99981	100610	-1	107
k141_2592	100774	101241	-1	108
k141_2592	101454	102362	1	109
k141_2592	102572	105688	-1	110
k141_2592	105678	106487	-1	111
k141_2592	107047	107715	-1	112
k141_2592	107712	108770	-1	113
k141_2592	108852	110891	-1	114
k141_2592	110896	115755	-1	115
k141_2592	115846	116556	-1	116
k141_2592	116667	117449	1	117
k141_2592	117386	117607	-1	118
k141_2592	117607	119790	-1	119
k141_2592	119778	120248	-1	120
k141_2592	120248	121729	-1	121
k141_2592	121771	122709	-1	122
k141_2592	122696	122893	-1	123
k141_2592	122898	123659	-1	124
k141_2592	123669	125321	-1	125
k141_2592	125776	126429	-1	126
k141_2592	126509	127762	-1	127
k141_2592	127860	128009	-1	128
k141_2592	128073	128645	-1	129
k141_2592	128656	129276	-1	130
k141_2592	129215	129619	-1	131
k141_2592	129724	130686	-1	132
k141_2592	130694	131530	-1	133
k141_2592	131527	133038	-1	134
k141_2592	133210	134310	1	135
k141_2592	134307	135149	-1	136
k141_2592	135340	136998	-1	137
k141_2592	137130	140744	-1	138
k141_2592	140749	141189	-1	139
k141_2592	141436	142572	1	140
k141_2592	142927	143094	-1	141
k141_2592	143129	144202	-1	142
k141_2592	144199	144822	-1	143
k141_2592	144863	145081	-1	144
k141_2592	145205	145639	-1	145
k141_2592	145636	146118	-1	146
k141_2592	146115	146576	-1	147
k141_2592	146581	147858	-1	148
k141_2592	147926	148147	-1	149
k141_2592	148443	148931	1	150
k141_2592	149081	150100	1	151
k141_2592	150108	150839	-1	152
k141_2592	151000	152433	1	153
k141_2592	152430	154574	1	154
k141_2592	154735	155445	-1	155
k141_2592	155525	155923	-1	156
k141_2592	155944	156276	-1	157
k141_2592	156497	156769	1	158
k141_2592	156855	157319	-1	159
k141_2592	157466	157939	1	160
k141_2592	157948	158313	-1	161
k141_2592	158323	158919	-1	162
k141_2592	158923	159972	-1	163
k141_2592	160185	162734	-1	164
k141_2592	163008	165077	1	165
k141_2592	165506	166135	-1	166
k141_2592	166160	167914	-1	167
k141_2592	168101	169045	1	168
k141_2592	169099	169887	1	169
k141_2592	170027	170353	1	170
k141_2592	170425	171096	1	171
k141_2592	171161	172573	-1	172
k141_2592	172675	173619	1	173
k141_2592	173622	174761	-1	174
k141_2592	175031	176656	1	175
k141_2592	176996	177148	1	176
k141_2592	177271	179061	1	177
k141_2592	179058	180005	1	178
k141_2592	180014	181315	1	179
k141_2592	181312	181671	-1	180
k141_2592	181849	183735	1	181
k141_2592	183732	184397	1	182
k141_2592	184403	184921	-1	183
k141_2592	185128	186444	1	184
k141_2592	186441	187004	-1	185
k141_2592	187157	188623	1	186
k141_2592	189000	191672	1	187
k141_2592	191758	194952	-1	188
k141_2592	194988	196178	-1	189
k141_2592	196311	196892	1	190
k141_2592	197169	198410	1	191
k141_2592	198407	199540	-1	192
k141_2592	199731	200180	1	193
k141_2767	138	860	-1	1
k141_2767	901	1095	-1	2
k141_2767	1193	2470	1	3
k141_2767	2467	3189	-1	4
k141_2767	3353	3769	1	5
k141_2767	3812	4069	1	6
k141_2767	4056	4646	1	7
k141_2767	4760	5833	1	8
k141_2767	5984	6394	1	9
k141_2767	6432	6770	1	10
k141_2767	6945	8216	-1	11
k141_2767	8306	9346	-1	12
k141_2767	9357	10985	-1	13
k141_2767	10982	12043	-1	14
k141_2767	12619	12837	1	15
k141_2767	12838	13536	-1	16
k141_2767	13638	14993	1	17
k141_2767	14993	16480	1	18
k141_2767	16480	17181	1	19
k141_2767	17455	18843	1	20
k141_2767	18845	20212	1	21
k141_2767	20515	20781	-1	22
k141_2767	21178	21609	-1	23
k141_2767	21609	22604	-1	24
k141_2767	22638	23456	-1	25
k141_2767	23607	24536	1	26
k141_2767	24577	26241	1	27
k141_2767	26503	26949	1	28
k141_2767	27490	28827	1	29
k141_2767	29115	30023	1	30
k141_2767	30023	30427	1	31
k141_2767	30436	30627	1	32
k141_2767	30839	31873	1	33
k141_2767	32109	34022	1	34
k141_2767	34019	35428	-1	35
k141_2767	35537	36448	1	36
k141_2767	36548	37297	1	37
k141_2767	37398	38495	1	38
k141_2767	38567	38686	-1	39
k141_2878	3	146	1	1
k141_2878	143	703	-1	2
k141_2878	960	1568	-1	3
k141_2878	1652	2098	-1	4
k141_2878	2279	2803	-1	5
k141_2878	2947	3333	-1	6
k141_2878	3419	3931	-1	7
k141_2878	4141	4692	-1	8
k141_2878	4801	5697	-1	9
k141_2878	5902	6525	1	10
k141_2878	6643	7665	-1	11
k141_2878	7774	7989	1	12
k141_2878	7986	8726	1	13
k141_2878	8929	9108	1	14
k141_2878	9178	10065	1	15
k141_2878	10298	10447	1	16
k141_2878	10447	10923	1	17
k141_2878	10920	11381	1	18
k141_2878	11394	13613	1	19
k141_2878	13994	16666	1	20
k141_2878	16898	17689	1	21
k141_2878	17762	18778	-1	22
k141_2878	18775	19635	-1	23
k141_2878	19632	21359	-1	24
k141_2878	21417	23090	-1	25
k141_2878	23227	24099	1	26
k141_2878	24316	24867	1	27
k141_2878	24879	26039	1	28
k141_2878	26120	27256	1	29
k141_2878	27331	28173	1	30
k141_2878	28175	30607	-1	31
k141_2878	30635	31297	1	32
k141_2878	31367	32446	1	33
k141_2878	33507	34568	-1	34
k141_2878	34633	35163	1	35
k141_2878	35189	35914	1	36
k141_2878	36044	36784	1	37
k141_2878	36781	37497	1	38
k141_2878	37564	41010	1	39
k141_2878	41134	41454	1	40
k141_2878	41520	42296	1	41
k141_2878	42358	42582	1	42
k141_2878	42662	43228	1	43
k141_2878	43230	43799	1	44
k141_2878	44000	44365	1	45
k141_2878	44362	45663	1	46
k141_2878	45676	45981	-1	47
k141_2878	46459	48030	-1	48
k141_2878	48032	49375	-1	49
k141_2878	49375	49794	-1	50
k141_2878	49804	50169	-1	51
k141_2878	50244	51341	-1	52
k141_2878	51863	53377	1	53
k141_2878	53475	53864	-1	54
k141_2878	53936	55702	-1	55
k141_2878	55707	56300	-1	56
k141_2878	56423	57370	1	57
k141_2878	57391	57933	1	58
k141_2878	57941	58360	1	59
k141_2878	58357	58794	1	60
k141_2878	58791	61748	-1	61
k141_2878	61970	62314	-1	62
k141_2878	62419	62913	-1	63
k141_2878	62941	63885	-1	64
k141_2878	63961	64443	-1	65
k141_2878	64533	65129	1	66
k141_2878	65164	65589	1	67
k141_2878	65602	66351	1	68
k141_2878	66348	67484	-1	69
k141_2878	67481	68059	-1	70
k141_2878	68131	68802	-1	71
k141_2878	68859	69218	-1	72
k141_2878	69232	70113	-1	73
k141_2878	70187	70750	-1	74
k141_2878	70747	70950	-1	75
k141_2878	70947	71942	-1	76
k141_2878	71948	73564	-1	77
k141_2878	73579	74442	-1	78
k141_2878	74812	76227	1	79
k141_2878	76362	78470	1	80
k141_2878	78635	79558	1	81
k141_2878	79637	81550	-1	82
k141_2878	81686	83062	-1	83
k141_2878	83172	83936	-1	84
k141_2878	83963	84940	1	85
k141_2878	85039	86490	1	86
k141_2878	86487	87938	1	87
k141_2878	87996	88361	-1	88
k141_2878	88421	89080	1	89
k141_2878	89188	89514	-1	90
k141_2878	89803	90174	1	91
k141_2878	90280	91056	1	92
k141_2878	91182	92564	1	93
k141_2878	92657	93004	1	94
k141_2878	93001	93876	1	95
k141_2878	93873	94307	-1	96
k141_2878	94510	96012	1	97
k141_3140	201	1139	-1	1
k141_3140	1118	1807	-1	2
k141_3140	1973	4129	1	3
k141_3140	4332	5051	1	4
k141_3140	5303	5863	1	5
k141_3140	5868	7400	1	6
k141_3140	7433	8320	1	7
k141_3140	8339	9778	1	8
k141_3140	9810	10211	1	9
k141_3140	10502	12310	1	10
k141_3140	12395	12922	1	11
k141_3140	13042	14250	1	12
k141_3140	14418	15092	-1	13
k141_3140	15182	15835	-1	14
k141_3140	16309	17313	1	15
k141_3140	17416	22086	1	16
k141_3409	1	537	-1	1
k141_3409	2338	3033	1	2
k141_3409	3068	4075	-1	3
k141_3409	4206	5387	-1	4
k141_3409	5481	6830	-1	5
k141_3409	7018	7944	1	6
k141_3409	7941	8666	1	7
k141_3409	8682	9953	-1	8
k141_3409	9953	10246	-1	9
k141_3409	10243	11043	-1	10
k141_3409	11218	12942	-1	11
k141_3409	13062	13496	1	12
k141_3409	14080	15774	1	13
k141_3409	15755	16522	1	14
k141_3409	16635	19724	-1	15
k141_3409	19982	23071	-1	16
k141_3409	23401	23943	1	17
k141_3409	24107	24931	-1	18
k141_3409	25107	25874	-1	19
k141_3409	26160	27218	1	20
k141_3409	27396	28025	1	21
k141_3409	28100	28555	1	22
k141_3409	28569	29063	1	23
k141_3409	29144	30280	-1	24
k141_3409	30363	31187	-1	25
k141_3409	31365	31862	1	26
k141_3409	31873	32781	-1	27
k141_3409	32833	32973	-1	28
k141_3435	3	107	1	1
k141_3435	243	548	-1	2
k141_3435	712	1359	-1	3
k141_3435	1450	1974	-1	4
k141_3435	2312	2815	-1	5
k141_3435	3068	4873	-1	6
k141_3435	4886	5842	-1	7
k141_3435	5890	6228	-1	8
k141_3435	6312	8189	1	9
k141_3435	8309	9016	1	10
k141_3435	9115	10299	1	11
k141_3435	10296	10805	-1	12
k141_3435	10821	13256	-1	13
k141_3435	13327	14649	-1	14
k141_3435	14716	15486	-1	15
k141_3435	15757	17412	1	16
k141_3435	17417	18076	-1	17
k141_3435	18138	19538	-1	18
k141_3435	19640	20011	-1	19
k141_3435	20086	20496	1	20
k141_3435	20552	21226	1	21
k141_3435	21223	21987	-1	22
k141_3435	22381	22650	-1	23
k141_3435	22884	23135	-1	24
k141_3435	23255	25342	-1	25
k141_3435	25550	26083	-1	26
k141_3435	26123	27085	-1	27
k141_3435	27088	27576	-1	28
k141_3435	27573	28004	-1	29
k141_3435	28008	29129	-1	30
k141_3435	29126	29737	-1	31
k141_3435	29737	30312	-1	32
k141_3435	30309	30794	-1	33
k141_3435	30804	32111	-1	34
k141_3435	32377	32799	1	35
k141_3435	32815	33042	-1	36
k141_3435	33073	34299	-1	37
k141_3435	34523	35014	-1	38
k141_3435	35179	36069	-1	39
k141_3435	36108	37172	-1	40
k141_3435	37252	37494	-1	41
k141_3435	37714	38850	-1	42
k141_3435	39006	39986	1	43
k141_3435	40254	40544	1	44
k141_3435	40657	41811	1	45
k141_3435	41961	42293	1	46
k141_3435	42548	43177	-1	47
k141_3435	43174	44220	-1	48
k141_3435	44227	44745	-1	49
k141_3435	44742	45605	-1	50
k141_3435	45667	47991	1	51
k141_3435	47973	48437	-1	52
k141_3435	48528	49460	1	53
k141_3435	49581	51425	1	54
k141_3435	51468	52223	1	55
k141_3435	52267	53388	1	56
k141_3435	53394	54173	1	57
k141_3435	54178	55773	1	58
k141_3435	55804	56928	1	59
k141_3435	56929	57993	-1	60
k141_3435	58708	59307	-1	61
k141_3435	59258	60277	-1	62
k141_3435	60281	60832	-1	63
k141_3435	60879	63155	-1	64
k141_3435	63249	63938	-1	65
k141_3435	64000	64440	1	66
k141_3435	64648	65376	-1	67
k141_3435	65524	66486	1	68
k141_3435	66487	67434	-1	69
k141_3435	67427	68113	-1	70
k141_3435	68106	68534	-1	71
k141_3435	68534	69280	-1	72
k141_3435	69277	69861	-1	73
k141_3435	69862	72090	-1	74
k141_3435	72097	72468	-1	75
k141_3435	72544	73074	-1	76
k141_3435	73109	73648	1	77
k141_3435	73645	74304	1	78
k141_3435	74286	75719	-1	79
k141_3435	75716	75928	-1	80
k141_3435	75996	77009	1	81
k141_3435	77006	78094	-1	82
k141_3435	78202	78672	-1	83
k141_3435	78684	79565	-1	84
k141_3435	79711	81903	1	85
k141_3435	81953	82942	-1	86
k141_3435	83108	84751	1	87
k141_3435	84823	85590	-1	88
k141_3435	85751	86650	1	89
k141_3435	86804	86998	1	90
k141_3435	87344	88018	-1	91
k141_3435	88021	89049	-1	92
k141_3435	89069	89914	-1	93
k141_3435	89994	90686	-1	94
k141_3435	90949	92058	-1	95
k141_3435	92201	93379	-1	96
k141_3435	93773	94159	-1	97
k141_3435	94878	96080	-1	98
k141_3435	96399	97559	-1	99
k141_3435	97928	99598	-1	100
k141_3435	99600	100412	-1	101
k141_3435	100413	101936	-1	102
k141_3435	101933	103141	-1	103
k141_3435	103220	104587	1	104
k141_3435	104587	105324	1	105
k141_3435	105520	106962	-1	106
k141_3435	106976	108964	-1	107
k141_3435	109167	109799	-1	108
k141_3435	109796	110563	-1	109
k141_3435	110545	111279	-1	110
k141_3435	111276	111875	-1	111
k141_3435	111872	113770	-1	112
k141_3435	113779	114666	-1	113
k141_3435	114663	114980	-1	114
k141_3435	115313	115615	1	115
k141_3435	115724	116590	1	116
k141_3435	116580	118334	1	117
k141_3435	118439	119386	1	118
k141_3435	119519	121039	1	119
k141_3435	121100	121453	1	120
k141_3435	121529	123484	1	121
k141_3435	123561	124082	1	122
k141_3435	124197	124574	1	123
k141_3435	124608	126251	-1	124
k141_3435	126339	127628	-1	125
k141_3435	127784	129214	1	126
k141_3435	129383	131488	1	127
k141_3435	131482	132000	-1	128
k141_3435	132142	133230	-1	129
k141_3435	133375	134199	-1	130
k141_3435	134282	135556	-1	131
k141_3435	135609	137378	-1	132
k141_3700	169	435	-1	1
k141_3700	440	1825	-1	2
k141_3700	2062	2679	1	3
k141_3700	2754	3812	-1	4
k141_3700	3955	4851	1	5
k141_3700	5041	5433	1	6
k141_3700	5500	6123	-1	7
k141_3700	6168	7244	-1	8
k141_3700	7371	7736	1	9
k141_3700	7792	9489	-1	10
k141_3700	9636	11987	-1	11
k141_3700	12150	13157	1	12
k141_3700	13183	14391	1	13
k141_3700	14398	14742	-1	14
k141_3700	14742	15572	-1	15
k141_3700	15621	16226	-1	16
k141_3700	16312	17346	-1	17
k141_3700	17532	18362	-1	18
k141_3700	18627	20522	-1	19
k141_3700	20809	23934	-1	20
k141_3700	24341	25507	1	21
k141_3700	25591	26652	-1	22
k141_3700	26746	28758	-1	23
k141_3700	28755	29549	-1	24
k141_3700	29619	30101	1	25
k141_3700	30302	30832	-1	26
k141_3700	30816	31550	-1	27
k141_3700	31547	32050	-1	28
k141_3700	32047	33267	-1	29
k141_3700	33264	34250	-1	30
k141_3700	34247	34897	-1	31
k141_3700	34894	35265	-1	32
k141_3700	35269	35787	-1	33
k141_3700	35787	36242	-1	34
k141_3700	36253	37491	-1	35
k141_3700	37478	38995	-1	36
k141_3700	38985	40943	-1	37
k141_3700	40943	41770	-1	38
k141_3700	41964	44645	-1	39
k141_3700	44712	47555	-1	40
k141_3700	48124	49374	1	41
k141_3700	49371	50417	1	42
k141_3700	51434	51760	1	43
k141_3700	51816	53711	-1	44
k141_3700	53711	54679	-1	45
k141_3700	54827	55954	-1	46
k141_3700	56057	57880	-1	47
k141_3700	57944	61879	-1	48
k141_3700	61946	62629	-1	49
k141_3700	62642	63436	-1	50
k141_3700	63590	65098	-1	51
k141_3700	65180	66373	1	52
k141_3700	66330	66791	-1	53
k141_3700	66788	67405	-1	54
k141_3700	67413	69611	-1	55
k141_3700	69613	70098	-1	56
k141_3700	70095	70679	-1	57
k141_3700	70679	71722	-1	58
k141_3700	71685	72728	-1	59
k141_3700	72725	73402	-1	60
k141_3700	73377	74321	-1	61
k141_3700	74455	74817	-1	62
k141_3700	74860	75315	-1	63
k141_3700	75384	76100	1	64
k141_3700	76110	77309	-1	65
k141_3700	77331	78023	-1	66
k141_3700	78020	78949	-1	67
k141_3700	78939	79667	-1	68
k141_3700	79660	81594	-1	69
k141_3700	81790	83199	-1	70
k141_3700	83634	85862	1	71
k141_3700	85886	86467	1	72
k141_3700	86464	87516	1	73
k141_3700	87513	88391	1	74
k141_3700	88388	89908	-1	75
k141_3700	89939	91249	-1	76
k141_3700	91341	92687	-1	77
k141_3700	92827	93687	1	78
k141_3700	93695	94669	-1	79
k141_3700	94758	95726	-1	80
k141_3700	96128	96853	1	81
k141_3700	96856	97509	1	82
k141_3700	97561	98862	1	83
k141_3700	98959	99435	-1	84
k141_3700	99658	100602	1	85
k141_3700	100599	101291	1	86
k141_3700	101389	102186	-1	87
k141_3700	102255	102641	-1	88
k141_3700	102762	103655	-1	89
k141_3700	103774	104139	1	90
k141_3700	104306	107359	-1	91
k141_3700	107732	108667	1	92
k141_3700	108734	109813	1	93
k141_3700	109820	110590	-1	94
k141_3700	110587	111573	-1	95
k141_3700	111570	112367	-1	96
k141_3700	112390	114288	-1	97
k141_3700	114661	115545	-1	98
k141_3700	115691	115936	1	99
k141_3700	115941	117677	-1	100
k141_3700	117685	118236	-1	101
k141_3700	118338	119210	-1	102
k141_3700	119418	120692	1	103
k141_3700	120729	121940	-1	104
k141_3700	121937	122716	-1	105
k141_3700	122713	123507	-1	106
k141_3700	123566	124195	-1	107
k141_3700	124411	125511	1	108
k141_3700	125621	125746	1	109
k141_3700	125851	126456	1	110
k141_3700	126628	127809	1	111
k141_3700	127813	128889	1	112
k141_3700	129054	131687	1	113
k141_3700	131674	132153	1	114
k141_3700	132217	132798	1	115
k141_3700	132804	133775	1	116
k141_3700	133831	134121	1	117
k141_3700	134151	134618	1	118
k141_3700	134716	135147	1	119
k141_3700	135339	136799	-1	120
k141_3700	136985	137833	1	121
k141_3700	137871	138824	1	122
k141_3700	139202	139450	-1	123
k141_3700	139497	140099	-1	124
k141_3700	140096	141217	-1	125
k141_3700	141214	141813	-1	126
k141_3700	142010	142315	1	127
k141_3700	142434	143564	1	128
k141_3700	143561	143818	1	129
k141_3700	143805	144137	1	130
k141_3700	144140	145543	1	131
k141_3700	145636	146064	1	132
k141_3700	146080	146436	-1	133
k141_3700	146436	147104	-1	134
k141_3700	147146	147766	-1	135
k141_3700	147766	148242	-1	136
k141_3700	148324	148881	1	137
k141_3700	148878	149618	-1	138
k141_3700	149714	150043	-1	139
k141_3700	150223	151164	1	140
k141_3700	151164	152561	1	141
k141_3700	152855	153112	-1	142
k141_3700	153237	153914	1	143
k141_3700	153923	154714	-1	144
k141_3700	154760	155839	-1	145
k141_3700	155846	156373	-1	146
k141_3700	156533	157270	1	147
k141_3700	157291	157503	-1	148
k141_3700	157661	158248	-1	149
k141_3700	158337	158525	1	150
k141_3700	158630	159481	1	151
k141_3700	159596	160390	1	152
k141_3700	160411	161217	1	153
k141_3700	161289	161738	1	154
k141_3700	161791	162456	-1	155
k141_3700	162612	163610	-1	156
k141_3700	163664	163861	1	157
k141_3700	163939	164463	1	158
k141_3700	164552	164770	-1	159
k141_3700	164975	165892	1	160
k141_3700	165944	166390	1	161
k141_3700	166470	166724	1	162
k141_3700	166725	167033	1	163
k141_3700	167046	168035	-1	164
k141_3700	168039	169031	-1	165
k141_3700	169263	169871	1	166
k141_3700	169983	170780	-1	167
k141_3700	170787	171353	-1	168
k141_3700	171458	172591	-1	169
k141_3700	172668	173282	-1	170
k141_3700	173457	173924	1	171
k141_3700	174005	175042	-1	172
k141_3700	175227	176438	-1	173
k141_3700	176461	177474	-1	174
k141_3700	177857	179071	1	175
k141_3700	179305	179613	1	176
k141_3700	180172	181341	-1	177
k141_3700	181427	182953	1	178
k141_3700	183041	184600	1	179
k141_3700	184705	185316	-1	180
k141_3700	185337	188192	-1	181
k141_3700	188285	190135	-1	182
k141_3700	190360	193833	1	183
k141_3700	193972	195207	-1	184
k141_3700	195204	195884	-1	185
k141_3700	195881	197365	-1	186
k141_3700	197532	197843	1	187
k141_3700	197818	198741	-1	188
k141_3700	198907	200136	1	189
k141_3700	200203	200541	1	190
k141_3700	200538	201944	-1	191
k141_3700	202000	202356	1	192
k141_3700	202432	202806	1	193
k141_3700	202807	203460	-1	194
k141_3700	203595	204203	1	195
k141_3700	204323	207055	1	196
k141_3700	207200	208324	1	197
k141_3700	208340	208966	1	198
k141_3700	208963	209409	1	199
k141_3700	209406	210188	1	200
k141_3700	210261	212534	-1	201
k141_3700	212938	213624	1	202
k141_3700	213638	214417	-1	203
k141_3700	215125	216039	-1	204
k141_3700	216143	217300	-1	205
k141_3700	217646	218425	1	206
k141_3700	218477	219733	1	207
k141_3700	219784	221424	1	208
k141_3700	221511	223247	-1	209
k141_3700	223229	223840	-1	210
k141_3700	223833	224069	-1	211
k141_3700	224260	225039	1	212
k141_3700	225100	225189	-1	213
k141_3700	225383	225688	-1	214
k141_3700	225900	226661	1	215
k141_3700	226751	226954	1	216
k141_3700	226968	227735	-1	217
k141_3700	227713	229470	-1	218
k141_3700	229648	232626	1	219
k141_3700	232686	233891	-1	220
k141_3700	233904	236306	-1	221
k141_3700	236300	237040	-1	222
k141_3700	237253	240405	1	223
k141_3700	240552	243152	1	224
k141_3700	243153	245240	-1	225
k141_3700	245360	248263	-1	226
k141_3700	248388	251576	-1	227
k141_3700	251695	252741	-1	228
k141_3700	252731	253309	-1	229
k141_3700	253449	254855	-1	230
k141_3700	254852	256156	-1	231
k141_3700	256501	257415	1	232
k141_3700	257417	258886	1	233
k141_3700	258929	259468	-1	234
k141_3700	259482	260963	-1	235
k141_3700	260979	261785	-1	236
k141_3700	261813	263657	-1	237
k141_3700	263823	264251	1	238
k141_3700	264309	264797	1	239
k141_3700	264794	266137	1	240
k141_3700	266282	267247	1	241
k141_3700	267312	268235	1	242
k141_3700	268232	269305	1	243
k141_3700	269302	269766	1	244
k141_3700	269763	270323	1	245
k141_3700	270329	271072	1	246
k141_3700	271163	273478	-1	247
k141_3700	273985	275247	1	248
k141_3700	275254	276462	1	249
k141_3700	276482	277714	-1	250
k141_3700	277690	279171	-1	251
k141_3700	279161	280357	-1	252
k141_3700	280354	281028	-1	253
k141_3700	281159	281596	-1	254
k141_3700	282332	285358	-1	255
k141_3700	285685	286305	1	256
k141_3700	286309	286737	-1	257
k141_3700	286734	287591	-1	258
k141_3700	287697	288905	-1	259
k141_3700	288907	289422	-1	260
k141_3700	289673	291847	1	261
k141_3700	291926	292066	-1	262
k141_3757	1571	1999	-1	1
k141_3757	2213	3544	1	2
k141_3757	3541	4164	1	3
k141_3757	4169	4810	-1	4
k141_3757	4973	5404	1	5
k141_3757	5391	6392	1	6
k141_3757	6340	7545	1	7
k141_3757	7433	8047	-1	8
k141_4022	1	537	-1	1
k141_4022	590	2665	-1	2
k141_4022	2705	3175	-1	3
k141_4022	3187	3558	-1	4
k141_4022	3887	8101	-1	5
k141_4022	8168	12241	-1	6
k141_4022	12468	12842	-1	7
k141_4022	12896	13411	-1	8
k141_4022	13736	14434	-1	9
k141_4022	14440	14868	-1	10
k141_4022	14969	15502	-1	11
k141_4022	15514	15774	-1	12
k141_4022	16057	16887	-1	13
k141_4022	17174	19984	-1	14
k141_4022	20287	22077	-1	15
k141_4022	22074	24191	-1	16
k141_4022	24191	24955	-1	17
k141_4022	25133	25393	-1	18
k141_4199	278	943	-1	1
k141_4199	1338	2084	1	2
k141_4199	2257	4128	-1	3
k141_4199	4125	4661	-1	4
k141_4199	5460	6017	-1	5
k141_4199	6186	6734	1	6
k141_4199	6920	7891	-1	7
k141_4199	8176	8553	1	8
k141_4199	8534	9103	1	9
k141_4199	9146	10051	1	10
k141_4199	10048	10392	-1	11
k141_4199	10389	10697	-1	12
k141_4199	10808	11521	1	13
k141_4199	11571	12896	-1	14
k141_4199	13134	14228	1	15
k141_4199	14563	15852	-1	16
k141_4199	16046	17566	-1	17
k141_4199	17713	19227	-1	18
k141_4199	19308	20195	-1	19
k141_4199	20152	21093	-1	20
k141_4199	21177	21746	1	21
k141_4199	21854	22417	1	22
k141_4199	22933	23505	-1	23
k141_4199	23555	24748	-1	24
k141_4199	24837	25973	1	25
k141_4199	26065	27069	1	26
k141_4199	27088	27897	-1	27
k141_4199	27923	28876	-1	28
k141_4199	28925	29803	-1	29
k141_4199	29852	30742	-1	30
k141_4199	30840	31610	1	31
k141_4199	31625	32743	-1	32
k141_4199	32806	33969	-1	33
k141_4199	34050	34718	-1	34
k141_4199	34715	35554	-1	35
k141_4199	35771	35992	-1	36
k141_4199	36153	36887	1	37
k141_4199	36848	39061	-1	38
k141_4199	39297	40502	-1	39
k141_4199	40721	41329	-1	40
k141_4199	41394	41891	-1	41
k141_4199	41894	43060	-1	42
k141_4199	43176	44966	-1	43
k141_4199	45022	45504	-1	44
k141_4199	45626	47233	1	45
k141_4199	47422	50628	1	46
k141_4199	50636	51574	1	47
k141_4199	51576	52334	1	48
k141_4206	2	76	-1	1
k141_4206	268	2289	-1	2
k141_4206	2329	2934	-1	3
k141_4206	2992	6363	-1	4
k141_4206	6534	7937	-1	5
k141_4206	7983	8321	-1	6
k141_4206	8452	9972	1	7
k141_4206	10049	12337	1	8
k141_4206	12358	13326	-1	9
k141_4206	13616	15037	1	10
k141_4206	15183	15794	-1	11
k141_4206	16236	17774	1	12
k141_4206	17985	18620	1	13
k141_4206	18815	20086	1	14
k141_4206	20239	22644	1	15
k141_4206	22955	24109	1	16
k141_4206	24293	24943	1	17
k141_4206	25141	26706	1	18
k141_4206	26703	27695	1	19
k141_4206	27822	28463	1	20
k141_4206	28441	29538	1	21
k141_4206	29557	30216	-1	22
k141_4206	30216	31394	-1	23
k141_4206	31441	32745	1	24
k141_4206	33243	34841	1	25
k141_4206	34880	35641	1	26
k141_4206	35660	37204	-1	27
k141_4206	37299	37991	-1	28
k141_4206	38096	38221	-1	29
k141_4206	38304	39806	-1	30
k141_4206	39808	40371	-1	31
k141_4206	40368	42650	-1	32
k141_4206	42816	43289	1	33
k141_4206	43523	43891	1	34
k141_4206	43898	44464	1	35
k141_4206	44491	45093	1	36
k141_4206	45098	46303	1	37
k141_4206	46300	46974	1	38
k141_4206	46978	48291	1	39
k141_4206	48304	50397	1	40
k141_4206	50401	51474	1	41
k141_4206	51480	51968	1	42
k141_4206	52010	52621	1	43
k141_4206	52618	52929	1	44
k141_4206	52936	55074	1	45
k141_4206	55075	56589	1	46
k141_4206	56602	58044	1	47
k141_4206	58048	58815	1	48
k141_4206	58818	59597	1	49
k141_4206	59578	61263	1	50
k141_4206	61486	61902	1	51
k141_4206	61902	62246	1	52
k141_4206	62289	63887	1	53
k141_4206	63891	64358	-1	54
k141_4206	64880	66214	1	55
k141_4206	66207	67523	1	56
k141_4206	67516	68211	1	57
k141_4206	68316	68411	1	58
k141_4206	68620	72063	1	59
k141_4206	72599	73453	1	60
k141_4206	73490	74425	1	61
k141_4206	74470	75264	1	62
k141_4206	75281	75847	1	63
k141_4206	75871	76608	1	64
k141_4206	76553	77395	1	65
k141_4206	77392	78606	1	66
k141_4206	78603	79781	1	67
k141_4206	79808	82189	1	68
k141_4206	82194	82793	1	69
k141_4206	82807	83844	1	70
k141_4206	83850	84293	1	71
k141_4206	84293	85084	1	72
k141_4206	85077	85934	1	73
k141_4206	85931	87106	1	74
k141_4206	87156	88460	-1	75
k141_4206	88488	89918	-1	76
k141_4206	89989	92106	1	77
k141_4206	92408	93103	-1	78
k141_4206	93197	94009	-1	79
k141_4206	94012	95031	-1	80
k141_4206	95302	95892	-1	81
k141_4206	95993	97006	1	82
k141_4206	96992	98488	-1	83
k141_4206	98485	100422	-1	84
k141_4206	100612	101361	1	85
k141_4206	101437	102504	1	86
k141_4206	102621	102947	1	87
k141_4206	103029	104657	1	88
k141_4206	104729	105370	1	89
k141_4529	303	755	1	1
k141_4529	907	1278	1	2
k141_4529	1282	3216	1	3
k141_4529	3240	4463	1	4
k141_4529	4550	5386	1	5
k141_4529	5603	6511	-1	6
k141_4529	6508	8322	-1	7
k141_4529	8426	9172	1	8
k141_4529	9221	9724	1	9
k141_4529	9956	10288	-1	10
k141_4529	10449	11042	-1	11
k141_4529	11204	11929	1	12
k141_4529	11999	12727	1	13
k141_4529	12839	13276	-1	14
k141_4529	13273	15003	-1	15
k141_4529	15126	15896	-1	16
k141_4529	15970	16743	1	17
k141_4529	16754	17842	1	18
k141_4529	17861	18871	-1	19
k141_4529	18868	19611	-1	20
k141_4529	19611	20198	-1	21
k141_4529	20292	21212	-1	22
k141_4529	21205	21999	-1	23
k141_4529	22219	22929	1	24
k141_4529	22972	24111	-1	25
k141_4529	24695	27250	-1	26
k141_4529	27319	27471	-1	27
k141_4529	27507	28913	-1	28
k141_4529	28947	29531	1	29
k141_4529	29544	30659	-1	30
k141_4529	30640	30882	-1	31
k141_4529	31379	34171	-1	32
k141_4529	34433	35470	1	33
k141_4529	35480	35839	1	34
k141_4529	35850	36947	1	35
k141_4529	37036	38448	1	36
k141_4529	38528	39454	-1	37
k141_4529	39457	40206	-1	38
k141_4529	40536	41120	-1	39
k141_4529	41231	41806	-1	40
k141_4529	41870	42955	1	41
k141_4529	42961	43176	-1	42
k141_4529	43176	44225	-1	43
k141_4529	44363	44917	1	44
k141_4529	44914	45846	-1	45
k141_4529	45949	46800	-1	46
k141_4529	47113	47778	1	47
k141_4529	47997	48563	1	48
k141_4529	48586	49098	1	49
k141_4529	49187	49579	1	50
k141_4529	49686	49778	1	51
k141_4529	50084	50485	1	52
k141_4529	50552	51130	1	53
k141_4529	51117	51506	1	54
k141_4529	51668	52555	1	55
k141_4529	52687	53799	1	56
k141_4529	53864	54217	-1	57
k141_4733	539	3325	-1	1
k141_4733	3465	3737	1	2
k141_4733	3734	4018	1	3
k141_4733	4015	5550	-1	4
k141_4733	5616	5813	-1	5
k141_4733	5905	6864	1	6
k141_4733	6967	7347	1	7
k141_4733	7402	7695	1	8
k141_4733	7692	8096	1	9
k141_4733	8218	9435	1	10
k141_4733	9432	9614	-1	11
k141_4733	9679	10587	1	12
k141_4733	10649	11221	1	13
k141_4733	11315	12853	1	14
k141_4733	12916	13281	-1	15
k141_4733	13343	14335	1	16
k141_4733	14364	14639	1	17
k141_4733	14650	15123	-1	18
k141_4733	15216	15938	1	19
k141_4733	15910	17436	1	20
k141_4733	17447	20698	1	21
k141_4733	20731	22065	-1	22
k141_4733	22605	22904	1	23
k141_4733	22905	23228	1	24
k141_4733	23218	24114	1	25
k141_4733	24185	24601	1	26
k141_4733	24724	25515	1	27
k141_4733	25667	25864	1	28
k141_4733	25963	26439	1	29
k141_4733	26776	27405	-1	30
k141_4733	27402	28868	-1	31
k141_4733	28865	30157	-1	32
k141_4733	30189	30863	-1	33
k141_4733	30923	31888	-1	34
k141_4733	31925	33058	1	35
k141_4733	33055	34056	1	36
k141_4733	34056	34352	1	37
k141_4733	34349	34684	1	38
k141_4733	34687	35157	-1	39
k141_4733	35412	35864	1	40
k141_4733	35877	36638	-1	41
k141_4733	36705	36794	-1	42
k141_4733	36986	37894	1	43
k141_4733	37918	39375	-1	44
k141_4733	39372	39734	-1	45
k141_4733	39789	40673	-1	46
k141_4733	40875	41384	1	47
k141_4733	41453	42628	-1	48
k141_4733	42679	43467	1	49
k141_4733	43663	44184	-1	50
k141_4733	44280	44801	-1	51
k141_4733	44837	45700	-1	52
k141_4733	45851	46633	1	53
k141_4733	46713	47240	-1	54
k141_4733	47388	47741	1	55
k141_4733	47756	48031	-1	56
k141_4733	48155	49450	-1	57
k141_4733	49565	50389	-1	58
k141_4733	50476	52701	1	59
k141_4733	52898	53401	-1	60
k141_4733	53457	53993	-1	61
k141_4733	53993	54565	-1	62
k141_4733	54612	56312	-1	63
k141_4733	56481	57191	1	64
k141_4733	57214	58824	1	65
k141_4733	58891	59298	1	66
k141_4733	59295	59570	1	67
k141_4733	59648	61720	-1	68
k141_4733	61931	62380	1	69
k141_4733	62515	64983	1	70
k141_4733	64994	65515	1	71
k141_4733	65516	67414	-1	72
k141_4733	67557	67877	-1	73
k141_4733	67981	68448	1	74
k141_4733	68435	69535	1	75
k141_4733	69532	70245	1	76
k141_4733	70242	73292	1	77
k141_4733	73289	76849	1	78
k141_4733	76943	77263	1	79
k141_4733	77489	78835	-1	80
k141_4733	78807	79742	-1	81
k141_4733	79756	80544	-1	82
k141_4733	80545	81777	-1	83
k141_4733	81812	82444	-1	84
k141_4733	82499	83440	-1	85
k141_4733	83531	83677	1	86
k141_4733	83903	84211	-1	87
k141_4733	84334	86040	-1	88
k141_4733	86221	86847	-1	89
k141_4733	86849	88189	-1	90
k141_4733	88301	88750	1	91
k141_4733	89048	89674	-1	92
k141_4733	89798	90262	-1	93
k141_4733	90291	90920	-1	94
k141_4733	91107	92621	-1	95
k141_4733	92659	93426	-1	96
k141_4733	93434	94033	-1	97
k141_4733	94033	94734	-1	98
k141_4733	94824	95438	-1	99
k141_4733	95470	96738	-1	100
k141_4733	96749	98200	-1	101
k141_4733	98522	98953	1	102
k141_4733	99054	100334	-1	103
k141_4733	100331	101002	-1	104
k141_4733	101127	102317	1	105
k141_4733	102525	105725	-1	106
k141_4733	106443	107480	-1	107
k141_4733	107477	108571	-1	108
k141_4733	108798	110357	-1	109
k141_4733	110515	111144	-1	110
k141_4733	111392	111634	-1	111
k141_4733	112165	113019	-1	112
k141_4733	113129	114358	-1	113
k141_4733	115004	115972	1	114
k141_4733	115982	116266	-1	115
k141_4733	116259	116948	-1	116
k141_4733	117006	117878	-1	117
k141_4733	117925	118728	-1	118
k141_4733	118819	119826	1	119
k141_4733	119816	120793	1	120
k141_4733	120825	121502	1	121
k141_4733	121515	122567	1	122
k141_4733	122557	123678	1	123
k141_4733	123750	124736	1	124
k141_4733	124740	125411	-1	125
k141_4733	125493	126326	-1	126
k141_4733	126316	127122	-1	127
k141_4733	127565	128713	1	128
k141_4733	128710	129693	1	129
k141_4733	129852	130472	1	130
k141_4733	130652	131851	1	131
k141_4733	131858	133156	-1	132
k141_4733	133392	135155	1	133
k141_4733	135316	135762	1	134
k141_4733	135907	136107	1	135
k141_4733	136137	136493	1	136
k141_4733	136784	137866	1	137
k141_4733	137876	138472	1	138
k141_4733	138469	140868	1	139
k141_4733	141071	142462	1	140
k141_4733	142501	143115	1	141
k141_4733	143187	143822	-1	142
k141_4733	143894	144346	1	143
k141_4733	144417	144917	1	144
k141_4733	144924	145448	-1	145
k141_4733	145462	146052	-1	146
k141_4733	146286	148508	1	147
k141_4796	256	873	-1	1
k141_4796	812	2266	-1	2
k141_4796	2440	3558	1	3
k141_4796	3762	5459	1	4
k141_4796	5552	6679	1	5
k141_4796	6688	7410	-1	6
k141_4796	7484	8089	-1	7
k141_4796	8105	8428	-1	8
k141_4796	8425	10236	-1	9
k141_4796	10472	12217	-1	10
k141_4796	12350	12571	-1	11
k141_4796	12707	14071	1	12
k141_4796	14154	15074	1	13
k141_4796	15158	15730	-1	14
k141_4796	16035	16583	-1	15
k141_4796	16749	17273	-1	16
k141_4796	17628	18395	1	17
k141_4796	18475	19338	-1	18
k141_4796	19278	19679	-1	19
k141_4796	19727	21085	-1	20
k141_4796	21191	21988	1	21
k141_4796	21992	22462	-1	22
k141_4796	22502	22939	-1	23
k141_4796	22979	23473	-1	24
k141_4796	23535	24524	-1	25
k141_4796	24532	25527	-1	26
k141_4796	25531	27069	-1	27
k141_4796	27076	28620	-1	28
k141_4796	28637	29305	-1	29
k141_4796	29318	30778	-1	30
k141_4796	30790	31632	-1	31
k141_4796	31810	32307	-1	32
k141_4796	32464	32625	-1	33
k141_4796	32898	33362	1	34
k141_4796	33388	33954	1	35
k141_4796	33947	34486	1	36
k141_4796	34475	35275	-1	37
k141_4796	35272	36546	-1	38
k141_4796	36569	37339	-1	39
k141_4796	37403	38035	-1	40
k141_4796	38139	39602	-1	41
k141_4796	39775	40647	1	42
k141_4796	40721	41536	1	43
k141_4796	41671	44244	1	44
k141_4796	44470	45366	1	45
k141_4796	45385	46707	-1	46
k141_4796	46704	46916	-1	47
k141_4796	46916	47536	-1	48
k141_4796	47702	48007	1	49
k141_4796	48028	48474	-1	50
k141_4796	48552	48935	1	51
k141_4796	49275	49775	-1	52
k141_4796	49900	51819	-1	53
k141_4796	51953	53281	-1	54
k141_4796	53288	54232	-1	55
k141_4796	54359	54883	-1	56
k141_4796	55015	56370	-1	57
k141_4796	56395	57240	-1	58
k141_4796	57252	57686	-1	59
k141_4796	57690	58358	-1	60
k141_4796	58522	59139	-1	61
k141_4796	59242	59715	-1	62
k141_4796	59796	61592	1	63
k141_4796	61605	62651	-1	64
k141_4796	62707	63354	-1	65
k141_4796	63351	63851	-1	66
k141_4796	64261	64713	1	67
k141_4796	64731	65288	1	68
k141_4796	65350	66540	1	69
k141_4796	66602	67816	1	70
k141_4796	67840	69822	-1	71
k141_4796	69875	71431	-1	72
k141_4796	71501	72604	-1	73
k141_4796	72643	73404	-1	74
k141_4796	73518	74633	-1	75
k141_4796	74714	74989	-1	76
k141_4796	75251	76066	-1	77
k141_4796	76200	77216	1	78
k141_4796	77213	78070	1	79
k141_4796	78093	78500	1	80
k141_4796	78509	79990	-1	81
k141_4796	79983	81134	-1	82
k141_4796	81207	83867	-1	83
k141_4796	83881	84939	-1	84
k141_4796	84939	85844	-1	85
k141_4796	86086	87252	1	86
k141_4796	87366	88793	1	87
k141_4796	88859	89434	-1	88
k141_4796	89653	90075	-1	89
k141_4796	90081	90371	-1	90
k141_4796	90578	91159	1	91
k141_4796	91167	92162	-1	92
k141_4796	92288	93100	1	93
k141_4796	93194	94513	1	94
k141_4796	94525	95016	-1	95
k141_4796	95009	95560	-1	96
k141_4796	95735	96376	1	97
k141_4796	96570	96827	1	98
k141_4796	96948	97136	1	99
k141_4796	97198	98052	-1	100
k141_4796	98057	99226	-1	101
k141_4796	99233	100267	-1	102
k141_4796	100374	103619	-1	103
k141_4796	103949	105523	1	104
k141_4796	105520	106449	-1	105
k141_4796	106446	107783	-1	106
k141_4796	107780	108790	-1	107
k141_4796	108979	109761	1	108
k141_4796	109758	110387	1	109
k141_4796	110384	111259	-1	110
k141_4796	111259	113001	-1	111
k141_4796	113213	114940	1	112
k141_4796	115003	115965	-1	113
k141_4796	115995	116639	-1	114
k141_4796	116662	117312	-1	115
k141_4796	117314	117961	-1	116
k141_4796	118196	119320	1	117
k141_4796	119418	119996	1	118
k141_4796	120003	121055	-1	119
k141_4796	121052	122887	-1	120
k141_4796	122884	124680	-1	121
k141_4796	125115	126050	-1	122
k141_4796	126233	127561	1	123
k141_4796	127558	127827	1	124
k141_4796	127832	129469	1	125
k141_4796	129456	130571	1	126
k141_4796	130605	131621	1	127
k141_4796	131652	132485	1	128
k141_4796	132561	133313	1	129
k141_4796	133731	134723	1	130
k141_4796	134723	135661	1	131
k141_4796	135663	136805	1	132
k141_4796	137526	138392	-1	133
k141_4796	138535	138993	-1	134
k141_4796	139024	140529	-1	135
k141_4796	140621	141565	1	136
k141_4796	141568	142749	1	137
k141_4796	142891	143958	1	138
k141_4796	143955	147158	1	139
k141_4796	147165	148247	-1	140
k141_4796	148348	148821	1	141
k141_4796	148907	150109	1	142
k141_4796	150252	151397	1	143
k141_4796	151471	155061	-1	144
k141_4796	155084	155971	-1	145
k141_4796	156159	157997	1	146
k141_4796	157994	159127	-1	147
k141_4818	2	127	1	1
k141_4818	208	1182	-1	2
k141_4818	1267	2118	-1	3
k141_4818	2276	2845	1	4
k141_4818	2925	3293	-1	5
k141_4818	3436	3798	-1	6
k141_4818	3880	4812	1	7
k141_4818	4812	5561	1	8
k141_4818	5543	6121	-1	9
k141_4818	6118	7293	-1	10
k141_4818	7280	8206	-1	11
k141_4818	8697	9164	1	12
k141_4818	9258	9680	1	13
k141_4818	9807	12062	1	14
k141_4818	12068	13042	1	15
k141_4818	13095	13577	-1	16
k141_4818	13595	13936	-1	17
k141_4818	14053	15222	1	18
k141_4818	15229	15858	1	19
k141_4818	15934	17145	1	20
k141_4818	17314	18138	-1	21
k141_4818	18634	19947	1	22
k141_4818	20176	20397	1	23
k141_4818	20458	24810	1	24
k141_4818	25282	25719	1	25
k141_5277	422	907	-1	1
k141_5277	907	1404	-1	2
k141_5277	1953	3011	-1	3
k141_5277	3150	3521	-1	4
k141_5277	3663	4115	-1	5
k141_5277	4403	5269	1	6
k141_5277	5278	5598	1	7
k141_5277	5595	6119	1	8
k141_5277	6233	7384	1	9
k141_5277	7381	8259	1	10
k141_5277	8259	8447	1	11
k141_5277	8556	9947	1	12
k141_5277	9944	10870	1	13
k141_5277	10872	11381	1	14
k141_5277	11374	12366	1	15
k141_5277	12429	12953	1	16
k141_5277	13014	13748	1	17
k141_5277	13875	14915	1	18
k141_5277	14951	15943	1	19
k141_5277	15940	16461	1	20
k141_5277	16474	18351	1	21
k141_5277	18351	19496	1	22
k141_5277	19665	21017	1	23
k141_5277	21091	22056	-1	24
k141_5277	22174	22836	1	25
k141_5277	22836	23441	1	26
k141_5277	23398	24495	-1	27
k141_5277	24495	25214	-1	28
k141_5277	25208	26512	-1	29
k141_5277	26634	27806	1	30
k141_5277	27817	28971	1	31
k141_5277	28968	29744	1	32
k141_5277	29747	30697	1	33
k141_5277	30694	31344	1	34
k141_5277	31357	33366	-1	35
k141_5277	33526	33801	-1	36
k141_5277	33961	35127	1	37
k141_5277	35124	35771	-1	38
k141_5277	35768	36415	-1	39
k141_5277	36500	36973	1	40
k141_5277	37174	37683	1	41
k141_5277	37713	39728	1	42
k141_5277	39801	41498	1	43
k141_5277	41583	42719	-1	44
k141_5277	42920	42982	1	45
k141_5300	579	2393	1	1
k141_5300	2474	4690	-1	2
k141_5300	4876	6120	-1	3
k141_5300	6246	6734	-1	4
k141_5300	6794	9751	-1	5
k141_5300	9958	10368	1	6
k141_5300	10448	10897	1	7
k141_5300	10864	11514	-1	8
k141_5300	11599	12945	-1	9
k141_5300	12971	13453	-1	10
k141_5300	13477	13920	-1	11
k141_5300	13955	14197	1	12
k141_5300	14199	14999	1	13
k141_5300	15064	15480	1	14
k141_5300	15543	16028	-1	15
k141_5300	16122	16865	-1	16
k141_5300	17010	17585	1	17
k141_5300	17582	17893	-1	18
k141_5300	17893	18354	-1	19
k141_5300	18457	19320	1	20
k141_5300	19330	20613	-1	21
k141_5300	20610	21503	-1	22
k141_5300	21622	22062	1	23
k141_5300	22094	23452	1	24
k141_5300	23577	23744	-1	25
k141_5300	24158	24310	1	26
k141_5300	24312	25502	-1	27
k141_5300	25697	27394	-1	28
k141_5300	27778	28458	-1	29
k141_5300	28455	30725	-1	30
k141_5300	30731	33361	-1	31
k141_5300	33494	34795	-1	32
k141_5300	34954	35622	1	33
k141_5300	36032	36361	1	34
k141_5300	36363	38672	1	35
k141_5300	38734	39813	-1	36
k141_5300	39995	40819	1	37
k141_5300	40919	42157	1	38
k141_5300	42203	43999	1	39
k141_5300	44097	44510	1	40
k141_5300	44618	44839	1	41
k141_5300	44836	45273	-1	42
k141_5300	45336	45839	-1	43
k141_5300	45839	47017	-1	44
k141_5300	47032	48402	-1	45
k141_5300	48583	51198	-1	46
k141_5300	51687	52901	1	47
k141_5300	53006	55513	1	48
k141_5300	55751	56719	1	49
k141_5300	56743	57147	1	50
k141_5300	57144	57452	-1	51
k141_5300	57463	58089	-1	52
k141_5300	58156	59376	-1	53
k141_5300	59548	60084	-1	54
k141_5300	60068	61318	-1	55
k141_5300	61423	62232	-1	56
k141_5300	62232	62702	-1	57
k141_5300	62805	66245	1	58
k141_5300	66387	67631	-1	59
k141_5300	67694	68797	1	60
k141_5531	2	262	1	1
k141_5531	344	658	1	2
k141_5531	663	1475	1	3
k141_5531	1472	2107	1	4
k141_5531	2109	2405	1	5
k141_5531	2407	3243	1	6
k141_5531	3254	3532	1	7
k141_5531	3536	3916	1	8
k141_5531	3916	4620	1	9
k141_5531	4632	5045	1	10
k141_5531	5057	5278	1	11
k141_5531	5282	5518	1	12
k141_5531	5557	5925	1	13
k141_5531	5925	6242	1	14
k141_5531	6235	6795	1	15
k141_5531	6845	7150	1	16
k141_5531	7164	7562	1	17
k141_5531	7575	8108	1	18
k141_5531	8117	8479	1	19
k141_5531	8492	9112	1	20
k141_5531	9125	9310	1	21
k141_5531	9351	9824	1	22
k141_5531	9855	11195	1	23
k141_5531	11192	11758	1	24
k141_5531	11902	12270	1	25
k141_5531	12282	12671	1	26
k141_5531	12747	13766	1	27
k141_5531	13812	14234	1	28
k141_5531	14324	15721	1	29
k141_5531	15718	16155	-1	30
k141_5531	16285	16596	1	31
k141_5531	16641	17951	1	32
k141_5531	17948	18652	-1	33
k141_5531	18829	18930	-1	34
k141_5531	19164	19562	1	35
k141_5531	19559	20551	1	36
k141_5531	20691	21830	1	37
k141_5531	21827	22528	1	38
k141_5531	22525	23499	1	39
k141_5531	23496	24863	1	40
k141_5531	24867	25190	-1	41
k141_5531	25298	25993	1	42
k141_5531	25990	26757	1	43
k141_5531	26810	27487	1	44
k141_5531	27512	28609	-1	45
k141_5531	28766	30298	1	46
k141_5531	30441	30620	-1	47
k141_5531	31826	32284	1	48
k141_5531	32387	34396	1	49
k141_5531	34475	34966	1	50
k141_5531	35047	35508	1	51
k141_5531	35588	36106	1	52
k141_5531	36254	38404	1	53
k141_5531	38412	39656	1	54
k141_5531	39668	40357	-1	55
k141_5531	40436	40684	1	56
k141_5531	41107	42495	1	57
k141_5531	42574	43509	1	58
k141_5531	43572	45362	1	59
k141_5531	45426	46598	1	60
k141_5531	47199	47903	1	61
k141_5531	47979	48470	1	62
k141_5531	48495	48728	1	63
k141_5531	48735	50483	-1	64
k141_5531	50581	51216	-1	65
k141_5531	51701	53308	1	66
k141_5531	53383	53970	1	67
k141_5531	54104	54415	1	68
k141_5531	54536	54928	1	69
k141_5531	55230	56024	1	70
k141_5531	56106	56921	1	71
k141_5531	56918	58921	1	72
k141_5531	59163	60116	1	73
k141_5531	60208	60936	1	74
k141_5531	60991	61428	1	75
k141_5531	61432	61845	-1	76
k141_5531	61911	62684	-1	77
k141_5531	62738	63604	-1	78
k141_5531	63647	64291	1	79
k141_5531	64371	65258	1	80
k141_5531	65261	65728	1	81
k141_5531	65790	66008	1	82
k141_5531	66024	67190	-1	83
k141_5531	67187	67822	-1	84
k141_5531	67830	69116	-1	85
k141_5531	69113	70090	-1	86
k141_5531	70211	71182	1	87
k141_5531	71322	72239	-1	88
k141_5531	72481	72936	-1	89
k141_5531	73037	73324	1	90
k141_5531	73331	74806	1	91
k141_5531	74811	75113	1	92
k141_5531	75106	75381	1	93
k141_5531	75368	76861	1	94
k141_5531	76863	77303	1	95
k141_5531	77313	77564	-1	96
k141_5531	77639	77965	-1	97
k141_5531	78074	79423	1	98
k141_5531	79430	80338	-1	99
k141_5531	80722	81078	1	100
k141_5531	81062	81580	1	101
k141_5531	81577	82047	1	102
k141_5531	82044	82535	1	103
k141_5531	82532	83008	1	104
k141_5531	83011	83670	1	105
k141_5531	83678	84634	-1	106
k141_5531	84794	85519	1	107
k141_5531	85624	87222	1	108
k141_5531	87388	87660	1	109
k141_5531	87967	88704	-1	110
k141_5531	88792	90297	1	111
k141_5531	90357	90989	1	112
k141_5531	90986	92260	1	113
k141_5531	92576	92878	1	114
k141_5531	92875	94119	1	115
k141_5531	94319	95230	-1	116
k141_5531	95227	95994	-1	117
k141_5531	95991	96932	-1	118
k141_5531	96929	98386	-1	119
k141_5531	98525	99604	1	120
k141_5531	99962	101494	-1	121
k141_5531	101703	103313	1	122
k141_5531	103664	103909	-1	123
k141_5531	104290	107481	1	124
k141_5531	107539	108273	-1	125
k141_5531	108581	109207	-1	126
k141_5531	109204	110127	-1	127
k141_5531	110218	111894	-1	128
k141_5531	111891	112286	-1	129
k141_5531	112513	113415	-1	130
k141_5531	113508	114167	1	131
k141_5531	114315	114617	-1	132
k141_5531	114634	114786	-1	133
k141_5531	114952	118683	-1	134
k141_5531	118786	120156	-1	135
k141_5531	120251	120889	1	136
k141_5531	120880	121674	-1	137
k141_5531	121671	122522	-1	138
k141_5531	122654	124735	-1	139
k141_5531	124907	125248	-1	140
k141_5531	125508	127364	1	141
k141_5531	127373	128428	-1	142
k141_5531	128493	129617	-1	143
k141_5531	129861	131138	1	144
k141_5531	131196	132107	1	145
k141_5531	132242	132670	1	146
k141_5531	132703	132876	-1	147
k141_5531	133035	133097	1	148
k141_5592	601	1167	-1	1
k141_5592	1171	2169	-1	2
k141_5592	2208	2678	1	3
k141_5592	2830	3288	1	4
k141_5592	3339	3917	-1	5
k141_5592	3914	4657	-1	6
k141_5592	4714	5130	1	7
k141_5592	5163	6227	-1	8
k141_5592	6224	7516	-1	9
k141_5592	7610	8887	-1	10
k141_5592	9018	10463	1	11
k141_5592	10518	10748	1	12
k141_5592	10745	11650	1	13
k141_5592	11767	12687	-1	14
k141_5592	12697	13707	-1	15
k141_5592	13704	14990	-1	16
k141_5592	14987	15763	-1	17
k141_5592	15861	16523	1	18
k141_5592	16666	18267	1	19
k141_5592	18270	19949	-1	20
k141_5592	20046	20294	-1	21
k141_5592	20330	21691	-1	22
k141_5592	21732	22124	-1	23
k141_5592	22154	22813	-1	24
k141_5592	22972	23190	-1	25
k141_5592	23342	23965	1	26
k141_5592	23982	25175	-1	27
k141_5592	25370	25867	1	28
k141_5592	25864	27546	1	29
k141_5592	27568	29241	1	30
k141_5592	29373	29789	1	31
k141_5592	29793	30224	1	32
k141_5592	30228	30443	1	33
k141_5592	30463	30936	-1	34
k141_5592	30943	33684	-1	35
k141_5592	33860	34825	1	36
k141_5592	34876	35292	1	37
k141_5592	35447	36364	-1	38
k141_5592	36413	37159	1	39
k141_5592	37222	37479	1	40
k141_5592	37479	38321	1	41
k141_5592	38318	38743	1	42
k141_5592	38750	39481	-1	43
k141_5592	39478	39969	-1	44
k141_5592	40078	41349	1	45
k141_5592	41436	42017	1	46
k141_5592	42162	42689	1	47
k141_5592	42769	43557	-1	48
k141_5592	43557	43883	-1	49
k141_5592	43955	44353	1	50
k141_5592	44363	44758	-1	51
k141_5592	44833	46827	-1	52
k141_5592	46883	47650	-1	53
k141_5592	47872	49089	1	54
k141_5592	49094	51388	1	55
k141_5592	51467	52327	1	56
k141_5592	52413	53558	1	57
k141_5592	53679	54029	1	58
k141_5592	54026	55126	1	59
k141_5592	55108	55818	-1	60
k141_5592	55914	56228	-1	61
k141_5592	56298	56879	1	62
k141_6226	298	1818	-1	1
k141_6226	1881	2588	1	2
k141_6226	3098	3751	1	3
k141_6226	3993	5402	1	4
k141_6226	5498	6088	1	5
k141_6226	6396	9233	1	6
k141_6226	9233	10219	1	7
k141_6226	10315	10506	1	8
k141_6226	10503	11135	1	9
k141_6226	11273	12268	1	10
k141_6226	12345	13058	1	11
k141_6226	13042	14124	-1	12
k141_6226	14179	15228	1	13
k141_6226	15232	16068	-1	14
k141_6226	16065	16439	-1	15
k141_6226	16599	17387	-1	16
k141_6226	17525	18616	-1	17
k141_6226	18669	19349	-1	18
k141_6226	19431	19784	-1	19
k141_6226	19819	20250	-1	20
k141_6226	20391	21011	1	21
k141_6226	21207	21536	-1	22
k141_6226	21617	22807	1	23
k141_6226	22934	23791	1	24
k141_6226	23788	24807	1	25
k141_6226	24836	25645	1	26
k141_6226	25638	26444	1	27
k141_6226	26512	26727	1	28
k141_6226	26731	27090	1	29
k141_6226	27096	27914	1	30
k141_6226	27984	29258	1	31
k141_6226	29480	29746	-1	32
k141_6226	29843	30070	-1	33
k141_6226	30229	31023	1	34
k141_6226	31065	31706	1	35
k141_6226	31902	32828	1	36
k141_6226	32965	33267	1	37
k141_6226	33302	34957	1	38
k141_6226	34969	35922	1	39
k141_6226	36093	37361	-1	40
k141_6226	37457	38059	-1	41
k141_6226	38167	38982	1	42
k141_6226	39070	39765	1	43
k141_6226	39787	41619	-1	44
k141_6226	41816	43780	-1	45
k141_6226	43847	45259	-1	46
k141_6226	45282	46646	-1	47
k141_6226	46636	47826	-1	48
k141_6226	47981	49159	1	49
k141_6226	49230	50129	1	50
k141_6226	50231	51280	1	51
k141_6226	51351	52241	1	52
k141_6226	52290	52922	1	53
k141_6226	52931	53449	-1	54
k141_6226	53562	54302	1	55
k141_6226	54317	57190	-1	56
k141_6226	57841	58335	1	57
k141_6226	58681	59076	1	58
k141_6226	59073	60728	1	59
k141_6226	60798	62351	1	60
k141_6226	62412	63707	1	61
k141_6226	63707	64171	1	62
k141_6226	64175	64738	-1	63
k141_6226	64768	65808	-1	64
k141_6226	65874	67145	-1	65
k141_6226	67409	70246	1	66
k141_6226	70316	70804	1	67
k141_6226	70801	71766	1	68
k141_6226	71772	72224	1	69
k141_6226	72298	73254	-1	70
k141_6226	73341	74402	1	71
k141_6226	74399	75550	1	72
k141_6226	75648	76253	-1	73
k141_6226	76381	76983	-1	74
k141_6226	77325	79043	1	75
k141_6226	79158	81029	1	76
k141_6226	81110	82693	1	77
k141_6226	82987	84060	1	78
k141_6226	84312	85598	1	79
k141_6226	85681	86943	1	80
k141_6226	86969	87985	1	81
k141_6226	87990	89438	1	82
k141_6226	89438	90781	1	83
k141_6226	90981	91430	1	84
k141_6226	91427	92308	-1	85
k141_6226	92480	93709	-1	86
k141_6226	93872	96007	-1	87
k141_6226	96135	96950	1	88
k141_6226	97672	98460	1	89
k141_6226	98705	100456	1	90
k141_6226	100582	100791	-1	91
k141_6226	100987	101049	1	92
k141_6378	2	121	1	1
k141_6378	317	841	1	2
k141_6378	789	2006	1	3
k141_6378	2096	2215	-1	4
k141_6747	422	2248	-1	1
k141_6747	2350	3534	-1	2
k141_6747	3604	4089	-1	3
k141_6747	4216	5307	1	4
k141_6747	5445	5978	1	5
k141_6747	6045	7268	-1	6
k141_6747	7354	7821	1	7
k141_6747	7918	8448	1	8
k141_6747	8456	8947	-1	9
k141_6747	8973	9317	-1	10
k141_6747	9461	9841	1	11
k141_6747	9838	10773	-1	12
k141_6747	10887	13190	-1	13
k141_6747	13187	14143	-1	14
k141_6747	14185	14793	1	15
k141_6747	14790	15581	1	16
k141_6747	15605	17107	1	17
k141_6747	17104	17481	1	18
k141_6747	17472	17846	1	19
k141_6747	17904	19535	1	20
k141_6747	19729	20262	-1	21
k141_6747	20408	24937	-1	22
k141_6747	24934	26355	-1	23
k141_6747	26764	27783	1	24
k141_6747	27790	28041	1	25
k141_6747	28043	28516	1	26
k141_6747	28531	29016	1	27
k141_6747	29110	31599	1	28
k141_6747	31596	32669	1	29
k141_6747	32709	33374	-1	30
k141_6747	33608	34960	-1	31
k141_6747	35523	35897	-1	32
k141_6747	36326	38059	1	33
k141_6747	38056	39084	1	34
k141_6747	39106	40824	1	35
k141_6747	40827	41126	1	36
k141_6747	41108	42697	1	37
k141_6747	42714	43670	1	38
k141_6747	43660	45090	1	39
k141_6747	45083	45661	1	40
k141_6747	45658	46716	1	41
k141_6747	46987	47304	1	42
k141_6747	47297	47692	1	43
k141_6747	47667	48671	1	44
k141_6747	48668	49354	1	45
k141_6747	49326	50021	1	46
k141_6844	461	1144	-1	1
k141_6844	1352	1828	1	2
k141_6844	1833	2996	1	3
k141_6844	2998	4473	1	4
k141_6844	4492	5256	1	5
k141_6844	5477	6511	1	6
k141_6844	6675	7940	1	7
k141_6844	7949	8380	1	8
k141_6844	8400	8762	1	9
k141_6844	8768	9358	1	10
k141_6844	9423	10475	-1	11
k141_6844	10671	12035	-1	12
k141_6844	12148	13422	-1	13
k141_6844	13422	14873	-1	14
k141_6844	14976	16250	-1	15
k141_6844	16524	19037	1	16
k141_6844	19109	20170	1	17
k141_6844	20249	22828	-1	18
k141_6844	23005	23442	-1	19
k141_6844	23470	23760	-1	20
k141_6844	23809	24678	-1	21
k141_6844	25133	26188	1	22
k141_6924	184	819	1	1
k141_6924	990	1364	-1	2
k141_6924	1620	2084	-1	3
k141_6924	2100	3074	-1	4
k141_6924	3299	3484	1	5
k141_6924	3643	4005	1	6
k141_6924	4059	4574	1	7
k141_6924	6122	7267	-1	8
k141_6924	8053	10212	-1	9
k141_6924	10424	10855	1	10
k141_6924	10899	11375	1	11
k141_6924	11354	11965	-1	12
k141_6924	12058	12450	-1	13
k141_6924	12659	13165	1	14
k141_6924	13174	13506	-1	15
k141_6924	13595	14617	-1	16
k141_6924	14649	15428	-1	17
k141_6924	15503	16102	-1	18
k141_6924	16096	18321	-1	19
k141_6924	18607	19812	1	20
k141_6924	19931	20398	1	21
k141_6924	20800	21693	-1	22
k141_6924	21763	22947	-1	23
k141_6924	23096	24088	-1	24
k141_6924	24231	24806	-1	25
k141_6924	24860	25804	-1	26
k141_6924	25930	26367	-1	27
k141_6924	26379	27320	-1	28
k141_6924	27430	27825	1	29
k141_6924	27822	29960	1	30
k141_6924	30033	30608	1	31
k141_6924	30660	31835	1	32
k141_6924	31832	32029	1	33
k141_6924	32082	34202	1	34
k141_7014	1	318	1	1
k141_7014	463	783	1	2
k141_7014	780	1061	1	3
k141_7014	1087	2259	1	4
k141_7014	2347	3291	1	5
k141_7014	3291	3770	1	6
k141_7014	3931	4872	-1	7
k141_7014	4987	5925	-1	8
k141_7014	5925	6611	-1	9
k141_7014	6927	7292	1	10
k141_7014	7379	7543	1	11
k141_7014	7634	8341	-1	12
k141_7014	8587	10146	-1	13
k141_7014	10143	10427	-1	14
k141_7014	11050	12756	1	15
k141_7014	12916	13647	1	16
k141_7014	13644	14015	-1	17
k141_7014	14066	14353	-1	18
k141_7014	14627	15172	1	19
k141_7014	15205	15450	-1	20
k141_7014	15612	16634	1	21
k141_7014	16682	17968	1	22
k141_7014	18041	19681	1	23
k141_7014	19696	19977	1	24
k141_7014	19999	20457	1	25
k141_7014	20560	20751	1	26
k141_7014	20943	21422	1	27
k141_7014	21537	23033	1	28
k141_7014	23064	23555	-1	29
k141_7014	23578	27504	-1	30
k141_7014	27837	28121	1	31
k141_7014	28118	28495	1	32
k141_7014	29461	29904	-1	33
k141_7014	30626	31015	1	34
k141_7014	31080	32345	1	35
k141_7014	32345	33598	1	36
k141_7014	33608	36775	1	37
k141_7014	36846	37562	1	38
k141_7014	37586	38272	1	39
k141_7014	38328	39377	1	40
k141_7014	39424	39780	1	41
k141_7014	40025	41317	-1	42
k141_7014	41321	41668	-1	43
k141_7014	41758	42468	-1	44
k141_7014	42687	42803	-1	45
k141_7014	42933	43703	-1	46
k141_7014	43700	44785	-1	47
k141_7014	45024	48056	1	48
k141_7014	48153	48560	-1	49
k141_7014	48797	50620	1	50
k141_7014	50617	52167	-1	51
k141_7014	52211	53356	-1	52
k141_7014	53389	56499	-1	53
k141_7014	56496	57575	-1	54
k141_7014	57572	58123	-1	55
k141_7014	58354	59259	1	56
k141_7014	59343	60428	1	57
k141_7014	60509	60982	1	58
k141_7014	60979	61707	1	59
k141_7014	61704	62690	-1	60
k141_7014	62717	64978	-1	61
k141_7014	65109	65681	1	62
k141_7160	446	2866	-1	1
k141_7160	2914	3633	-1	2
k141_7160	3630	5285	-1	3
k141_7160	5282	6058	-1	4
k141_7160	6160	6786	-1	5
k141_7160	6783	7958	-1	6
k141_7160	7955	9073	-1	7
k141_7160	9266	10714	-1	8
k141_7160	11215	11481	-1	9
k141_7160	11595	12371	-1	10
k141_7160	12504	13445	-1	11
k141_7160	13576	14433	-1	12
k141_7160	14558	15340	1	13
k141_7160	15344	15790	-1	14
k141_7160	15865	17403	1	15
k141_7160	17444	18001	1	16
k141_7160	18080	18622	1	17
k141_7160	18615	19265	1	18
k141_7160	19329	19781	1	19
k141_7160	19799	20752	1	20
k141_7160	20914	22227	-1	21
k141_7160	22356	23150	1	22
k141_7160	23212	23955	1	23
k141_7160	23952	24161	-1	24
k141_7160	24175	24393	-1	25
k141_7160	24465	25388	-1	26
k141_7160	25571	26149	1	27
k141_7160	26181	26771	1	28
k141_7160	26773	27987	1	29
k141_7160	28014	28826	1	30
k141_7160	29019	30533	1	31
k141_7160	30530	32983	-1	32
k141_7160	33070	34260	-1	33
k141_7160	34434	35282	1	34
k141_7160	35255	35725	-1	35
k141_7160	35880	36380	1	36
k141_7160	36291	37241	-1	37
k141_7160	37392	38024	-1	38
k141_7160	38183	38494	-1	39
k141_7160	38952	40277	-1	40
k141_7160	40470	42599	-1	41
k141_7160	42629	42898	-1	42
k141_7160	42932	43888	-1	43
k141_7160	43955	44377	-1	44
k141_7160	44544	45020	1	45
k141_7160	45033	45536	1	46
k141_7160	45622	48213	-1	47
k141_7160	48356	48931	-1	48
k141_7160	48984	50696	-1	49
k141_7160	50728	51267	-1	50
k141_7160	51395	52084	-1	51
k141_7160	52145	52573	-1	52
k141_7160	52659	54266	-1	53
k141_7160	54263	55165	-1	54
k141_7160	55192	55644	-1	55
k141_7160	55641	56678	-1	56
k141_7160	56675	58045	-1	57
k141_7160	58156	59433	-1	58
k141_7160	59460	59879	-1	59
k141_7160	59916	60377	-1	60
k141_7160	60374	61018	-1	61
k141_7160	61028	61663	-1	62
k141_7160	61768	62331	-1	63
k141_7160	62401	62877	-1	64
k141_7160	62953	63546	1	65
k141_7160	63543	64100	-1	66
k141_7160	64147	64269	1	67
k141_7160	64266	65303	-1	68
k141_7160	65365	66909	-1	69
k141_7160	66914	69724	-1	70
k141_7160	69759	72455	-1	71
k141_7160	72556	74841	1	72
k141_7160	74844	76199	-1	73
k141_7160	76227	78533	-1	74
k141_7160	78760	80295	-1	75
k141_7160	80501	81448	-1	76
k141_7160	81448	82107	-1	77
k141_7160	82200	82529	-1	78
k141_7160	82583	83476	-1	79
k141_7160	83520	84818	1	80
k141_7160	84815	85978	-1	81
k141_7160	85975	86571	-1	82
k141_7160	86771	86863	1	83
k141_7160	86951	87499	1	84
k141_7160	87513	87749	1	85
k141_7160	88054	89226	1	86
k141_7160	89360	90076	-1	87
k141_7160	90204	91274	1	88
k141_7160	91287	91934	1	89
k141_7160	92035	93567	1	90
k141_7160	93654	94571	1	91
k141_7160	94599	94946	-1	92
k141_7160	95143	95490	-1	93
k141_7160	95587	96285	-1	94
k141_7160	96346	96774	-1	95
k141_7160	97133	99046	1	96
k141_7160	99114	99977	1	97
k141_7160	99977	101161	1	98
k141_7160	101217	102320	1	99
k141_7160	102317	103147	1	100
k141_7160	103305	103979	1	101
k141_7160	103930	104646	1	102
k141_7160	104502	104960	-1	103
k141_7160	104972	105565	-1	104
k141_7160	105677	106531	-1	105
k141_7160	106541	107113	-1	106
k141_7160	107198	107914	1	107
k141_7160	108517	108705	1	108
k141_7160	109175	109675	-1	109
k141_7160	109778	110635	-1	110
k141_7160	110721	111614	-1	111
k141_7160	111726	112733	1	112
k141_7160	112904	114997	1	113
k141_7160	115074	115646	1	114
k141_7160	115776	115970	-1	115
k141_7160	115967	116335	-1	116
k141_7160	116328	116918	-1	117
k141_7160	117256	118518	-1	118
k141_7160	119121	119540	-1	119
k141_7160	119622	120929	1	120
k141_7160	120948	121583	1	121
k141_7160	121594	122172	-1	122
k141_7160	122192	122797	-1	123
k141_7160	122804	124003	-1	124
k141_7160	124041	124670	-1	125
k141_7160	124874	125407	1	126
k141_7160	125417	126109	-1	127
k141_7160	126156	126749	-1	128
k141_7160	126746	127597	-1	129
k141_7160	127594	128184	-1	130
k141_7160	128181	129023	-1	131
k141_7160	129479	130516	1	132
k141_7160	130531	131583	1	133
k141_7160	131580	132038	1	134
k141_7160	132269	133573	1	135
k141_7160	133771	134748	-1	136
k141_7160	134816	135694	-1	137
k141_7160	135838	136470	1	138
k141_7160	136528	137232	-1	139
k141_7160	137282	137545	1	140
k141_7160	137549	138865	1	141
k141_7160	138990	140849	1	142
k141_7160	140850	141473	1	143
k141_7160	141463	142308	1	144
k141_7160	142305	143234	1	145
k141_7160	143357	144409	-1	146
k141_7160	144406	144924	-1	147
k141_7160	144932	147511	-1	148
k141_7160	147545	148045	-1	149
k141_7160	148310	149551	1	150
k141_7160	149655	150122	1	151
k141_7160	150094	150726	-1	152
k141_7160	150728	151408	1	153
k141_7160	151401	151970	-1	154
k141_7160	152156	152842	1	155
k141_7160	152861	155968	-1	156
k141_7160	156042	156854	-1	157
k141_7160	156890	157498	-1	158
k141_7160	157828	158493	-1	159
k141_7160	158551	159369	-1	160
k141_7160	159455	160147	-1	161
k141_7160	160214	162622	-1	162
k141_7160	162730	164004	1	163
k141_7160	164001	164519	-1	164
k141_7160	164542	164844	-1	165
k141_7160	164844	165044	-1	166
k141_7160	165056	165970	-1	167
k141_7160	166128	166649	-1	168
k141_7160	166954	167514	-1	169
k141_7160	167885	170344	-1	170
k141_7160	170328	170909	-1	171
k141_7160	170906	171244	-1	172
k141_7160	171250	171447	-1	173
k141_7160	171584	172888	-1	174
k141_7160	173289	173729	1	175
k141_7160	173763	174224	1	176
k141_7160	175121	176386	-1	177
k141_7160	176632	177540	-1	178
k141_7160	177647	178819	1	179
k141_7160	178847	179881	1	180
k141_7160	179952	180338	-1	181
k141_7160	180346	181455	-1	182
k141_7160	181492	182046	1	183
k141_7160	182043	182666	1	184
k141_7160	182663	183214	1	185
k141_7160	183724	188649	1	186
k141_7160	188640	189512	-1	187
k141_7160	189585	191180	-1	188
k141_7160	191244	193178	-1	189
k141_7160	193175	194941	-1	190
k141_7160	194947	195606	-1	191
k141_7160	195679	196977	-1	192
k141_7160	197210	198106	-1	193
k141_7160	198195	198392	1	194
k141_7160	198510	199070	1	195
k141_7160	199475	200176	-1	196
k141_7160	200186	200812	-1	197
k141_7160	200873	202150	-1	198
k141_7160	202918	204150	1	199
k141_7160	204356	205492	1	200
k141_7160	205616	206254	1	201
k141_7160	206254	206730	1	202
k141_7160	206715	207254	-1	203
k141_7160	207470	208240	1	204
k141_7160	208504	208839	-1	205
k141_7160	209143	209892	1	206
k141_7160	209889	210632	1	207
k141_7160	210629	212476	1	208
k141_7160	212473	213549	1	209
k141_7160	213515	213895	1	210
k141_7160	214177	215172	1	211
k141_7160	215175	215864	1	212
k141_7160	216058	216507	-1	213
k141_7160	216597	217007	1	214
k141_7160	217009	217722	-1	215
k141_7160	217973	218365	-1	216
k141_7160	218362	218895	-1	217
k141_7160	219230	219739	1	218
k141_7160	219906	220472	-1	219
k141_7160	220644	221105	-1	220
k141_7160	221145	222701	-1	221
k141_7160	222925	223626	-1	222
k141_7160	223740	223928	-1	223
k141_7160	224118	224420	-1	224
k141_7160	224484	225128	-1	225
k141_7160	225210	227354	-1	226
k141_7160	227510	228748	-1	227
k141_7160	228810	230084	-1	228
k141_7160	230194	230490	-1	229
k141_7160	230622	231143	-1	230
k141_7160	231318	231869	-1	231
k141_7160	231924	232934	1	232
k141_7160	233202	233726	1	233
k141_7160	233742	234095	-1	234
k141_7160	234180	235028	-1	235
k141_7160	235084	235941	1	236
k141_7160	236007	237146	1	237
k141_7160	237164	237664	-1	238
k141_7160	237825	238154	1	239
k141_7160	238145	238537	-1	240
k141_7160	238537	239502	-1	241
k141_7160	239604	240524	-1	242
k141_7160	240688	242694	1	243
k141_7160	242701	243723	-1	244
k141_7160	243935	244240	-1	245
k141_7160	244556	244768	1	246
k141_7160	244852	245874	-1	247
k141_7160	245937	246476	1	248
k141_7160	246473	246682	-1	249
k141_7160	246751	248631	1	250
k141_7160	248625	248813	-1	251
k141_7160	248950	249126	-1	252
k141_7160	249175	249588	-1	253
k141_7160	249718	251709	1	254
k141_7160	251814	253388	1	255
k141_7160	253445	254245	-1	256
k141_7160	254328	257351	-1	257
k141_7160	257556	258821	-1	258
k141_7160	258867	259493	-1	259
k141_7160	259640	260962	1	260
k141_7160	261003	261554	1	261
k141_7160	261651	262484	1	262
k141_7160	262485	263630	-1	263
k141_7160	263726	264481	-1	264
k141_7160	264763	267438	-1	265
k141_7160	267597	268259	1	266
k141_7160	268256	268924	1	267
k141_7160	269146	269904	1	268
k141_7160	269901	270056	1	269
k141_7160	270056	270562	1	270
k141_7160	270847	271461	-1	271
k141_7160	271545	272192	-1	272
k141_7160	272216	273064	-1	273
k141_7160	273068	273997	-1	274
k141_7160	273994	275328	-1	275
k141_7160	275435	276061	-1	276
k141_7160	276259	278118	-1	277
k141_7160	278207	279076	-1	278
k141_7160	279192	280589	1	279
k141_7160	280796	281188	1	280
k141_7160	281191	281568	1	281
k141_7160	281584	283371	1	282
k141_7160	283375	283800	1	283
k141_7160	283813	284592	1	284
k141_7160	284729	285850	1	285
k141_7160	285928	286017	-1	286
k141_7160	286279	287127	-1	287
k141_7160	287273	287920	1	288
k141_7160	288040	288387	1	289
k141_7160	288409	289179	-1	290
k141_7160	289318	292749	-1	291
k141_7160	292950	294449	1	292
k141_7160	294473	294856	-1	293
k141_7160	295116	296258	1	294
k141_7160	296255	296683	1	295
k141_7160	296676	296774	1	296
k141_7160	296822	297958	1	297
k141_7160	298186	299538	1	298
k141_7160	299556	300233	1	299
k141_7160	300310	300771	-1	300
k141_7160	300975	301049	1	301
k141_7392	1	2673	-1	1
k141_7392	3058	3744	-1	2
k141_7392	3812	5056	1	3
k141_7392	5060	6358	-1	4
k141_7392	6561	6986	1	5
k141_7392	6983	7807	-1	6
k141_7392	7814	8653	-1	7
k141_7392	8909	10693	-1	8
k141_7392	11020	12717	-1	9
k141_7392	12979	13905	-1	10
k141_7392	13935	14363	-1	11
k141_7392	14478	16631	1	12
k141_7392	16767	17387	1	13
k141_7392	17555	18340	1	14
k141_7392	18499	20622	1	15
k141_7392	20619	21098	-1	16
k141_7392	21285	22769	1	17
k141_7392	23020	24183	-1	18
k141_7392	24527	25627	1	19
k141_7392	25786	27753	-1	20
k141_7392	27950	29590	-1	21
k141_7392	29645	29935	-1	22
k141_7392	30205	30876	1	23
k141_7392	31236	32453	1	24
k141_7392	32629	33534	1	25
k141_7392	33722	34420	-1	26
k141_7392	34472	34858	-1	27
k141_7392	34982	35425	1	28
k141_7392	35433	36377	1	29
k141_7392	36559	39531	1	30
k141_7392	39524	40123	1	31
k141_7392	40198	40746	1	32
k141_7392	40988	42880	1	33
k141_7392	43066	44346	-1	34
k141_7406	3	3707	-1	1
k141_7406	4021	4947	1	2
k141_7406	4913	6163	-1	3
k141_7406	6702	8675	-1	4
k141_7406	8710	9846	-1	5
k141_7406	9899	10882	-1	6
k141_7406	10879	11967	-1	7
k141_7406	11945	13069	-1	8
k141_7406	13198	15537	-1	9
k141_7406	15767	16480	-1	10
k141_7406	16638	17831	1	11
k141_7406	17860	19422	1	12
k141_7406	19450	21009	1	13
k141_7406	21060	22544	1	14
k141_7406	22556	24505	1	15
k141_7406	25038	25550	-1	16
k141_7420	3	3284	-1	1
k141_7420	3592	4188	1	2
k141_7420	4208	4489	1	3
k141_7420	4554	5150	1	4
k141_7420	5170	5451	1	5
k141_7420	5539	6096	1	6
k141_7420	6215	6760	1	7
k141_7420	6760	7743	1	8
k141_7420	7734	8657	1	9
k141_7420	8638	10092	-1	10
k141_7420	10115	11077	-1	11
k141_7420	11171	12658	1	12
k141_7420	12686	13669	1	13
k141_7420	13669	14163	1	14
k141_7420	14167	15447	1	15
k141_7559	3	128	1	1
k141_7559	196	2379	-1	2
k141_7559	2565	4262	-1	3
k141_7559	4288	5121	-1	4
k141_7559	5240	6139	-1	5
k141_7559	6374	8026	-1	6
k141_7559	8198	9526	-1	7
k141_7559	9523	10431	-1	8
k141_7559	10419	11333	-1	9
k141_7559	11337	11933	-1	10
k141_7559	11930	12865	-1	11
k141_7559	12862	13089	-1	12
k141_7559	13089	14495	-1	13
k141_7559	14492	15598	-1	14
k141_7559	15595	16722	-1	15
k141_7559	16719	18143	-1	16
k141_7559	18153	19256	-1	17
k141_7559	19264	20676	-1	18
k141_7559	20669	22123	-1	19
k141_7559	22120	23877	-1	20
k141_7559	23877	24263	-1	21
k141_7559	24260	25264	-1	22
k141_7559	25261	25761	-1	23
k141_7559	26602	27267	-1	24
k141_7559	27264	28220	-1	25
k141_7559	28308	28748	1	26
k141_7559	28796	30028	-1	27
k141_7559	30117	30401	-1	28
k141_7559	30467	31282	-1	29
k141_7559	31322	34897	1	30
k141_7559	34927	36342	-1	31
k141_7559	36430	37368	-1	32
k141_7559	37466	38734	1	33
k141_7559	38775	40688	-1	34
k141_7559	40928	41215	1	35
k141_7559	41212	41709	-1	36
k141_7559	41787	43124	1	37
k141_7559	43138	43899	-1	38
k141_7559	44206	44889	-1	39
k141_7559	44892	46559	-1	40
k141_7564	2	112	1	1
k141_7564	221	694	1	2
k141_7564	904	1344	-1	3
k141_7564	1488	2120	-1	4
k141_7564	2167	2568	1	5
k141_7564	2788	3207	1	6
k141_7564	3298	4356	1	7
k141_7564	4688	5635	1	8
k141_7564	5863	6042	1	9
k141_7564	6146	7903	-1	10
k141_7564	7971	8969	1	11
k141_7564	9951	11624	1	12
k141_7564	11647	12870	1	13
k141_7564	13035	13544	-1	14
k141_7564	13802	15607	1	15
k141_7564	15604	17409	1	16
k141_7564	17396	18556	1	17
k141_7564	18578	20011	-1	18
k141_7564	20082	20537	-1	19
k141_7564	20654	22270	1	20
k141_7564	22273	22878	-1	21
k141_7564	22995	23966	-1	22
k141_7564	24136	25404	-1	23
k141_7564	25536	27566	-1	24
k141_7564	27707	29815	-1	25
k141_7564	29958	32021	-1	26
k141_7564	32122	35337	-1	27
k141_7564	35364	36635	-1	28
k141_7564	36638	38038	-1	29
k141_7564	38315	39709	1	30
k141_7564	39846	41546	1	31
k141_7564	41539	43284	1	32
k141_7564	43289	44104	1	33
k141_7564	44134	44820	1	34
k141_7564	44846	45535	1	35
k141_7564	45511	46422	-1	36
k141_7564	46533	47507	1	37
k141_7564	47511	48398	1	38
k141_7564	48395	49039	1	39
k141_7564	49055	49972	-1	40
k141_7564	50169	51137	1	41
k141_7564	51134	51433	1	42
k141_7564	51501	52232	-1	43
k141_7564	52395	53429	1	44
k141_7564	53515	54054	-1	45
k141_7564	54260	55072	1	46
k141_7564	55140	56324	1	47
k141_7564	56353	57276	1	48
k141_7564	57445	58869	-1	49
k141_7564	58934	59326	-1	50
k141_7564	59487	60500	1	51
k141_7564	60603	62579	1	52
k141_7564	62692	64710	1	53
k141_7564	64726	66069	-1	54
k141_7564	66228	67724	1	55
k141_7564	67974	69905	1	56
k141_7564	69902	70012	-1	57
k141_7564	70009	71646	-1	58
k141_7564	71716	72204	-1	59
k141_7564	72330	72965	1	60
k141_7564	73109	73369	1	61
k141_7564	73366	73758	1	62
k141_7564	73755	73952	1	63
k141_7564	74206	75312	-1	64
k141_7564	75309	76235	-1	65
k141_7564	76232	77179	-1	66
k141_7564	77179	77811	-1	67
k141_7564	77882	78169	-1	68
k141_7564	78306	78863	1	69
k141_7564	78934	79389	1	70
k141_7564	79386	79871	-1	71
k141_7564	79913	81124	-1	72
k141_7564	81652	82068	1	73
k141_7564	82149	83219	1	74
k141_7564	83227	84168	1	75
k141_7564	84383	85072	1	76
k141_7564	85237	86640	-1	77
k141_7564	86819	87592	-1	78
k141_7564	87748	90360	1	79
k141_7564	90403	90837	-1	80
k141_7564	91076	92560	-1	81
k141_7564	92793	93464	1	82
k141_7564	93595	96381	1	83
k141_7564	96378	96863	1	84
k141_7564	96877	97251	1	85
k141_7564	97262	98440	1	86
k141_7564	98443	99279	1	87
k141_7564	99354	99968	-1	88
k141_7564	100097	100792	-1	89
k141_7564	101318	102664	1	90
k141_7564	102661	103077	1	91
k141_7564	103222	105306	-1	92
k141_7564	105440	106438	1	93
k141_7564	106442	107413	-1	94
k141_7564	107441	108670	-1	95
k141_7564	108779	109636	-1	96
k141_7564	109605	111983	-1	97
k141_7564	112263	112586	-1	98
k141_7564	112625	113425	-1	99
k141_7564	113422	114417	-1	100
k141_7564	114450	116582	-1	101
k141_7564	116595	117965	-1	102
k141_7564	117990	118352	-1	103
k141_7564	118364	119014	-1	104
k141_7564	119029	120051	-1	105
k141_7564	120060	121676	-1	106
k141_7564	121893	122162	-1	107
k141_7564	122368	123249	-1	108
k141_7564	123263	123760	-1	109
k141_7564	123857	124552	-1	110
k141_7564	124566	126542	-1	111
k141_7564	127048	129189	1	112
k141_7564	129204	130118	1	113
k141_7564	130176	131393	1	114
k141_7564	131711	131956	1	115
k141_7564	132145	132273	1	116
k141_7564	132270	132776	-1	117
k141_7564	132821	134011	1	118
k141_7564	134082	134459	-1	119
k141_7564	134507	135082	1	120
k141_7564	135043	135261	-1	121
k141_7564	135262	135741	-1	122
k141_7564	135930	137159	1	123
k141_7564	137163	138176	1	124
k141_7564	138178	139434	1	125
k141_7564	139447	140874	1	126
k141_7564	141116	141610	1	127
k141_7564	141611	142081	-1	128
k141_7564	142237	142662	1	129
k141_7564	142709	143776	-1	130
k141_7564	144106	144441	1	131
k141_7564	144572	146629	1	132
k141_7564	147224	147655	1	133
k141_7564	147750	148004	1	134
k141_7564	148109	149155	-1	135
k141_7564	149133	149468	-1	136
k141_7564	149582	151210	-1	137
k141_7564	151305	151634	-1	138
k141_7564	151682	152383	1	139
k141_7564	152380	153009	1	140
k141_7564	153031	153606	-1	141
k141_7564	153760	154260	-1	142
k141_7564	154360	154548	-1	143
k141_7564	154619	156679	-1	144
k141_7564	156676	159396	-1	145
k141_7564	159402	160298	-1	146
k141_7564	160302	161300	-1	147
k141_7564	161415	161948	1	148
k141_7564	161948	162574	1	149
k141_7564	162578	162910	1	150
k141_7564	162907	164148	1	151
k141_7564	164237	164731	-1	152
k141_7564	164898	165797	-1	153
k141_7564	165859	167139	-1	154
k141_7564	167210	167614	-1	155
k141_7564	167856	168500	1	156
k141_7564	168497	169768	1	157
k141_7564	169784	170587	1	158
k141_7564	170846	171712	1	159
k141_7564	171922	172671	1	160
k141_7564	172743	173141	1	161
k141_7564	173141	173773	1	162
k141_7564	173799	174326	1	163
k141_7564	174800	175456	1	164
k141_7564	175681	177165	-1	165
k141_7564	177470	178246	-1	166
k141_7564	178343	179272	1	167
k141_7564	179303	180682	-1	168
k141_7564	180682	182103	-1	169
k141_7564	182100	182813	-1	170
k141_7564	182839	185034	-1	171
k141_7564	185265	186191	1	172
k141_7564	186188	186949	1	173
k141_7564	186960	187862	1	174
k141_7564	187856	188734	-1	175
k141_7564	188784	190028	-1	176
k141_7564	190124	190561	-1	177
k141_7564	190617	191714	-1	178
k141_7564	192142	192747	-1	179
k141_7564	192846	193493	-1	180
k141_7564	193656	194588	-1	181
k141_7564	194661	195743	-1	182
k141_7564	195747	196628	-1	183
k141_7564	196743	197051	1	184
k141_7564	197149	197652	1	185
k141_7564	197661	198518	1	186
k141_7564	198571	199887	-1	187
k141_7564	200132	200833	-1	188
k141_7564	200891	201502	-1	189
k141_7564	201508	203271	-1	190
k141_7564	203399	204157	1	191
k141_7564	204164	204571	1	192
k141_7564	204577	205188	-1	193
k141_7564	205278	206171	1	194
k141_7564	206193	207395	-1	195
k141_7564	207491	208480	-1	196
k141_7564	208663	209133	1	197
k141_7564	209356	211683	1	198
k141_7564	211714	212691	1	199
k141_7564	212710	213195	1	200
k141_7564	213294	213941	1	201
k141_7564	213948	214958	-1	202
k141_7564	215051	215605	1	203
k141_7564	215609	215884	-1	204
k141_7564	215881	216126	-1	205
k141_7564	216205	216597	-1	206
k141_7564	216612	217460	-1	207
k141_7564	217467	218993	-1	208
k141_7564	219004	220113	-1	209
k141_7564	220299	220667	-1	210
k141_7564	220702	221673	-1	211
k141_7564	221673	222293	-1	212
k141_7564	222483	224366	1	213
k141_7564	224459	224833	1	214
k141_7564	224849	225904	-1	215
k141_7564	225919	226938	-1	216
k141_7564	226938	228053	-1	217
k141_7564	228294	229505	1	218
k141_7564	229715	230278	-1	219
k141_7564	230335	230880	-1	220
k141_7564	230981	231535	1	221
k141_7564	231611	233023	1	222
k141_7564	233040	234155	-1	223
k141_7564	234250	235605	-1	224
k141_7564	235789	236898	1	225
k141_7564	236961	237188	1	226
k141_7564	237185	237604	1	227
k141_7564	237601	238476	1	228
k141_7564	238487	238711	-1	229
k141_7564	238849	239337	-1	230
k141_7564	239340	239786	-1	231
k141_7564	240093	240671	-1	232
k141_7564	241384	243669	-1	233
k141_7564	243933	244340	-1	234
k141_7564	244464	244994	-1	235
k141_7564	245061	246728	-1	236
k141_7564	246809	247123	1	237
k141_7564	247116	247550	1	238
k141_7564	247613	248215	1	239
k141_7564	248222	249235	-1	240
k141_7564	249341	250009	1	241
k141_7564	250108	250413	1	242
k141_7564	250591	250779	-1	243
k141_7564	250776	251480	-1	244
k141_7564	251483	252877	-1	245
k141_7564	253050	253388	1	246
k141_7641	2	112	1	1
k141_7641	235	945	-1	2
k141_7641	1223	3703	-1	3
k141_7641	4032	4982	1	4
k141_7641	5078	5908	1	5
k141_7641	5974	6279	1	6
k141_7641	6353	7183	1	7
k141_7641	7280	7768	1	8
k141_7641	7765	8196	1	9
k141_7641	8390	8701	1	10
k141_7641	8922	9257	1	11
k141_7641	9471	9785	1	12
k141_7641	9922	10245	1	13
k141_7641	10342	11709	1	14
k141_7641	11661	12692	-1	15
k141_7641	12692	13048	-1	16
k141_7641	13528	14148	1	17
k141_7641	14224	15618	1	18
k141_7641	15822	16802	-1	19
k141_7641	16905	17840	-1	20
k141_7641	17837	19483	-1	21
k141_7641	19452	19592	-1	22
k141_7641	19661	20239	1	23
k141_7641	20236	21339	1	24
k141_7641	21336	22622	1	25
k141_7641	22619	23395	-1	26
k141_7641	23474	23740	-1	27
k141_7641	23810	24988	-1	28
k141_7641	25169	25783	1	29
k141_7641	26110	27597	1	30
k141_7641	27759	28748	1	31
k141_7641	28839	29402	1	32
k141_7641	29499	29861	1	33
k141_7641	29858	30352	1	34
k141_7641	30367	31404	1	35
k141_7641	31401	31823	1	36
k141_7641	31830	32678	-1	37
k141_7641	32789	33013	-1	38
k141_7641	33151	35061	1	39
k141_7641	35072	36040	1	40
k141_7641	36254	38002	-1	41
k141_7641	38127	38411	-1	42
k141_7641	38601	39413	1	43
k141_7641	39482	42085	1	44
k141_7641	42082	42393	1	45
k141_7641	42430	42879	1	46
k141_7641	42944	43285	1	47
k141_7641	43508	44026	1	48
k141_7641	44175	45086	1	49
k141_7641	45169	45933	-1	50
k141_7641	46076	46630	1	51
k141_7641	46763	47419	1	52
k141_7641	47499	47909	1	53
k141_7641	48241	49452	1	54
k141_7641	49457	50245	-1	55
k141_7641	50242	51678	-1	56
k141_7641	51719	52645	-1	57
k141_7641	52802	54094	1	58
k141_7641	54148	54372	-1	59
k141_7641	54494	55099	-1	60
k141_7641	55096	56889	-1	61
k141_7641	57020	57910	-1	62
k141_7641	58396	59013	1	63
k141_7641	59103	59621	1	64
k141_7641	59618	60190	1	65
k141_7641	60367	61818	-1	66
k141_7641	62147	62536	1	67
k141_7641	62551	64344	1	68
k141_7641	64410	64982	1	69
k141_7641	64987	65997	1	70
k141_7641	65994	66740	1	71
k141_7641	66858	67151	-1	72
k141_7641	68106	68252	-1	73
k141_7830	3	146	1	1
k141_7830	143	958	-1	2
k141_7830	961	1965	-1	3
k141_7830	2120	2671	1	4
k141_7830	2754	4331	1	5
k141_7830	4354	4914	1	6
k141_7830	4974	6086	1	7
k141_7830	6162	7661	1	8
k141_7830	7790	8356	-1	9
k141_7830	8353	8766	-1	10
k141_7830	8763	9458	-1	11
k141_7830	9446	9997	-1	12
k141_7830	10075	12948	-1	13
k141_7830	13006	14436	-1	14
k141_7830	14443	15114	-1	15
k141_7830	15126	16640	-1	16
k141_7830	16808	18031	-1	17
k141_7830	18103	18576	-1	18
k141_7830	18576	19247	-1	19
k141_7830	19306	20610	-1	20
k141_7830	20726	22111	-1	21
k141_7830	22108	22785	-1	22
k141_7830	22795	23145	-1	23
k141_7830	23210	24103	-1	24
k141_7830	24179	27901	-1	25
k141_7830	28093	28569	-1	26
k141_7830	28566	29231	-1	27
k141_7830	29438	30058	-1	28
k141_7830	30055	30564	-1	29
k141_7830	30561	30731	-1	30
k141_7830	30740	31006	-1	31
k141_7830	31006	31422	-1	32
k141_7830	31635	32042	-1	33
k141_7830	32039	32611	-1	34
k141_7830	32661	33188	1	35
k141_7830	33569	34786	-1	36
k141_7830	34813	35238	-1	37
k141_7830	35439	35678	-1	38
k141_7830	35675	36715	-1	39
k141_8060	2	76	-1	1
k141_8060	392	1234	1	2
k141_8060	1933	2349	1	3
k141_8060	2431	2841	-1	4
k141_8060	3173	3901	1	5
k141_8060	4184	4606	-1	6
k141_8060	4616	4981	-1	7
k141_8060	4971	5918	-1	8
k141_8060	6061	9198	-1	9
k141_8060	9182	10420	-1	10
k141_8060	10417	11727	-1	11
k141_8060	11774	12244	1	12
k141_8060	12882	13964	-1	13
k141_8060	14036	14767	-1	14
k141_8060	14843	15223	-1	15
k141_8060	15264	15797	-1	16
k141_8060	15832	15972	-1	17
k141_8160	593	1765	-1	1
k141_8160	2127	3440	1	2
k141_8160	3572	5062	1	3
k141_8160	5090	6244	1	4
k141_8160	6241	6642	1	5
k141_8160	6645	7853	1	6
k141_8160	7873	8988	1	7
k141_8160	8985	10298	1	8
k141_8160	10447	13359	1	9
k141_8160	13433	14689	-1	10
k141_8160	15022	15309	1	11
k141_8160	15313	16260	1	12
k141_8160	16257	17033	1	13
k141_8160	17104	18246	-1	14
k141_8160	18258	20033	-1	15
k141_8160	20258	22315	1	16
k141_8160	22611	23024	-1	17
k141_8160	23179	23376	1	18
k141_8160	23452	24645	-1	19
k141_8160	24642	25112	-1	20
k141_8160	25462	28041	1	21
k141_8160	28148	30148	1	22
k141_8160	30178	32151	1	23
k141_8160	32161	33138	-1	24
k141_8160	33131	34159	-1	25
k141_8160	34262	38323	-1	26
k141_8160	38327	40099	-1	27
k141_8160	40120	41448	-1	28
k141_8160	41630	43105	1	29
k141_8160	43089	43817	1	30
k141_8160	43847	45700	1	31
k141_8160	46040	48082	1	32
k141_8160	48159	48761	1	33
k141_8160	48803	50668	1	34
k141_8160	50615	51301	-1	35
k141_8160	51469	53484	1	36
k141_8160	53548	56205	1	37
k141_8160	56202	56390	-1	38
