Hmm	ORF	tlen	qlen	Eval	score	start	end	Acc	Pos	Cov_seq	Cov_hmm	strand
2OG_1_CAS-I-II-III-IV-V-VI	k83_207441_6	528	94	0.00019	18.2	3130	4713	k83_207441	6	0.17045454545454544	0.9148936170212766	1
AbiEii_0_CAS-III	k83_102461_5	427	284	0.0002	17.0	5968	7248	k83_102461	5	0.07728337236533958	0.11619718309859155	-1
AbiEii_0_CAS-III	k83_113904_2	221	284	8e-06	21.6	961	1623	k83_113904	2	0.5339366515837104	0.40492957746478875	1
AbiEii_0_CAS-III	k83_15952_5	304	284	4.7e-13	45.3	1826	2737	k83_15952	5	0.3717105263157895	0.3732394366197183	-1
AbiEii_0_CAS-III	k83_194299_1	193	284	0.00016	17.3	1	579	k83_194299	1	0.14507772020725387	0.09859154929577464	-1
AbiEii_0_CAS-III	k83_21699_2	226	284	0.0013	14.3	976	1653	k83_21699	2	0.43805309734513276	0.3345070422535211	1
AbiEii_0_CAS-III	k83_324474_6	432	284	6.8e-05	18.5	5339	6634	k83_324474	6	0.13425925925925927	0.20422535211267606	1
AbiEii_0_CAS-III	k83_567636_2	260	284	0.0052	12.4	177	956	k83_567636	2	0.27307692307692305	0.23943661971830985	-1
AbiEii_0_CAS-III	k83_607633_5	241	284	0.00046	15.8	2449	3171	k83_607633	5	0.5269709543568465	0.43309859154929575	1
AbiEii_1_CAS-III-A	k83_15952_5	304	335	0.0024	13.0	1826	2737	k83_15952	5	0.1118421052631579	0.10149253731343283	-1
AbiEii_1_CAS-III-A	k83_567636_2	260	335	4e-05	18.9	177	956	k83_567636	2	0.4	0.32238805970149254	-1
Cas1_0_IA	k83_31463_1	105	347	0.0051	11.7	1	315	k83_31463	1	0.47619047619047616	0.1440922190201729	1
Cas3_0_CAS-I	k83_1203925_14	318	353	0.00081	14.6	13358	14311	k83_1203925	14	0.279874213836478	0.23512747875354106	1
Cas3_0_CAS-I	k83_324474_9	1153	353	1.7e-14	49.7	8596	12054	k83_324474	9	0.24371205550737207	0.8838526912181303	1
Cas3_0_CAS-I	k83_43099_10	668	353	1.2e-14	50.1	7159	9162	k83_43099	10	0.4476047904191617	0.8951841359773371	1
Cas3_0_CAS-I-D	k83_643547_6	644	626	1.8e-07	25.7	3702	5633	k83_643547	6	0.08850931677018634	0.09424920127795527	-1
Cas3_0_I	k83_1203925_14	318	358	0.0013	13.9	13358	14311	k83_1203925	14	0.2861635220125786	0.2569832402234637	1
Cas3_0_I	k83_324474_9	1153	358	4.5e-13	45.0	8596	12054	k83_324474	9	0.24284475281873374	0.8687150837988827	1
Cas3_0_I	k83_43099_10	668	358	1.7e-13	46.4	7159	9162	k83_43099	10	0.30538922155688625	0.5670391061452514	1
Cas3_1_CAS-I	k83_43099_10	668	745	3.9e-07	24.7	7159	9162	k83_43099	10	0.24251497005988024	0.22416107382550335	1
Cas3_2_CAS-I	k83_324474_9	1153	967	0.00092	13.3	8596	12054	k83_324474	9	0.06938421509106678	0.08066184074457083	1
Cas3_2_CAS-I	k83_43099_10	668	967	1.8e-05	19.0	7159	9162	k83_43099	10	0.2619760479041916	0.1737331954498449	1
Cas3d_1_CAS-I-D	k83_113355_2	1254	627	0.0011	13.2	366	4127	k83_113355	2	0.10047846889952153	0.20095693779904306	-1
Cas4_0_CAS-I-II-III-IV-V-VI	k83_1412400_5	867	179	0.00018	17.7	2831	5431	k83_1412400	5	0.19492502883506344	0.6368715083798883	1
Cas4_5_CAS-I-II-III-IV-V-VI	k83_1412400_5	867	161	0.0011	15.2	2831	5431	k83_1412400	5	0.08765859284890427	0.37888198757763975	1
Cas5f_3_CAS-I-F	k83_77854_4	96	293	0.00057	15.3	1503	1790	k83_77854	4	0.65625	0.20477815699658702	-1
Cas6_7_CAS-I-II-III-IV-V-VI	k83_2143_3	149	241	0.00043	16.3	966	1412	k83_2143	3	0.4228187919463087	0.27800829875518673	1
Cas8b3_2_CAS-I-B	k83_15835_5	191	557	7.9e-05	17.3	2487	3059	k83_15835	5	0.33507853403141363	0.11490125673249552	-1
Cas8f_5_CAS-I-F	k83_43099_9	126	401	0.0012	13.8	6695	7072	k83_43099	9	0.49206349206349204	0.14962593516209477	1
CasR_0_CAS-I-II-III-IV-V-VI	k83_1137500_1	75	198	3e-06	23.0	1	225	k83_1137500	1	0.8133333333333334	0.31313131313131315	-1
CasR_0_CAS-I-II-III-IV-V-VI	k83_351475_3	87	198	9.9e-05	18.0	742	1002	k83_351475	3	0.4827586206896552	0.21212121212121213	-1
CasR_0_CAS-III-B	k83_102461_4	806	480	0.00019	16.2	3467	5884	k83_102461	4	0.1228287841191067	0.14166666666666666	-1
CasR_1_CAS-I-II-III-IV-V-VI	k83_109206_1	140	218	0.0034	12.6	2	421	k83_109206	1	0.6285714285714286	0.41284403669724773	1
CasR_1_CAS-I-II-III-IV-V-VI	k83_1137500_1	75	218	7.8e-07	24.5	1	225	k83_1137500	1	0.84	0.29357798165137616	-1
CasR_1_CAS-I-II-III-IV-V-VI	k83_351475_3	87	218	0.00027	16.1	742	1002	k83_351475	3	0.4827586206896552	0.1926605504587156	-1
CasR_1_CAS-I-II-III-IV-V-VI	k83_99413_2	213	218	0.001	14.3	544	1182	k83_99413	2	0.2863849765258216	0.29357798165137616	-1
Cmr3_0_IIIB	k83_2143_4	60	346	0.0016	13.6	1465	1644	k83_2143	4	0.6833333333333333	0.11849710982658959	1
Csa3_1_CAS-I-II-III-IV-V-VI	k83_1137500_1	75	118	5.3e-10	35.7	1	225	k83_1137500	1	0.9066666666666666	0.635593220338983	-1
Csf4_0_IVA	k83_643547_6	644	666	1.5e-56	188.2	3702	5633	k83_643547	6	0.9114906832298136	0.8978978978978979	-1
Csf4_1_IVA1	k83_643547_6	644	802	5.2e-13	44.0	3702	5633	k83_643547	6	0.34937888198757766	0.2955112219451372	-1
Csf4_2_IVA1	k83_324474_9	1153	526	0.0021	12.7	8596	12054	k83_324474	9	0.11882046834345186	0.24524714828897337	1
Csf4_2_IVA1	k83_643547_6	644	526	1e-09	33.5	3702	5633	k83_643547	6	0.34627329192546585	0.41634980988593157	-1
Csf4_3_IVE	k83_643547_6	644	648	6.7e-09	30.9	3702	5633	k83_643547	6	0.5170807453416149	0.4876543209876543	-1
Csm2_0_IIID	k83_947918_2	90	148	0.0041	13.0	2135	2404	k83_947918	2	0.5	0.30405405405405406	-1
Csm2gr11_1_CAS-III-D	k83_947918_2	90	149	0.0029	13.5	2135	2404	k83_947918	2	0.5111111111111111	0.3087248322147651	-1
Csm2gr11_5_CAS-III-D	k83_56303_4	397	121	0.01	11.9	1684	2874	k83_56303	4	0.11586901763224182	0.38016528925619836	1
Csn2_7_CAS-II-A	k83_116317_6	296	372	0.0021	13.1	3119	4006	k83_116317	6	0.46283783783783783	0.3709677419354839	-1
Csx19_13_CAS-III-D	k83_1310535_14	1236	136	0.0024	13.9	11908	15615	k83_1310535	14	0.054207119741100325	0.4852941176470588	-1
Csx19_15_CAS-III-D	k83_77854_6	261	149	0.0031	13.5	2524	3306	k83_77854	6	0.26053639846743293	0.4161073825503356	1
Csx1_18_CAS-III	k83_27417_6	518	376	0.0022	13.6	4238	5791	k83_27417	6	0.361003861003861	0.4521276595744681	-1
Csx1_20_CAS-III	k83_99799_11	210	379	0.0053	11.6	5127	5756	k83_99799	11	0.4	0.22691292875989447	1
Csx3_2_CAS-I-III	k83_116317_6	296	277	0.0054	11.9	3119	4006	k83_116317	6	0.08445945945945946	0.09025270758122744	-1
Csx3_2_CAS-I-III	k83_141864_8	453	277	0.0015	13.7	5830	7188	k83_141864	8	0.11920529801324503	0.17689530685920576	-1
CysH_0_IVB	k83_473320_1	176	249	0.0025	13.5	1	528	k83_473320	1	0.4318181818181818	0.30120481927710846	-1
CysH_0_IVB	k83_482126_3	156	249	0.0035	13.0	1362	1829	k83_482126	3	0.5448717948717948	0.25301204819277107	1
CysH_0_IVB	k83_961032_6	301	249	0.013	11.2	5791	6693	k83_961032	6	0.11295681063122924	0.13654618473895583	-1
DEDDh_0_CAS-I-II-III-IV-V-VI	k83_1913446_4	227	160	1.5e-41	138.2	1707	2387	k83_1913446	4	0.7136563876651982	0.99375	1
DEDDh_0_CAS-I-II-III-IV-V-VI	k83_1913446_7	105	160	1.6e-05	21.2	4233	4547	k83_1913446	7	0.4095238095238095	0.21875	1
HTH_0_CAS-I-D	k83_578922_3	331	65	0.00018	17.3	1066	2058	k83_578922	3	0.1268882175226586	0.6	-1
Mem_DnaJ_0_CAS-III-AM	k83_433627_6	374	284	0.01	11.2	1911	3032	k83_433627	6	0.1443850267379679	0.20774647887323944	-1
RecD_0_IVD	k83_1203925_14	318	763	0.00026	15.2	13358	14311	k83_1203925	14	0.4716981132075472	0.17038007863695936	1
RecD_0_IVD	k83_191271_2	719	763	8.6e-08	26.7	259	2415	k83_191271	2	0.29902642559109877	0.25688073394495414	1
RecD_0_IVD	k83_324474_11	353	763	0.00051	14.2	12320	13378	k83_324474	11	0.2719546742209632	0.061598951507208385	-1
RecD_0_IVD	k83_43099_10	668	763	0.00027	15.1	7159	9162	k83_43099	10	0.19161676646706588	0.16251638269986893	1
TPR_0_CAS-III-A	k83_707479_3	68	435	0.0049	11.9	1416	1619	k83_707479	3	0.8382352941176471	0.12643678160919541	1
TPR_0_CAS-III-B	k83_482126_1	234	488	0.0029	12.4	1	702	k83_482126	1	0.39316239316239315	0.18032786885245902	1
TPR_1_CAS-III-B	k83_207441_6	528	537	3e-05	18.9	3130	4713	k83_207441	6	0.2821969696969697	0.3054003724394786	1
htpX_0_CAS-III-B	k83_150722_5	272	343	0.0031	12.7	3208	4023	k83_150722	5	0.3272058823529412	0.2594752186588921	-1
htpX_0_CAS-III-B	k83_1913446_6	410	343	1.5e-05	20.3	2903	4132	k83_1913446	6	0.22439024390243903	0.27405247813411077	-1
