Contig	Start	End	Strand	Pos
k63_1499857	60	2789	-1	1
k63_1499857	2789	3568	-1	2
k63_428565	2	79	-1	1
k63_428565	393	1985	1	2
k63_428565	2116	3717	1	3
k63_428565	3785	4078	-1	4
k63_428565	5059	5382	1	5
k63_107226	3	782	-1	1
k63_107226	805	1932	-1	2
k63_107226	1948	3543	-1	3
k63_1500025	3	437	-1	1
k63_1500025	588	2528	1	2
k63_1500025	2607	3131	1	3
k63_1500025	3193	3840	1	4
k63_1500025	3845	4921	1	5
k63_1286055	113	2365	1	1
k63_1286055	2393	3196	1	2
k63_1286055	3216	4745	1	3
k63_1286055	4742	5698	1	4
k63_1286055	5928	7100	-1	5
k63_1286055	7108	8259	-1	6
k63_1286055	8440	10317	1	7
k63_1286055	10351	11175	1	8
k63_1286055	11392	11838	1	9
k63_1286055	11835	12500	1	10
k63_857575	2	127	1	1
k63_857575	124	1653	1	2
k63_857575	1650	2924	1	3
k63_857575	2921	3610	1	4
k63_857575	4441	5361	1	5
k63_536679	241	549	-1	1
k63_536679	549	1583	-1	2
k63_536679	1553	2005	-1	3
k63_536679	2079	2666	1	4
k63_1500539	1	885	-1	1
k63_1500539	915	2792	-1	2
k63_1500539	2839	3867	-1	3
k63_1500539	3878	4822	-1	4
k63_1500539	5300	5857	1	5
k63_1500539	6096	6575	1	6
k63_1500539	6572	9052	1	7
k63_1500539	9680	11098	-1	8
k63_1500539	11095	11556	-1	9
k63_1500539	11553	13103	-1	10
k63_1500539	13126	14136	1	11
k63_1500539	14146	14373	1	12
k63_1500539	14610	15641	1	13
k63_1500539	15613	16089	1	14
k63_1500539	16202	17317	-1	15
k63_1500539	17339	18271	-1	16
k63_1500539	18282	18794	-1	17
k63_1500539	18791	20056	-1	18
k63_1500539	20122	20469	-1	19
k63_1500539	20483	22384	-1	20
k63_1500539	22573	23598	1	21
k63_1500539	23684	24517	1	22
k63_1500539	24514	24999	1	23
k63_1500539	25031	26806	1	24
k63_1500539	26874	28031	1	25
k63_1286189	1	5718	-1	1
k63_1286189	6087	6314	1	2
k63_1286189	6520	7425	1	3
k63_1286189	7597	7830	1	4
k63_1286189	7717	8148	-1	5
k63_1286189	8559	9479	-1	6
k63_1286189	9476	9697	-1	7
k63_1286189	9868	9987	1	8
k63_1286189	10116	12161	-1	9
k63_1286189	12592	13557	1	10
k63_1286189	13764	14414	1	11
k63_1286189	14411	15328	1	12
k63_1286189	15459	15758	1	13
k63_1286189	15755	16174	1	14
k63_1286189	16256	16555	1	15
k63_1286189	16879	18516	1	16
k63_644258	14	1225	-1	1
k63_644258	1289	1696	-1	2
k63_644258	1693	2172	-1	3
k63_537094	143	865	-1	1
k63_537094	950	1903	1	2
k63_537094	1900	3015	1	3
k63_537094	3020	3868	1	4
k63_537094	3902	4090	1	5
k63_537094	4159	4944	1	6
k63_1286429	1	465	1	1
k63_1286429	557	1543	1	2
k63_1286429	1510	1680	1	3
k63_965003	2	343	1	1
k63_965003	403	1002	-1	2
k63_965003	999	1301	-1	3
k63_965003	1376	2989	-1	4
k63_965003	3846	4049	1	5
k63_429499	446	2149	-1	1
k63_429499	2146	3702	-1	2
k63_429499	3845	6049	1	3
k63_429499	6096	6263	1	4
k63_429499	6301	7887	-1	5
k63_429499	7865	8584	-1	6
k63_429499	8704	9309	-1	7
k63_322451	218	940	-1	1
k63_322451	1040	1699	1	2
k63_429607	3	728	1	1
k63_429607	988	1755	1	2
k63_429607	1940	2170	1	3
k63_429607	2174	2560	1	4
k63_429607	2852	3199	1	5
k63_429607	3193	3399	1	6
k63_107943	272	700	1	1
k63_107943	739	1305	1	2
k63_107943	1319	1867	1	3
k63_107943	1911	3473	1	4
k63_107943	3480	4361	1	5
k63_107943	4392	5807	1	6
k63_107943	5822	6259	1	7
k63_1072499	2	1060	-1	1
k63_1072499	1331	2821	1	2
k63_1072499	3244	6036	1	3
k63_1072499	6631	6888	1	4
k63_1072499	6908	7666	1	5
k63_1072499	7685	8581	1	6
k63_965234	96	332	-1	1
k63_965234	465	752	-1	2
k63_965234	943	1419	1	3
k63_965234	1422	2798	1	4
k63_965234	2802	3596	1	5
k63_965234	4071	6245	-1	6
k63_965234	6508	7020	1	7
k63_965234	7059	8096	1	8
k63_965234	8097	8984	1	9
k63_965234	8941	10407	1	10
k63_965234	10404	10673	-1	11
k63_1072570	1	654	-1	1
k63_1072570	657	2789	-1	2
k63_1072570	2825	4081	-1	3
k63_1072570	4098	4442	-1	4
k63_1072570	4599	6194	-1	5
k63_1072570	6197	6844	-1	6
k63_1072570	6956	7198	1	7
k63_1072570	7208	7555	1	8
k63_644648	3	185	-1	1
k63_644648	558	1769	-1	2
k63_644648	1863	2588	1	3
k63_644648	2726	4048	-1	4
k63_644648	4283	5287	1	5
k63_644652	103	1167	-1	1
k63_1393948	2	1465	1	1
k63_1393948	1462	2433	1	2
k63_1393948	2446	2880	1	3
k63_1393948	2877	3134	1	4
k63_1393948	3165	4913	-1	5
k63_1286791	3	617	-1	1
k63_1286791	757	2991	1	2
k63_1286956	1	102	1	1
k63_1286956	259	1941	-1	2
k63_1286956	1991	3727	-1	3
k63_1286956	3724	4293	-1	4
k63_1286956	4707	5231	1	5
k63_1286956	5414	5698	1	6
k63_322767	51	797	1	1
k63_322767	951	1322	1	2
k63_322767	1661	2011	1	3
k63_322767	2106	2297	-1	4
k63_537654	2	376	1	1
k63_537654	420	1778	-1	2
k63_537654	1906	4860	1	3
k63_537654	4921	5145	1	4
k63_537654	5129	5527	1	5
k63_1823	1	1206	-1	1
k63_1823	1217	2719	-1	2
k63_430062	160	1344	-1	1
k63_430062	1455	2315	-1	2
k63_430062	2567	4699	1	3
k63_430071	135	1046	1	1
k63_1287148	98	1531	-1	1
k63_1287148	1528	2499	-1	2
k63_1287148	2496	3698	-1	3
k63_1287148	3907	6843	1	4
k63_430090	3	1190	-1	1
k63_430090	1327	2328	1	2
k63_430090	2325	3266	1	3
k63_108414	1	1416	1	1
k63_108414	1494	1934	-1	2
k63_108414	2198	3493	1	3
k63_322980	3	1925	-1	1
k63_322980	1974	2708	1	2
k63_858707	2	361	1	1
k63_858707	539	1081	1	2
k63_858707	1042	2595	1	3
k63_858707	2625	3350	-1	4
k63_858707	3368	5056	-1	5
k63_858707	5140	6261	-1	6
k63_858707	6258	6584	-1	7
k63_858707	6598	8043	-1	8
k63_858707	8040	9683	-1	9
k63_858707	9735	10976	1	10
k63_858707	11025	12515	-1	11
k63_430339	3	1592	1	1
k63_1501807	2	172	-1	1
k63_1501807	265	669	1	2
k63_1501807	1102	1389	-1	3
k63_1501807	2175	2354	-1	4
k63_1501807	2345	2683	-1	5
k63_1180556	1	87	-1	1
k63_1180556	93	905	-1	2
k63_1180556	902	1138	-1	3
k63_1180556	1212	2255	-1	4
k63_1180556	2315	2626	-1	5
k63_215974	1	348	1	1
k63_215974	455	3661	-1	2
k63_215974	3668	5026	-1	3
k63_215974	5023	6315	-1	4
k63_215974	6595	6927	-1	5
k63_1502082	1	477	1	1
k63_1502082	484	1107	1	2
k63_1502082	1107	1724	1	3
k63_1502082	1731	2165	1	4
k63_1502116	1	417	1	1
k63_1502116	595	3027	-1	2
k63_538305	60	2315	-1	1
k63_538305	2435	2704	-1	2
k63_216321	1	1128	-1	1
k63_216321	1128	2417	-1	2
k63_216321	2501	2851	1	3
k63_216332	3	569	-1	1
k63_216332	680	3487	-1	2
k63_216332	3709	4830	-1	3
k63_216332	5108	5908	-1	4
k63_216332	6103	6528	-1	5
k63_645954	3	416	1	1
k63_645954	413	670	1	2
k63_645954	929	1141	1	3
k63_645954	1316	1603	1	4
k63_966361	58	687	-1	1
k63_966361	1036	1578	-1	2
k63_1180942	1	1017	-1	1
k63_1180942	1078	1581	1	2
k63_859217	3	1943	-1	1
k63_859217	2345	3307	1	2
k63_859217	3292	4320	1	3
k63_859217	4462	5631	-1	4
k63_859223	522	1478	1	1
k63_966404	201	1073	-1	1
k63_966404	1130	2242	-1	2
k63_966404	2242	3831	-1	3
k63_966404	4022	5062	-1	4
k63_966404	5127	5693	1	5
k63_966411	1	192	-1	1
k63_966411	290	1636	-1	2
k63_966411	1668	3077	-1	3
k63_966411	3204	3497	-1	4
k63_1287998	3	296	-1	1
k63_1287998	335	2713	1	2
k63_216566	102	2822	-1	1
k63_216566	3132	3962	-1	2
k63_216566	3955	5775	-1	3
k63_216566	5772	7106	-1	4
k63_859441	236	1498	-1	1
k63_859441	1682	1906	1	2
k63_859449	138	3764	-1	1
k63_859449	3772	5313	-1	2
k63_859449	5591	7123	-1	3
k63_859449	7257	11201	1	4
k63_859449	11198	11689	1	5
k63_859449	11750	12565	-1	6
k63_859449	12562	13206	-1	7
k63_859449	13254	13532	-1	8
k63_859449	13820	14722	-1	9
k63_216624	1	1101	-1	1
k63_216624	1375	2403	-1	2
k63_216624	2403	3863	-1	3
k63_1288247	590	2236	1	1
k63_646222	1	2064	1	1
k63_646222	2315	2431	-1	2
k63_216628	201	989	1	1
k63_216628	1010	3364	1	2
k63_216628	3436	4452	1	3
k63_216628	4449	7193	1	4
k63_216628	7194	8081	1	5
k63_216628	8112	9170	1	6
k63_216628	9204	10154	1	7
k63_216628	10164	12209	1	8
k63_216628	12283	15735	1	9
k63_859574	2	88	-1	1
k63_859574	85	1623	-1	2
k63_859574	1620	2012	-1	3
k63_859574	2044	6270	-1	4
k63_859574	6579	6647	-1	5
k63_216639	100	831	-1	1
k63_216639	1216	1908	-1	2
k63_216639	1924	2592	-1	3
k63_216639	2637	3755	1	4
k63_216639	3752	4663	1	5
k63_216639	4741	5214	1	6
k63_216639	5335	6150	-1	7
k63_216639	6176	6727	-1	8
k63_216639	6868	7341	-1	9
k63_216639	7338	8705	-1	10
k63_216639	9116	9571	1	11
k63_216639	9583	11052	1	12
k63_216639	11049	11807	1	13
k63_216639	11812	13029	1	14
k63_752572	1	465	-1	1
k63_752572	555	2738	-1	2
k63_752572	2835	4508	1	3
k63_752572	4521	5714	1	4
k63_752572	5960	6241	1	5
k63_752572	6238	6636	1	6
k63_752572	6722	10210	-1	7
k63_752572	10218	10607	-1	8
k63_646411	2	466	-1	1
k63_646411	484	1446	-1	2
k63_646411	1583	3538	1	3
k63_966950	296	790	-1	1
k63_966950	1006	2439	1	2
k63_539118	155	994	-1	1
k63_539118	1042	1746	1	2
k63_539118	1743	3698	1	3
k63_539118	3610	5595	-1	4
k63_1502830	287	2875	-1	1
k63_1502830	2879	3952	-1	2
k63_1502830	4601	4927	1	3
k63_539130	232	1653	1	1
k63_539130	1946	3073	-1	2
k63_539130	3076	4728	-1	3
k63_539130	4798	5949	-1	4
k63_539293	3	212	1	1
k63_539293	479	1177	1	2
k63_539293	1192	1827	1	3
k63_539293	1828	2040	-1	4
k63_539293	2097	2438	-1	5
k63_1288581	3	1034	-1	1
k63_1288581	1373	2281	-1	2
k63_1288581	2858	4390	1	3
k63_1288581	4622	4762	-1	4
k63_109744	3	1103	-1	1
k63_109744	1134	1817	-1	2
k63_109744	1894	3147	-1	3
k63_1395854	2	70	-1	1
k63_1395854	283	1569	-1	2
k63_1181670	3	116	1	1
k63_1181670	222	479	1	2
k63_1181670	532	1221	-1	3
k63_1181670	1275	1643	1	4
k63_860242	1	252	-1	1
k63_860242	302	640	-1	2
k63_860242	753	1025	-1	3
k63_860242	1180	2106	1	4
k63_753267	207	1001	1	1
k63_753267	962	1627	1	2
k63_753267	1682	3100	-1	3
k63_753267	3241	3519	1	4
k63_753267	3516	3944	1	5
k63_1182072	1	1833	-1	1
k63_860652	1	969	1	1
k63_860652	966	2519	1	2
k63_860652	2591	3595	-1	3
k63_860652	4320	5234	1	4
k63_647150	102	2120	1	1
k63_647150	2121	3146	1	2
k63_1289450	1	834	-1	1
k63_1289450	834	1982	-1	2
k63_1289450	2012	3469	-1	3
k63_1289450	3485	5686	-1	4
k63_1289450	5798	7228	1	5
k63_1289450	7231	8595	1	6
k63_1289450	8712	10625	1	7
k63_1289450	10987	12423	1	8
k63_1289450	12488	13258	-1	9
k63_1289450	13337	15529	1	10
k63_1289450	15570	16976	1	11
k63_1289450	17231	17431	1	12
k63_1289450	17518	19440	-1	13
k63_1289450	19465	20457	-1	14
k63_1289493	1	861	-1	1
k63_1289493	950	2077	1	2
k63_1289493	2140	2604	-1	3
k63_1289493	2789	4093	-1	4
k63_1289493	4178	4903	1	5
k63_110609	402	992	-1	1
k63_110609	1011	1493	1	2
k63_968391	573	1580	1	1
k63_968391	1618	3930	1	2
k63_968391	3986	4447	1	3
k63_968391	4451	5674	1	4
k63_968391	5675	6628	1	5
k63_968391	6721	7068	1	6
k63_968391	7260	7910	1	7
k63_968391	7900	8640	1	8
k63_968391	8637	9074	1	9
k63_1504274	109	2379	-1	1
k63_4497	1	678	1	1
k63_4497	675	1973	1	2
k63_4497	1970	2911	1	3
k63_4497	3007	3777	-1	4
k63_968579	2	79	1	1
k63_968579	76	612	1	2
k63_968579	914	2035	1	3
k63_968579	2042	2353	1	4
k63_754301	2	1111	1	1
k63_754301	1108	2169	1	2
k63_754301	2171	2839	1	3
k63_754301	2876	3535	1	4
k63_754301	3708	5423	1	5
k63_754301	5492	6556	-1	6
k63_754301	6631	7449	1	7
k63_754301	7607	8524	-1	8
k63_754301	8611	10254	1	9
k63_754301	10371	11537	1	10
k63_754301	11948	15256	1	11
k63_754301	15378	15623	1	12
k63_754301	15942	18119	1	13
k63_754301	18133	18912	1	14
k63_754301	19157	19444	1	15
k63_754301	19478	21118	1	16
k63_754301	21699	22007	-1	17
k63_754301	22501	22875	-1	18
k63_754301	22872	23129	-1	19
k63_754301	23334	24272	1	20
k63_754301	24349	24894	-1	21
k63_754301	24913	25140	-1	22
k63_432602	3	107	1	1
k63_432602	176	454	1	2
k63_432602	451	912	1	3
k63_432602	925	2046	-1	4
k63_432602	2219	3073	-1	5
k63_4889	1	510	-1	1
k63_4889	679	2622	1	2
k63_4889	2622	4778	1	3
k63_4889	4955	5155	-1	4
k63_325862	2	670	-1	1
k63_325862	1042	3066	1	2
k63_325862	3321	4727	1	3
k63_432721	312	1628	1	1
k63_432721	1657	1998	1	2
k63_432721	2008	3423	1	3
k63_432721	3493	4791	1	4
k63_432721	5147	6391	1	5
k63_432721	6388	7371	1	6
k63_432721	7732	8148	1	7
k63_432721	8293	10278	1	8
k63_648138	1	1119	-1	1
k63_648138	1286	1639	1	2
k63_648138	1894	3300	-1	3
k63_432775	3	86	-1	1
k63_432775	290	2461	-1	2
k63_432775	3306	3503	-1	3
k63_432775	3508	3777	-1	4
k63_432775	4118	4798	1	5
k63_5152	1	702	1	1
k63_5152	914	1933	1	2
k63_326041	49	255	-1	1
k63_326041	411	503	-1	2
k63_326041	503	784	-1	3
k63_326041	775	1443	-1	4
k63_326041	1440	2096	-1	5
k63_648373	60	938	-1	1
k63_648373	979	1236	-1	2
k63_648373	1392	1667	-1	3
k63_218614	621	2441	1	1
k63_432969	1	945	1	1
k63_432969	1011	2261	1	2
k63_432969	2512	3276	-1	3
k63_648603	2	2833	1	1
k63_1397719	501	1259	-1	1
k63_1397719	1256	2833	-1	2
k63_1397728	3	1427	1	1
k63_1397728	1424	2851	1	2
k63_1397728	3079	5532	1	3
k63_1504971	145	1908	-1	1
k63_755044	3	1355	1	1
k63_755044	1352	2959	1	2
k63_969389	3	1721	1	1
k63_969389	1702	1806	1	2
k63_862371	1	1848	-1	1
k63_969587	93	434	1	1
k63_969587	926	2368	1	2
k63_969587	3015	4022	1	3
k63_1505244	61	1836	-1	1
k63_1505244	1861	2928	-1	2
k63_755452	536	1816	1	1
k63_755452	2003	3073	-1	2
k63_755452	3267	3986	1	3
k63_755452	4014	5612	1	4
k63_755452	5627	10042	1	5
k63_755452	10150	11151	1	6
k63_755452	11310	13598	1	7
k63_755452	13595	14746	1	8
k63_755452	14755	14991	-1	9
k63_755452	14991	15239	-1	10
k63_755452	15400	16020	-1	11
k63_755452	16046	16501	-1	12
k63_1397969	2	3019	-1	1
k63_1290738	289	1911	1	1
k63_1290738	1985	2218	-1	2
k63_1290738	2247	3152	-1	3
k63_1290738	3149	4282	-1	4
k63_1290738	4304	5416	-1	5
k63_1290738	5430	6539	-1	6
k63_1290738	6774	7256	-1	7
k63_1290738	7253	8086	-1	8
k63_1290738	8282	10504	1	9
k63_1290738	10432	11442	-1	10
k63_1290738	11483	12349	-1	11
k63_1290738	12466	12684	-1	12
k63_649160	215	2653	-1	1
k63_649160	2676	3530	-1	2
k63_326863	1	1194	1	1
k63_326863	1527	2477	1	2
k63_326863	2492	3031	1	3
k63_326863	3113	3250	1	4
k63_326863	3276	4136	-1	5
k63_326863	4133	5338	-1	6
k63_326863	5363	5533	-1	7
k63_326863	5530	5991	-1	8
k63_326863	6378	6596	1	9
k63_326863	6723	7220	1	10
k63_326863	7249	7539	1	11
k63_326863	7850	8311	-1	12
k63_326863	8510	9877	1	13
k63_326863	9874	10665	1	14
k63_326863	10655	11203	1	15
k63_326863	11204	11698	1	16
k63_1505410	2	358	1	1
k63_1505410	355	864	1	2
k63_1505410	904	2535	-1	3
k63_1505410	2582	3421	-1	4
k63_649246	312	656	-1	1
k63_649246	914	1033	-1	2
k63_649246	2240	2641	1	3
k63_755857	1	1755	-1	1
k63_649408	57	1307	-1	1
k63_649408	1314	2696	-1	2
k63_1291042	1	405	-1	1
k63_1291042	713	946	1	2
k63_1291042	1490	2314	-1	3
k63_327134	2	1720	1	1
k63_1398324	94	474	1	1
k63_1398324	511	876	-1	2
k63_1398324	1121	1399	-1	3
k63_1398324	1399	1758	-1	4
k63_1398324	1773	2261	-1	5
k63_1398324	2462	3211	-1	6
k63_1398324	3580	4431	-1	7
k63_1398324	4464	5282	-1	8
k63_1398324	5445	6800	-1	9
k63_1398324	6826	7239	-1	10
k63_1398324	7236	7907	-1	11
k63_1398324	7904	8923	-1	12
k63_1398324	9209	9463	-1	13
k63_1398324	9542	9904	-1	14
k63_1398324	9978	11219	-1	15
k63_1398324	11686	12036	-1	16
k63_756040	157	1539	1	1
k63_1184664	3	914	-1	1
k63_1184664	1095	1532	1	2
k63_1184664	1608	1778	-1	3
k63_1184664	1813	2670	-1	4
k63_1184664	2667	4115	-1	5
k63_1184664	4112	4237	-1	6
k63_1184664	4234	5061	-1	7
k63_756533	224	1411	1	1
k63_756533	1515	1592	1	2
k63_756536	103	561	-1	1
k63_756536	515	832	-1	2
k63_756536	1004	3202	-1	3
k63_650106	2	64	-1	1
k63_650106	361	498	1	2
k63_650106	508	2238	1	3
k63_650106	2235	3986	1	4
k63_650106	4005	4487	1	5
k63_650106	4555	4731	1	6
k63_756563	552	923	-1	1
k63_756563	1094	1246	-1	2
k63_756563	1379	2101	1	3
k63_756563	2254	3903	1	4
k63_756563	4053	4736	-1	5
k63_756563	4785	6377	-1	6
k63_970574	1	2154	1	1
k63_1506022	174	1583	1	1
k63_1506022	1626	2489	1	2
k63_863881	3	497	-1	1
k63_863881	584	1711	1	2
k63_863881	1942	2001	1	3
k63_863884	33	2006	1	1
k63_434370	309	881	1	1
k63_434370	1094	1825	1	2
k63_434370	1896	5078	1	3
k63_434370	5190	6239	1	4
k63_434370	6360	6770	1	5
k63_434370	6712	7074	1	6
k63_1399214	88	387	-1	1
k63_1399214	411	1193	-1	2
k63_1399214	1353	3431	1	3
k63_1077033	3	152	-1	1
k63_1077033	286	1908	1	2
k63_1077061	134	1297	1	1
k63_1077061	1256	1939	-1	2
k63_757113	1	843	-1	1
k63_757113	995	1495	1	2
k63_757113	1627	2451	1	3
k63_1292272	1	204	-1	1
k63_1292272	761	2059	-1	2
k63_1292272	2108	2677	-1	3
k63_1292272	2674	3618	-1	4
k63_1399479	1	147	1	1
k63_1399479	321	584	1	2
k63_1399479	581	985	1	3
k63_1399479	1505	1819	-1	4
k63_1399479	2067	3215	-1	5
k63_1399479	3212	3880	-1	6
k63_1399479	3925	5685	-1	7
k63_1399479	5744	6817	-1	8
k63_1399479	6817	7611	-1	9
k63_1399479	7709	8392	1	10
k63_1399479	8389	9414	1	11
k63_1399479	9443	10588	-1	12
k63_1399479	10723	11154	1	13
k63_1399509	3	269	-1	1
k63_1399509	365	796	-1	2
k63_1399509	816	2087	-1	3
k63_434602	3	905	-1	1
k63_434602	1212	2015	1	2
k63_434602	2012	2656	1	3
k63_434602	2672	3100	-1	4
k63_1077412	81	1991	-1	1
k63_1077412	2148	3278	-1	2
k63_1077412	3256	4596	-1	3
k63_1077412	4635	5741	-1	4
k63_1077412	5814	6590	-1	5
k63_1077412	6721	7833	-1	6
k63_1292384	17	1381	1	1
k63_1292384	1427	1702	1	2
k63_1292384	1706	3181	1	3
k63_1292384	3247	4518	1	4
k63_1292384	4515	5732	1	5
k63_1292384	5760	6224	-1	6
k63_757262	3	1988	-1	1
k63_328489	2	805	-1	1
k63_328489	936	1706	-1	2
k63_971328	3	1961	-1	1
k63_971328	1972	2883	-1	2
k63_971328	3065	3598	1	3
k63_1077708	349	1260	-1	1
k63_1077708	1722	1976	1	2
k63_1077708	2026	2349	1	3
k63_1077708	2383	2853	-1	4
k63_864631	2	139	1	1
k63_864631	392	1621	-1	2
k63_1292644	407	745	1	1
k63_1292644	677	1132	-1	2
k63_1292644	1248	1577	-1	3
k63_1292644	1807	2496	1	4
k63_1077867	2	577	1	1
k63_1077867	632	2122	1	2
k63_1077867	2187	2825	1	3
k63_1077867	2822	3661	1	4
k63_434863	86	1171	1	1
k63_434863	1184	2449	1	2
k63_434863	2446	3429	1	3
k63_434863	3615	4820	1	4
k63_434863	4898	5437	1	5
k63_434863	5434	6834	1	6
k63_434863	6855	7469	1	7
k63_434863	7466	8044	1	8
k63_434863	8055	9239	1	9
k63_434863	9605	10756	1	10
k63_434863	10753	11373	1	11
k63_434863	11379	12005	1	12
k63_434863	12203	12460	1	13
k63_434863	12457	14271	1	14
k63_434863	14365	14829	1	15
k63_434863	14834	16168	1	16
k63_434863	16131	16910	1	17
k63_434863	16910	17836	1	18
k63_434863	17843	18451	1	19
k63_1400104	2	673	1	1
k63_1400104	681	1682	1	2
k63_1400104	1679	2767	1	3
k63_864779	1	1212	1	1
k63_864779	1231	2796	1	2
k63_864779	2816	4033	1	3
k63_864779	4513	5520	1	4
k63_864779	5560	6360	1	5
k63_864779	6393	7259	1	6
k63_864779	7269	7505	1	7
k63_864779	7502	7798	1	8
k63_864779	8084	9088	-1	9
k63_864779	9207	10088	1	10
k63_864779	10158	12605	1	11
k63_864779	12742	13014	1	12
k63_757719	204	725	1	1
k63_757719	725	1138	1	2
k63_757719	1209	2513	1	3
k63_757719	2598	4094	-1	4
k63_757719	4137	5018	1	5
k63_757719	5303	5695	-1	6
k63_757719	5870	7165	-1	7
k63_757719	7177	7974	-1	8
k63_757719	7993	9597	-1	9
k63_757719	9616	9810	-1	10
k63_757719	9820	12462	-1	11
k63_757719	12459	12692	-1	12
k63_757719	12779	14089	1	13
k63_757719	14198	14722	-1	14
k63_757719	14719	16023	-1	15
k63_757719	16170	17381	1	16
k63_757719	17415	18200	1	17
k63_757719	18214	18894	1	18
k63_757719	18891	20003	1	19
k63_757719	20206	23436	-1	20
k63_757719	23433	24977	-1	21
k63_7705	177	1628	-1	1
k63_7705	1742	2314	1	2
k63_7709	1	456	1	1
k63_7709	677	1921	-1	2
k63_543974	526	1149	1	1
k63_543974	1190	1468	1	2
k63_543974	1558	2559	1	3
k63_543974	3403	3711	-1	4
k63_865053	13	1836	-1	1
k63_865053	1836	2639	-1	2
k63_221103	163	1908	-1	1
k63_221103	1970	3232	-1	2
k63_221103	3229	4155	-1	3
k63_221103	4139	5569	-1	4
k63_221103	5566	6645	-1	5
k63_221103	6642	7727	-1	6
k63_221103	7724	9136	-1	7
k63_221103	9140	10222	-1	8
k63_221103	10222	11637	-1	9
k63_221103	11634	13196	-1	10
k63_221103	13193	15535	-1	11
k63_221103	15532	15915	-1	12
k63_221103	15912	16970	-1	13
k63_221103	16989	17429	-1	14
k63_221103	17862	18926	-1	15
k63_221103	19158	20555	1	16
k63_221103	20845	22758	-1	17
k63_221103	22755	25106	-1	18
k63_329174	3	809	-1	1
k63_329174	965	4321	-1	2
k63_1400574	56	1195	1	1
k63_1400574	1378	1692	1	2
k63_114768	3	332	-1	1
k63_114768	448	801	1	2
k63_114768	813	1970	1	3
k63_114768	1986	2603	1	4
k63_114768	2643	3062	1	5
k63_114768	3103	3675	1	6
k63_1293411	3	101	-1	1
k63_1293411	127	585	-1	2
k63_1293411	582	1817	-1	3
k63_1293411	1814	2002	-1	4
k63_1293444	3	392	-1	1
k63_1293444	430	1749	1	2
k63_1293444	1875	2927	-1	3
k63_1293444	2934	3305	-1	4
k63_1293444	3379	4461	1	5
k63_1293444	4458	5210	1	6
k63_221491	3	689	-1	1
k63_221491	853	2538	-1	2
k63_114925	2	1270	1	1
k63_114925	1286	1789	-1	2
k63_1400929	1	408	1	1
k63_1400929	756	1874	-1	2
k63_1400929	1984	3927	-1	3
k63_1400929	4021	6915	-1	4
k63_758633	321	2177	-1	1
k63_758633	2204	3163	-1	2
k63_758633	3252	5900	-1	3
k63_758663	2	853	-1	1
k63_758663	913	2739	-1	2
k63_758663	2736	4622	-1	3
k63_758663	4619	4705	-1	4
k63_1293652	3	1316	1	1
k63_1293652	1313	2482	1	2
k63_435704	1	1341	-1	1
k63_435704	1341	1541	-1	2
k63_1187156	223	1302	-1	1
k63_1187156	1317	2810	-1	2
k63_1187156	2835	5708	-1	3
k63_1187156	5731	7350	-1	4
k63_1187156	7497	8537	1	5
k63_1187156	8550	8903	1	6
k63_1187156	8900	9001	1	7
k63_1187181	1	432	1	1
k63_1187181	547	1626	1	2
k63_1187181	1914	3836	1	3
k63_1187181	3833	4198	1	4
k63_1293721	1	642	1	1
k63_1293721	910	1221	-1	2
k63_1293721	1507	1692	1	3
k63_652477	1	1422	1	1
k63_652477	1600	2481	-1	2
k63_652477	2527	4173	-1	3
k63_652477	4170	4895	-1	4
k63_652477	5089	5319	1	5
k63_652477	5300	5758	1	6
k63_652477	6274	6618	-1	7
k63_652477	6776	7873	-1	8
k63_652477	7863	9992	-1	9
k63_652477	9992	11323	-1	10
k63_652477	11320	12432	-1	11
k63_652477	12429	13535	-1	12
k63_652477	13537	14100	-1	13
k63_545201	3	998	1	1
k63_545201	995	1720	1	2
k63_545201	1802	3235	1	3
k63_545201	3269	4894	1	4
k63_545201	4932	7124	1	5
k63_545201	7708	9408	1	6
k63_545201	9408	11555	1	7
k63_545201	11802	12419	1	8
k63_330356	1	2097	1	1
k63_1187396	1	2787	-1	1
k63_545342	97	1263	-1	1
k63_545342	1260	2606	-1	2
k63_545342	2596	2931	-1	3
k63_545342	3149	3748	1	4
k63_545342	3983	5200	-1	5
k63_652904	1	1800	1	1
k63_1294273	232	972	-1	1
k63_1294273	1054	2394	-1	2
k63_759452	2	1654	-1	1
k63_653041	2	322	-1	1
k63_653041	405	1634	-1	2
k63_653041	1639	4005	-1	3
k63_653041	4016	4702	-1	4
k63_653041	5137	5658	-1	5
k63_653041	5854	7044	-1	6
k63_653041	7243	7533	1	7
k63_653041	7530	7829	1	8
k63_653041	8038	9090	-1	9
k63_653101	1	63	-1	1
k63_653101	90	1586	-1	2
k63_653101	1761	2849	1	3
k63_545836	2	559	-1	1
k63_545836	556	2193	-1	2
k63_545935	2	277	1	1
k63_545935	356	856	1	2
k63_545935	856	1122	1	3
k63_545935	1119	1460	1	4
k63_545935	1460	1708	1	5
k63_545935	1705	2565	1	6
k63_545935	2644	2988	1	7
k63_545935	3003	3098	1	8
k63_1294689	106	2298	-1	1
k63_545953	2	1324	-1	1
k63_545953	1466	2002	-1	2
k63_545953	2168	2686	-1	3
k63_545953	2788	3135	1	4
k63_331385	2	2317	1	1
k63_436796	1	168	-1	1
k63_436796	304	1578	1	2
k63_222885	2	493	1	1
k63_222885	759	2672	1	2
k63_1188392	1	204	-1	1
k63_1188392	735	2093	-1	2
k63_223054	25	1293	-1	1
k63_223054	1320	2186	1	2
k63_223054	2282	2944	1	3
k63_223054	2966	3499	-1	4
k63_223054	3496	4104	-1	5
k63_223054	4430	5416	-1	6
k63_223054	5465	6346	1	7
k63_223054	6591	7493	1	8
k63_223054	7523	8506	1	9
k63_223054	8548	10017	1	10
k63_223054	10037	11344	1	11
k63_1188453	350	1906	1	1
k63_1188453	1903	2358	1	2
k63_1188453	2355	3152	1	3
k63_1188453	4125	4898	-1	4
k63_1188453	5251	6012	-1	5
k63_1188453	6321	7889	1	6
k63_331691	3	857	-1	1
k63_331691	1089	1385	1	2
k63_331691	2204	4870	1	3
k63_331691	5122	10968	1	4
k63_437026	80	2500	-1	1
k63_1295124	14	943	-1	1
k63_1295124	940	1758	-1	2
k63_1295124	1939	2370	-1	3
k63_1295124	2637	3695	-1	4
k63_1295124	4331	7309	-1	5
k63_1295124	7428	8291	-1	6
k63_1295124	8288	9109	-1	7
k63_1295124	9612	10898	1	8
k63_1295124	11220	11549	1	9
k63_1295124	12729	13781	1	10
k63_1295124	13879	14040	1	11
k63_1295124	14403	14753	1	12
k63_1295124	14806	15303	1	13
k63_1295124	15308	15778	-1	14
k63_1295124	16006	16371	-1	15
k63_331796	3	146	1	1
k63_331796	278	1534	1	2
k63_331796	1539	2138	-1	3
k63_331796	2247	3146	-1	4
k63_331796	3337	4173	1	5
k63_331796	4170	4907	1	6
k63_331796	4894	5799	-1	7
k63_1188568	19	249	-1	1
k63_1188568	340	747	-1	2
k63_1188568	744	992	-1	3
k63_1188568	1570	3141	1	4
k63_1188568	3138	4280	1	5
k63_1188568	4297	7452	1	6
k63_1188604	208	1821	-1	1
k63_1188604	1940	2428	1	2
k63_1188604	2433	2915	1	3
k63_546529	237	1292	1	1
k63_546529	1382	3433	1	2
k63_546529	3576	4298	1	3
k63_546529	4289	5776	1	4
k63_546529	5810	6301	1	5
k63_546529	6330	6638	1	6
k63_546529	6689	8401	1	7
k63_331873	3	1424	-1	1
k63_331970	398	649	1	1
k63_331970	649	1002	1	2
k63_331970	1002	2711	1	3
k63_1295500	179	1285	-1	1
k63_1295500	1379	2065	-1	2
k63_654139	3	1178	-1	1
k63_654139	1175	2425	-1	2
k63_654139	2494	2763	-1	3
k63_654139	2819	4720	1	4
k63_654139	4854	5858	1	5
k63_654139	5947	6384	-1	6
k63_654139	6387	6488	-1	7
k63_117116	2	1885	1	1
k63_10732	82	1704	1	1
k63_547273	95	1642	-1	1
k63_654831	1	216	1	1
k63_654831	292	948	1	2
k63_654831	945	1907	1	3
k63_654831	1900	2640	1	4
k63_761483	3	1265	-1	1
k63_761483	1364	2149	-1	2
k63_761483	2286	3038	-1	3
k63_761483	3163	4056	-1	4
k63_1296215	1	780	1	1
k63_1296215	849	1067	1	2
k63_1296215	1048	1515	-1	3
k63_1296215	1635	2225	1	4
k63_1296215	2354	3589	-1	5
k63_1510580	283	879	1	1
k63_1510580	879	2459	1	2
k63_1510580	2561	2812	1	3
k63_1510580	2815	3240	1	4
k63_1510580	3240	3692	1	5
k63_1510580	3819	4691	-1	6
k63_1296386	331	2922	-1	1
k63_1296386	3162	5273	1	2
k63_1296386	5281	5493	1	3
k63_1296386	5497	6486	1	4
k63_1296386	7045	8637	1	5
k63_1296386	8881	9105	-1	6
k63_975415	109	1425	1	1
k63_975415	1422	2219	1	2
k63_11101	144	1418	-1	1
k63_11101	2137	2229	1	2
k63_655130	3	311	-1	1
k63_655130	1109	1825	1	2
k63_655130	2023	2691	1	3
k63_655130	2716	2832	1	4
k63_655130	2839	3255	1	5
k63_655130	3289	3693	1	6
k63_655130	3745	4827	1	7
k63_655130	5248	7422	1	8
k63_655130	7555	8988	-1	9
k63_655130	9210	11555	1	10
k63_655130	11837	14191	1	11
k63_118143	2	223	1	1
k63_118143	328	1188	1	2
k63_118143	1256	3157	1	3
k63_118143	3213	4085	1	4
k63_118143	4183	5256	1	5
k63_118143	5306	6613	1	6
k63_118143	6624	7490	1	7
k63_118143	7478	8755	1	8
k63_118143	9113	9364	1	9
k63_118143	9367	9747	1	10
k63_118143	9982	12201	-1	11
k63_118143	12339	13430	1	12
k63_118143	13433	14941	1	13
k63_118143	14938	15372	1	14
k63_118143	15517	15681	1	15
k63_1082084	640	1644	1	1
k63_1082084	1689	2621	1	2
k63_1082084	2621	4327	1	3
k63_1189838	3	596	-1	1
k63_1189838	613	1869	-1	2
k63_1189838	1932	2768	-1	3
k63_118308	1	1077	1	1
k63_118308	1185	2045	-1	2
k63_118308	2030	3085	-1	3
k63_118308	3287	3736	1	4
k63_333254	2	295	1	1
k63_333254	340	2310	-1	2
k63_761815	2	325	1	1
k63_761815	518	949	1	2
k63_761815	951	1175	1	3
k63_547802	2	1069	1	1
k63_547802	1138	1401	1	2
k63_547802	1398	1796	1	3
k63_547802	1818	2189	-1	4
k63_547802	2197	2838	-1	5
k63_547802	2963	4336	1	6
k63_547802	4336	7413	1	7
k63_547802	7491	8177	1	8
k63_547802	8174	9208	1	9
k63_547802	9230	9382	1	10
k63_547802	9478	10245	1	11
k63_547802	10377	10613	1	12
k63_547802	10610	10906	1	13
k63_547802	11007	11915	1	14
k63_547802	12040	13566	-1	15
k63_547802	13576	14871	-1	16
k63_547802	14872	16548	-1	17
k63_547802	16605	17387	-1	18
k63_547802	17424	17978	-1	19
k63_547802	18348	19088	1	20
k63_547802	19114	20586	-1	21
k63_547802	20600	23770	-1	22
k63_547802	23807	24547	-1	23
k63_547802	24597	25106	-1	24
k63_547802	25257	26021	-1	25
k63_547802	26025	26924	-1	26
k63_547802	26932	27711	-1	27
k63_547802	27718	28371	-1	28
k63_547802	28585	29235	-1	29
k63_547802	29448	30560	-1	30
k63_547802	30731	31858	-1	31
k63_547802	32140	33807	1	32
k63_547802	33930	34454	1	33
k63_11486	124	2283	1	1
k63_333540	1	657	1	1
k63_333540	681	2489	1	2
k63_548077	1	612	1	1
k63_548077	794	1138	-1	2
k63_548077	1122	1427	-1	3
k63_1297083	142	231	1	1
k63_1297083	228	1169	1	2
k63_1297083	1644	2201	-1	3
k63_1297083	2280	3245	-1	4
k63_438818	3	749	-1	1
k63_438818	950	1990	-1	2
k63_1082706	109	825	1	1
k63_1082706	1040	1468	1	2
k63_1082706	1739	2143	1	3
k63_1082706	2603	3001	-1	4
k63_1082706	3035	5314	-1	5
k63_1082706	5363	6244	-1	6
k63_1082706	6742	8007	1	7
k63_1082706	8007	9197	1	8
k63_1082706	9408	10451	1	9
k63_119026	134	355	1	1
k63_119026	356	475	1	2
k63_119026	496	819	1	3
k63_119026	961	2265	-1	4
k63_119026	2294	3004	1	5
k63_12016	99	1562	-1	1
k63_1404843	127	393	1	1
k63_1404843	395	1180	1	2
k63_1404843	1192	1947	1	3
k63_1404843	1955	2437	1	4
k63_1404843	2490	3530	1	5
k63_1404843	3546	4127	1	6
k63_869235	127	996	-1	1
k63_869235	993	1754	-1	2
k63_869235	1739	3130	-1	3
k63_869235	3127	3525	-1	4
k63_869235	3674	5614	1	5
k63_869235	5912	7261	1	6
k63_869235	7254	8138	1	7
k63_869235	8149	8589	1	8
k63_869235	8596	8832	1	9
k63_869235	8829	10076	1	10
k63_119511	1	1146	1	1
k63_119511	1213	1632	1	2
k63_119511	1613	1798	1	3
k63_762920	2	487	1	1
k63_762920	1146	1820	-1	2
k63_226147	93	1952	-1	1
k63_226147	2599	5646	1	2
k63_439605	275	1447	-1	1
k63_439605	1461	2867	-1	2
k63_439605	2871	4544	-1	3
k63_439605	4578	6617	1	4
k63_439605	6656	8041	1	5
k63_439605	8038	8961	1	6
k63_439605	9280	10260	-1	7
k63_439605	10286	11035	-1	8
k63_439605	11041	12480	-1	9
k63_439605	12681	13283	1	10
k63_119739	1	723	1	1
k63_119739	1130	1855	-1	2
k63_119739	2350	3273	-1	3
k63_119739	3518	3763	-1	4
k63_549321	1	132	-1	1
k63_549321	330	818	1	2
k63_549321	845	1516	1	3
k63_226416	117	1478	-1	1
k63_226416	1516	2718	-1	2
k63_226416	2832	3638	1	3
k63_226416	3774	4262	1	4
k63_226416	4303	5355	1	5
k63_226416	5436	6356	-1	6
k63_226416	6361	6903	-1	7
k63_226416	7188	8072	-1	8
k63_226416	8614	10680	1	9
k63_656780	1	438	1	1
k63_656780	512	3214	-1	2
k63_656780	3376	4632	-1	3
k63_656780	5201	7894	-1	4
k63_656780	7891	9030	-1	5
k63_656780	9384	9962	-1	6
k63_656780	10023	10814	1	7
k63_656780	10811	11794	1	8
k63_656780	11894	12151	1	9
k63_656780	12155	12586	1	10
k63_656780	12851	12961	1	11
k63_226493	390	767	-1	1
k63_226493	841	1623	-1	2
k63_226493	1616	2887	-1	3
k63_1405694	2	175	-1	1
k63_1405694	271	993	1	2
k63_1405694	1094	1555	1	3
k63_1405694	1811	2767	1	4
k63_1405694	2652	3416	-1	5
k63_1405694	3646	4059	1	6
k63_1405694	4010	4570	-1	7
k63_1405694	4771	5019	-1	8
k63_1405694	5032	5376	-1	9
k63_13143	2	214	1	1
k63_13143	331	1077	1	2
k63_13143	1141	2253	-1	3
k63_13143	2250	3383	-1	4
k63_13143	3487	4878	-1	5
k63_1298165	1	129	-1	1
k63_1298165	145	1389	-1	2
k63_226621	186	791	-1	1
k63_226621	884	1822	-1	2
k63_226621	1822	2919	-1	3
k63_335390	81	1427	-1	1
k63_335390	1424	2311	-1	2
k63_335390	2360	2764	1	3
k63_1192184	1	552	1	1
k63_1192184	753	2807	1	2
k63_870645	2	346	1	1
k63_870645	343	1272	1	2
k63_870645	1491	4076	1	3
k63_870645	4114	4389	-1	4
k63_335425	1	1326	-1	1
k63_335425	1360	1752	-1	2
k63_335425	1955	3139	-1	3
k63_335425	3139	3435	-1	4
k63_335425	5170	6321	1	5
k63_870751	2	511	-1	1
k63_870751	938	3424	-1	2
k63_335759	3	872	1	1
k63_335759	869	1351	1	2
k63_335759	1344	3689	1	3
k63_335759	3711	4202	1	4
k63_13739	109	2031	1	1
k63_13739	2066	3199	1	2
k63_13739	3196	3678	1	3
k63_13739	3857	4477	1	4
k63_871174	149	3265	-1	1
k63_871174	3328	4530	-1	2
k63_871174	4530	6020	-1	3
k63_871174	6228	7964	1	4
k63_871174	8023	9147	1	5
k63_871174	9174	9458	-1	6
k63_1192883	2	451	-1	1
k63_1192883	435	1526	-1	2
k63_1192883	1526	2080	-1	3
k63_1192883	2080	3165	-1	4
k63_1192883	3162	3437	-1	5
k63_120749	61	1053	-1	1
k63_120749	1199	2182	-1	2
k63_120749	2551	3288	-1	3
k63_1406421	1	810	-1	1
k63_1406421	1162	1389	-1	2
k63_1406421	1723	4779	-1	3
k63_978286	3	653	1	1
k63_978286	668	2335	1	2
k63_978286	2453	3532	1	3
k63_978286	3549	3881	-1	4
k63_978286	4123	5355	1	5
k63_978286	5433	7622	1	6
k63_978286	7626	10550	1	7
k63_1406726	83	811	-1	1
k63_1406726	1080	2084	-1	2
k63_1406726	2095	3633	-1	3
k63_1406726	3665	3967	-1	4
k63_336233	1	120	-1	1
k63_336233	437	1879	-1	2
k63_978583	198	935	-1	1
k63_978583	1159	2043	-1	2
k63_978583	2318	2968	1	3
k63_657967	50	1363	-1	1
k63_657967	1490	2698	-1	2
k63_978691	3	233	-1	1
k63_978691	208	762	-1	2
k63_978691	1178	1543	1	3
k63_978691	1504	2016	1	4
k63_978691	2056	3444	-1	5
k63_978691	3786	4226	1	6
k63_1513732	1	492	1	1
k63_1513732	512	1699	1	2
k63_1513732	1846	2676	-1	3
k63_1513732	3345	4757	1	4
k63_1513732	4816	5373	1	5
k63_14795	433	1443	-1	1
k63_228474	333	953	-1	1
k63_228474	1093	1614	-1	2
k63_228474	1833	2339	1	3
k63_228474	2304	2870	-1	4
k63_228474	2988	4073	1	5
k63_228474	4087	4476	1	6
k63_765381	2	1483	1	1
k63_765381	2318	2806	-1	2
k63_765381	2824	3225	-1	3
k63_765381	3222	3521	-1	4
k63_551605	2	100	1	1
k63_551605	152	2164	1	2
k63_551605	2214	2714	1	3
k63_551605	2733	3104	1	4
k63_551605	3101	4219	1	5
k63_551637	137	916	1	1
k63_551637	1061	1966	-1	2
k63_551637	2227	2409	-1	3
k63_551637	2446	3528	-1	4
k63_551637	3525	4964	-1	5
k63_551637	5022	6896	-1	6
k63_551637	6954	7943	1	7
k63_551829	3	707	1	1
k63_551829	860	1618	-1	2
k63_551829	1651	2490	-1	3
k63_228990	1	225	-1	1
k63_228990	229	1212	-1	2
k63_228990	1442	1705	-1	3
k63_228990	1906	2379	-1	4
k63_228990	2523	2648	1	5
k63_551990	2	2416	1	1
k63_337361	112	594	-1	1
k63_337361	591	1727	-1	2
k63_337361	1727	2290	-1	3
k63_337361	2290	4773	-1	4
k63_337361	4795	5940	-1	5
k63_337361	6074	7087	-1	6
k63_337361	7095	8351	-1	7
k63_337361	8475	8756	-1	8
k63_337361	8822	9592	-1	9
k63_337361	9589	10548	-1	10
k63_337361	10631	10816	-1	11
k63_337361	10902	11486	-1	12
k63_337361	11993	12676	1	13
k63_15567	2	1555	-1	1
k63_15567	1677	2837	-1	2
k63_15567	3163	4455	-1	3
k63_15567	4563	8927	1	4
k63_15567	8938	9213	1	5
k63_15567	9210	9587	1	6
k63_15567	9637	9801	1	7
k63_122404	1	81	1	1
k63_122404	661	993	1	2
k63_122404	1276	1617	-1	3
k63_1194455	94	993	-1	1
k63_1194455	977	1495	-1	2
k63_1194455	1500	1784	-1	3
k63_1194455	1785	1979	-1	4
k63_1194455	1976	2533	-1	5
k63_1194455	2565	2888	-1	6
k63_1194455	2916	3146	-1	7
k63_1194455	3316	4185	-1	8
k63_1194455	4160	4936	-1	9
k63_1194455	5119	5619	-1	10
k63_1194455	5641	7035	-1	11
k63_1194455	7159	8946	-1	12
k63_1194455	9096	9962	1	13
k63_1194455	9967	10458	1	14
k63_1194455	10556	11422	1	15
k63_1194455	11419	12972	1	16
k63_229224	2	1030	1	1
k63_229224	1023	1466	1	2
k63_229224	1468	2952	1	3
k63_229224	3108	4124	-1	4
k63_229224	4117	4710	-1	5
k63_979866	3	1544	1	1
k63_979866	1639	1890	1	2
k63_979866	1887	2144	1	3
k63_979866	2299	2913	1	4
k63_979866	3027	5186	1	5
k63_552510	2	328	1	1
k63_552510	374	2143	1	2
k63_552510	2170	3585	1	3
k63_552510	3611	4786	-1	4
k63_552510	4845	5522	-1	5
k63_337817	1	159	1	1
k63_337817	386	571	-1	2
k63_337817	713	1498	-1	3
k63_873388	1	543	-1	1
k63_873388	1110	2882	1	2
k63_873388	2890	4623	1	3
k63_766426	2	6160	-1	1
k63_1087592	432	578	-1	1
k63_1087592	602	1006	1	2
k63_1087592	960	1172	1	3
k63_873493	2	217	-1	1
k63_873493	500	1294	1	2
k63_873493	1492	2313	-1	3
k63_873493	2350	3192	1	4
k63_1515649	23	691	1	1
k63_1515649	878	1117	1	2
k63_1515649	1114	1512	1	3
k63_1515649	1753	4689	1	4
k63_1515649	4735	5334	1	5
k63_1515649	5331	7007	1	6
k63_1515649	7064	8029	1	7
k63_1515649	8248	8604	-1	8
k63_1515649	8634	9287	-1	9
k63_1515649	9269	9421	-1	10
k63_1515649	9459	9560	-1	11
k63_16288	3	1352	-1	1
k63_16288	1363	2889	-1	2
k63_16288	3055	4359	1	3
k63_16288	4417	5919	1	4
k63_16288	5922	6890	1	5
k63_16288	6892	7812	1	6
k63_16288	7826	8302	1	7
k63_16288	8299	8637	1	8
k63_660250	100	651	1	1
k63_660250	795	1148	-1	2
k63_660250	1132	1407	-1	3
k63_443579	83	3316	1	1
k63_443579	3313	5316	1	2
k63_443579	5355	8513	1	3
k63_443579	8693	9337	1	4
k63_443579	9334	10137	1	5
k63_443579	10226	11623	1	6
k63_443579	12127	13206	1	7
k63_443579	13190	13345	1	8
k63_443579	13649	13999	1	9
k63_443579	14053	14493	-1	10
k63_230162	1	495	-1	1
k63_230162	1404	1631	1	2
k63_230162	1735	1845	1	3
k63_1516214	3	1607	-1	1
k63_1516214	1677	2645	1	2
k63_1301504	689	2089	1	1
k63_1301504	2715	3839	1	2
k63_1301504	3882	6347	1	3
k63_1301504	6340	9006	1	4
k63_1301504	9039	9758	1	5
k63_1301504	9755	10321	1	6
k63_1301504	10378	12528	-1	7
k63_1301504	12518	13321	-1	8
k63_1301504	13624	14793	-1	9
k63_1409348	1	246	1	1
k63_1409348	269	1366	1	2
k63_1409348	1476	1580	1	3
k63_981341	167	976	1	1
k63_981341	1046	1456	-1	2
k63_981341	1506	2039	-1	3
k63_981341	2169	3245	1	4
k63_981341	3230	4663	1	5
k63_981341	4783	5223	1	6
k63_981341	5220	6335	1	7
k63_981341	6774	7268	-1	8
k63_981341	7288	8301	-1	9
k63_981341	8369	9511	-1	10
k63_981341	9750	10409	-1	11
k63_981341	10448	11545	-1	12
k63_16876	1	1431	1	1
k63_16876	1468	2292	-1	2
k63_16876	2289	3176	-1	3
k63_16894	287	3619	-1	1
k63_339269	2	106	-1	1
k63_339269	142	501	-1	2
k63_339269	543	761	-1	3
k63_339269	1107	1370	-1	4
k63_339269	1722	2042	1	5
k63_339269	2442	2729	1	6
k63_339269	2795	3181	-1	7
k63_339269	3178	3423	-1	8
k63_339269	3502	4938	1	9
k63_339269	5031	6218	-1	10
k63_444102	2	541	-1	1
k63_444102	938	2068	-1	2
k63_444102	2243	3403	1	3
k63_444266	70	489	-1	1
k63_444266	498	1352	-1	2
k63_444266	1349	2125	-1	3
k63_444266	2463	3104	-1	4
k63_444266	3101	3667	-1	5
k63_444266	4058	5257	1	6
k63_444266	5259	5663	1	7
k63_444266	5839	6162	-1	8
k63_444266	6349	7677	1	9
k63_1302017	2	1144	1	1
k63_1302017	1534	2142	1	2
k63_17168	3	1025	-1	1
k63_17168	1066	2673	-1	2
k63_768047	1	114	1	1
k63_768047	216	503	-1	2
k63_768047	794	1201	1	3
k63_768047	1006	1455	-1	4
k63_768047	1579	2097	1	5
k63_768047	2373	2723	-1	6
k63_768047	2861	3601	1	7
k63_874986	2	199	-1	1
k63_874986	196	1017	-1	2
k63_874986	1163	2641	-1	3
k63_124444	3	137	1	1
k63_124444	199	762	-1	2
k63_124444	816	1052	-1	3
k63_124444	1042	3291	-1	4
k63_124444	3372	4001	-1	5
k63_768328	3	1709	-1	1
k63_768328	1862	2083	1	2
k63_768328	2083	2487	1	3
k63_768328	2597	2755	1	4
k63_1410389	332	3283	1	1
k63_1410389	3490	3684	-1	2
k63_1302773	2	706	-1	1
k63_1302773	715	1176	-1	2
k63_1302773	1173	1535	-1	3
k63_1302773	1552	1875	-1	4
k63_1302773	1933	2706	-1	5
k63_1302773	2819	2977	1	6
k63_1302773	3894	4556	1	7
k63_231925	1	1125	-1	1
k63_231925	1503	2378	1	2
k63_661827	1	1533	-1	1
k63_554930	200	964	1	1
k63_554930	975	1619	1	2
k63_554930	1768	2184	1	3
k63_554930	2411	3382	1	4
k63_768707	2	1210	-1	1
k63_768707	2080	2175	1	2
k63_17833	3	563	1	1
k63_17833	604	852	1	2
k63_17833	859	1764	1	3
k63_17833	1761	2303	1	4
k63_17833	3253	3675	-1	5
k63_17833	3753	3878	1	6
k63_17833	4136	4414	-1	7
k63_1517648	2	88	-1	1
k63_1517648	162	1688	-1	2
k63_1517648	1695	3200	-1	3
k63_1517648	3266	4267	-1	4
k63_875693	2	394	-1	1
k63_875693	576	2375	1	2
k63_555244	3	2051	-1	1
k63_1411028	1	1818	-1	1
k63_1411028	1879	2232	-1	2
k63_445608	1	2334	1	1
k63_341199	139	924	1	1
k63_341199	1207	3759	1	2
k63_876126	3	1601	-1	1
k63_18371	149	1921	1	1
k63_18371	2023	3204	1	2
k63_18371	3201	4517	-1	3
k63_18371	4537	6000	-1	4
k63_18371	6258	9140	1	5
k63_18371	9393	10610	1	6
k63_18371	10782	11042	1	7
k63_18371	11042	11461	1	8
k63_233190	3	2504	-1	1
k63_555761	3	122	1	1
k63_555761	261	2078	-1	2
k63_445922	3	407	-1	1
k63_445922	668	1891	-1	2
k63_445922	1891	2448	-1	3
k63_445922	2470	3186	-1	4
k63_445922	3315	3941	-1	5
k63_445922	4006	4926	-1	6
k63_445922	5002	5394	-1	7
k63_445922	5394	6116	-1	8
k63_233197	1	201	1	1
k63_233197	226	1443	-1	2
k63_233197	1440	2723	-1	3
k63_233197	2786	4129	1	4
k63_233200	3	1157	-1	1
k63_233200	1334	1930	1	2
k63_1090688	97	1194	-1	1
k63_1090688	1566	1865	1	2
k63_1090688	2073	3017	-1	3
k63_1090688	3037	4482	-1	4
k63_1090688	4479	5321	-1	5
k63_341410	200	565	1	1
k63_341410	578	1453	1	2
k63_876461	11	1582	-1	1
k63_876461	1739	1828	-1	2
k63_1091082	2	304	-1	1
k63_1091082	301	1611	-1	2
k63_233758	2	1765	1	1
k63_233758	1770	2360	1	2
k63_233758	2482	3495	1	3
k63_233758	3558	6203	1	4
k63_233758	6234	6500	1	5
k63_233758	6689	7117	-1	6
k63_233758	7099	7560	-1	7
k63_233758	7663	10179	1	8
k63_1198758	2	2653	-1	1
k63_1518908	2	67	1	1
k63_1518908	178	1554	1	2
k63_1198927	122	1591	-1	1
k63_1198927	1900	3075	-1	2
k63_1198927	3139	4083	-1	3
k63_556680	3	980	-1	1
k63_556680	977	1885	-1	2
k63_556680	1930	3342	-1	3
k63_556680	3373	5319	-1	4
k63_556680	5459	6133	1	5
k63_556680	6072	7172	-1	6
k63_556680	7190	7885	-1	7
k63_556680	7882	8631	-1	8
k63_556680	8651	9529	-1	9
k63_556680	9605	11341	1	10
k63_446867	159	1565	1	1
k63_446867	1599	2090	1	2
k63_446867	2367	2891	-1	3
k63_446867	2932	4155	-1	4
k63_446867	4152	5690	-1	5
k63_446867	5905	7182	1	6
k63_446867	7352	8374	1	7
k63_446867	8634	10136	1	8
k63_446867	10133	10837	1	9
k63_446867	10965	12086	1	10
k63_1304972	238	1785	-1	1
k63_985001	170	562	-1	1
k63_985001	559	852	-1	2
k63_985001	938	1963	-1	3
k63_985001	2313	3350	-1	4
k63_985001	3489	3959	1	5
k63_985001	4002	6362	1	6
k63_985001	6411	7268	1	7
k63_985001	7273	8184	1	8
k63_985001	8181	9440	1	9
k63_985001	9456	10469	1	10
k63_985001	10466	11197	1	11
k63_985001	11194	13764	1	12
k63_985001	13764	13919	1	13
k63_1412849	88	1659	-1	1
k63_1412849	1715	3544	-1	2
k63_1412849	4469	5242	1	3
k63_1519702	1	594	1	1
k63_1519702	742	2388	1	2
k63_1519702	2561	3919	1	3
k63_1519702	4486	4983	1	4
k63_1519702	5036	5449	1	5
k63_1519702	5955	6731	1	6
k63_1519702	6728	7567	1	7
k63_1519702	7564	9717	1	8
k63_557203	27	275	-1	1
k63_557203	441	1040	1	2
k63_557203	1217	2152	1	3
k63_557203	2196	2786	1	4
k63_664530	3	623	1	1
k63_664530	809	1972	-1	2
k63_127756	2	1864	1	1
k63_447983	2	1270	-1	1
k63_447983	1489	2244	-1	2
k63_343867	286	561	1	1
k63_343867	565	744	1	2
k63_343867	848	1018	1	3
k63_343867	1098	1736	-1	4
k63_343867	1857	2309	1	5
k63_343867	2719	3159	1	6
k63_343867	3172	3513	1	7
k63_343867	3623	4564	-1	8
k63_343867	4673	4846	-1	9
k63_343867	4995	5108	-1	10
k63_664779	1317	3365	1	1
k63_664779	3362	4360	1	2
k63_1092974	2	679	1	1
k63_1092974	660	2858	1	2
k63_128069	1	93	-1	1
k63_128069	86	388	-1	2
k63_128069	385	1143	-1	3
k63_128069	1307	1870	-1	4
k63_128069	1876	2514	-1	5
k63_1306354	3	1340	-1	1
k63_1306354	1337	1624	-1	2
k63_665200	2	2011	1	1
k63_665200	2098	2964	1	2
k63_665200	3126	3440	1	3
k63_665200	3430	3861	1	4
k63_665200	3915	4355	1	5
k63_665200	4403	5593	1	6
k63_665200	5649	7559	-1	7
k63_665215	80	853	-1	1
k63_665215	886	1686	-1	2
k63_772108	3	728	-1	1
k63_772108	725	1636	-1	2
k63_20900	423	3296	1	1
k63_1414179	31	1200	-1	1
k63_1414179	1433	1867	1	2
k63_1414179	1874	2677	1	3
k63_1414179	2718	5735	1	4
k63_558344	191	1681	1	1
k63_558344	1839	2210	-1	2
k63_558344	2533	3237	-1	3
k63_558344	3291	4256	-1	4
k63_558344	4481	5323	-1	5
k63_558344	5351	6988	-1	6
k63_558344	7176	7451	-1	7
k63_558344	7608	9815	-1	8
k63_1201301	54	422	-1	1
k63_1201301	673	906	1	2
k63_1201301	916	1137	1	3
k63_1201301	1377	2006	-1	4
k63_879170	114	1424	1	1
k63_1201471	91	615	-1	1
k63_1201471	603	1964	-1	2
k63_1201471	1961	3187	-1	3
k63_1201471	3184	3939	-1	4
k63_1201471	3923	4348	-1	5
k63_1414840	3	1601	-1	1
k63_1414840	1611	3473	-1	2
k63_1521660	197	1309	1	1
k63_1521660	1306	2043	1	2
k63_879975	1	282	-1	1
k63_879975	304	1590	-1	2
k63_879975	1587	2681	-1	3
k63_879975	2695	3414	-1	4
k63_879975	3749	4822	1	5
k63_449895	281	1423	1	1
k63_449895	1353	2114	-1	2
k63_1202318	232	1473	1	1
k63_1202318	1772	3481	-1	2
k63_130037	3	656	-1	1
k63_130037	759	998	1	2
k63_130037	995	1432	1	3
k63_130037	1468	3537	-1	4
k63_130037	3633	4769	1	5
k63_130037	4759	6120	1	6
k63_346685	63	431	-1	1
k63_346685	916	3189	-1	2
k63_346685	3319	4935	1	3
k63_346685	4941	6113	1	4
k63_346685	6095	8050	1	5
k63_346685	8063	8467	1	6
k63_346685	8464	9033	1	7
k63_346685	9271	10074	1	8
k63_346708	3	485	-1	1
k63_346708	482	685	-1	2
k63_346708	810	1841	-1	3
k63_346708	1858	2685	-1	4
k63_347301	2	688	1	1
k63_347301	825	1211	-1	2
k63_347301	1929	2516	-1	3
k63_450488	62	1531	-1	1
k63_450488	1543	1782	-1	2
k63_450488	1790	2953	-1	3
k63_450488	3333	4448	1	4
k63_450488	4445	7729	1	5
k63_1523270	428	1774	-1	1
k63_881027	280	1497	1	1
k63_881027	1520	2059	1	2
k63_881027	2072	2602	1	3
k63_881027	2602	3045	1	4
k63_881027	3007	4353	-1	5
k63_881027	4762	4827	1	6
k63_881044	1	2541	-1	1
k63_881044	2887	3111	-1	2
k63_881105	174	1112	-1	1
k63_881105	1169	1597	-1	2
k63_881105	1594	3297	-1	3
k63_881105	3315	4205	1	4
k63_881105	4228	4614	1	5
k63_238006	393	662	-1	1
k63_238006	734	2086	-1	2
k63_238006	2083	3567	-1	3
k63_238006	3734	5164	-1	4
k63_238006	5266	5922	1	5
k63_238006	6051	6215	1	6
k63_238006	6212	7048	1	7
k63_238006	7045	8070	1	8
k63_238006	8102	8749	1	9
k63_238006	8775	9566	1	10
k63_238006	9563	10717	1	11
k63_238006	10735	11526	-1	12
k63_238006	11530	12864	-1	13
k63_238006	12957	14486	1	14
k63_238006	14483	15100	1	15
k63_238006	15208	15816	1	16
k63_775468	1	849	1	1
k63_775468	914	1393	1	2
k63_775468	1558	1782	1	3
k63_775468	2118	3254	1	4
k63_775468	3743	5803	1	5
k63_775468	5800	6273	1	6
k63_775468	6395	7855	1	7
k63_1204006	1	213	-1	1
k63_1204006	210	1241	-1	2
k63_1204006	1299	1547	-1	3
k63_1523837	3	617	-1	1
k63_1523837	617	2275	-1	2
k63_1523837	2272	3054	-1	3
k63_881358	1	117	1	1
k63_881358	256	1518	1	2
k63_881358	1512	2546	1	3
k63_668450	455	1186	1	1
k63_668450	1239	2060	1	2
k63_668450	2057	2443	1	3
k63_668450	2688	3077	-1	4
k63_668450	3114	3332	-1	5
k63_668450	3564	3923	1	6
k63_451273	1	2238	-1	1
k63_24016	2	1822	1	1
k63_24016	1884	2474	1	2
k63_24016	2336	3517	-1	3
k63_24016	3569	3997	-1	4
k63_1417450	60	206	-1	1
k63_1417450	348	1499	-1	2
k63_1417450	1736	2092	-1	3
k63_1417450	2186	2584	-1	4
k63_1417450	2581	2991	-1	5
k63_131829	2	328	-1	1
k63_131829	654	1475	1	2
k63_1524387	2	376	1	1
k63_1524387	373	1194	1	2
k63_1524387	1204	3132	1	3
k63_1524387	3261	3851	1	4
k63_1524387	3858	4496	1	5
k63_1524387	4524	4850	-1	6
k63_1204807	77	2965	-1	1
k63_1204807	3476	4165	1	2
k63_776420	1	540	-1	1
k63_776420	784	1491	1	2
k63_776420	1491	1940	1	3
k63_348908	2	127	1	1
k63_348908	327	1301	1	2
k63_348908	1481	1885	-1	3
k63_776716	659	1882	-1	1
k63_1205273	3	149	1	1
k63_1205273	391	1968	1	2
k63_1205273	2127	2297	1	3
k63_669592	1	699	-1	1
k63_669592	725	1468	-1	2
k63_669592	1576	2475	-1	3
k63_669592	2785	4065	1	4
k63_669592	4240	4710	1	5
k63_991195	1	297	1	1
k63_991195	408	1064	1	2
k63_991195	1511	3676	-1	3
k63_1310849	61	1857	-1	1
k63_1310849	1862	2392	-1	2
k63_1310849	2765	3598	1	3
k63_1310849	3603	4100	1	4
k63_1310849	4188	5489	1	5
k63_1310849	5614	6762	-1	6
k63_133088	1	1302	1	1
k63_1097836	3	1340	-1	1
k63_1097836	1382	3565	-1	2
k63_882951	6	269	-1	1
k63_882951	1339	1905	-1	2
k63_133305	3	1397	-1	1
k63_133305	1642	2175	-1	2
k63_25666	3	1805	-1	1
k63_240319	91	1854	1	1
k63_240319	1869	2507	1	2
k63_1525686	277	1158	-1	1
k63_1525686	1230	1658	-1	2
k63_1525686	1727	2059	-1	3
k63_1525686	2090	4822	-1	4
k63_1525686	4861	5442	-1	5
k63_883541	1	72	-1	1
k63_883541	119	364	-1	2
k63_883541	825	3242	-1	3
k63_563209	2	3313	1	1
k63_563209	3532	6756	1	2
k63_563209	6921	7733	-1	3
k63_563209	7893	8186	1	4
k63_563209	8209	8598	1	5
k63_563209	8655	9602	-1	6
k63_563209	9711	13034	1	7
k63_563209	13220	13342	1	8
k63_563209	13355	14884	1	9
k63_563209	14881	15717	1	10
k63_563209	15943	16278	1	11
k63_563209	16297	17643	-1	12
k63_563209	17712	18200	1	13
k63_563209	18367	18765	-1	14
k63_563209	18840	20006	-1	15
k63_563209	20168	20944	1	16
k63_563251	119	1483	-1	1
k63_563251	1871	2167	1	2
k63_1419503	177	683	1	1
k63_1419503	886	1443	1	2
k63_1419503	1520	1582	1	3
k63_670658	1	1311	1	1
k63_670658	2074	2169	1	2
k63_1311796	218	1051	-1	1
k63_1311796	1255	2124	1	2
k63_1311796	2105	4417	1	3
k63_1311796	4425	6371	1	4
k63_1311796	6332	6496	-1	5
k63_1311796	6732	7787	-1	6
k63_1311796	8186	9106	-1	7
k63_670974	126	1340	-1	1
k63_670974	1519	2946	1	2
k63_670974	3014	3214	1	3
k63_134396	3	377	-1	1
k63_134396	402	2210	-1	2
k63_134396	2207	4006	-1	3
k63_134396	4011	4337	-1	4
k63_134396	4631	5164	-1	5
k63_134396	5200	5922	1	6
k63_134396	5880	6038	-1	7
k63_134396	6035	6430	-1	8
k63_241094	1	432	1	1
k63_241094	707	1876	1	2
k63_241094	1983	4889	1	3
k63_992886	3	854	-1	1
k63_992886	899	3385	-1	2
k63_992886	3600	3683	-1	3
k63_564043	2	682	-1	1
k63_564043	976	2391	-1	2
k63_564043	2397	3104	-1	3
k63_564043	3157	4152	1	4
k63_779003	248	925	1	1
k63_779003	922	2403	1	2
k63_884843	12	1337	-1	1
k63_1313268	2	217	1	1
k63_1313268	253	657	1	2
k63_1313268	761	1012	-1	3
k63_1313268	1180	2910	-1	4
k63_1313268	2922	3632	-1	5
k63_1313268	3862	4365	-1	6
k63_1313268	4573	6033	1	7
k63_1313268	6049	7278	1	8
k63_1313268	7527	8804	1	9
k63_1313268	9128	9922	-1	10
k63_993864	2	211	1	1
k63_993864	213	1271	-1	2
k63_993864	1481	1699	1	3
k63_27594	217	1260	1	1
k63_27594	1257	1694	1	2
k63_565268	1	138	1	1
k63_565268	273	2333	1	2
k63_565346	1	1593	-1	1
k63_565346	1891	2172	1	2
k63_565346	2169	2543	1	3
k63_565346	2607	3404	-1	4
k63_565346	3469	3717	1	5
k63_565346	3714	5144	1	6
k63_1528114	69	1904	-1	1
k63_1528114	1964	3694	1	2
k63_1528114	3698	4099	1	3
k63_1528114	4196	5050	1	4
k63_455339	197	3544	1	1
k63_455339	3544	4752	1	2
k63_673899	180	2636	-1	1
k63_673899	2641	3861	-1	2
k63_673899	3876	5036	-1	3
k63_673899	5152	6477	1	4
k63_455604	126	686	1	1
k63_455604	1009	2328	-1	2
k63_886609	1	1881	1	1
k63_1209271	127	663	-1	1
k63_1209271	702	2108	-1	2
k63_1422742	149	2302	-1	1
k63_1422742	2396	2818	-1	2
k63_1422742	2815	3075	-1	3
k63_1422742	3169	3981	-1	4
k63_1209571	303	1151	1	1
k63_1209571	1392	3080	-1	2
k63_1209571	3077	3832	-1	3
k63_1209571	4016	5764	-1	4
k63_1209571	6174	6962	-1	5
k63_456183	18	554	-1	1
k63_456183	567	926	-1	2
k63_456183	954	1760	-1	3
k63_456183	1946	2695	-1	4
k63_456183	2713	2910	-1	5
k63_137823	2	1636	1	1
k63_137823	1633	4104	1	2
k63_137823	4127	4726	1	3
k63_137823	4769	5227	1	4
k63_137823	5224	6531	1	5
k63_137823	6764	8953	1	6
k63_137823	9047	10102	1	7
k63_137823	10456	10722	-1	8
k63_137823	10726	10983	-1	9
k63_137823	11203	11808	1	10
k63_137823	11832	14147	1	11
k63_137823	14333	14977	-1	12
k63_137823	15221	16414	-1	13
k63_137823	16486	17133	1	14
k63_674903	348	1340	1	1
k63_674903	1270	2739	-1	2
k63_674903	2748	3038	-1	3
k63_674903	3127	4443	1	4
k63_674903	5082	6464	1	5
k63_674903	6549	7436	1	6
k63_674903	7443	8171	1	7
k63_674903	8240	10915	-1	8
k63_674903	10912	11472	-1	9
k63_1529566	2	3241	1	1
k63_887676	1	843	1	1
k63_887676	1477	2187	-1	2
k63_782417	102	1601	-1	1
k63_1210475	82	600	1	1
k63_1210475	683	847	1	2
k63_1210475	895	1140	1	3
k63_1210475	1521	2663	-1	4
k63_1210475	2949	3254	-1	5
k63_1210475	3295	3573	-1	6
k63_457024	2	1015	1	1
k63_457024	1309	1842	1	2
k63_996277	1	2103	-1	1
k63_1530450	3	10082	-1	1
k63_888561	3	3239	-1	1
k63_888561	3271	5043	-1	2
k63_1317207	74	1018	-1	1
k63_675999	375	977	-1	1
k63_675999	974	1474	-1	2
k63_457527	2	619	1	1
k63_457527	616	2001	-1	2
k63_457527	2002	2472	-1	3
k63_457527	2469	3479	-1	4
k63_457527	3503	4348	-1	5
k63_457527	4345	5574	-1	6
k63_457527	5997	6440	1	7
k63_457527	6455	7135	-1	8
k63_457527	7189	7788	-1	9
k63_457527	7984	8433	-1	10
k63_457527	8481	9887	-1	11
k63_457527	10366	12783	-1	12
k63_457527	12780	14756	-1	13
k63_457527	15058	15930	1	14
k63_457527	16186	16602	1	15
k63_457527	16559	17401	-1	16
k63_457527	17687	19174	1	17
k63_457527	19207	19836	-1	18
k63_457527	20272	21552	-1	19
k63_1103750	51	1142	1	1
k63_1103750	1227	2387	1	2
k63_1103750	2399	3397	1	3
k63_1103750	3394	4164	1	4
k63_997342	239	1525	1	1
k63_997342	1528	3153	1	2
k63_997342	3146	4486	1	3
k63_1211935	2	1246	-1	1
k63_1211935	1375	1596	1	2
k63_889584	151	1728	1	1
k63_889584	1825	2649	1	2
k63_889584	2692	3732	1	3
k63_889584	3784	4788	-1	4
k63_889584	4807	5244	-1	5
k63_889584	5261	5776	-1	6
k63_889584	5824	7107	-1	7
k63_889584	7417	8424	-1	8
k63_1425210	623	1735	1	1
k63_1425210	1768	4680	1	2
k63_1425210	4721	5935	1	3
k63_1425210	6237	7445	1	4
k63_1425210	7574	8905	1	5
k63_1212227	3	1547	-1	1
k63_1212227	1665	2624	-1	2
k63_1212227	2686	3975	1	3
k63_677212	1	936	-1	1
k63_677212	936	3821	-1	2
k63_677212	3909	4190	1	3
k63_784668	3	617	-1	1
k63_784668	657	1109	-1	2
k63_784668	1106	1363	-1	3
k63_784668	1406	1657	-1	4
k63_569776	1	357	-1	1
k63_569776	354	1196	-1	2
k63_569776	1193	1939	-1	3
k63_458961	123	2570	-1	1
k63_458961	2642	3568	-1	2
k63_458961	3642	4004	1	3
k63_357788	64	1644	-1	1
k63_357788	1654	1932	-1	2
k63_999069	89	298	1	1
k63_999069	253	501	-1	2
k63_999069	1040	1378	1	3
k63_999069	1366	1599	1	4
k63_999069	1614	2270	1	5
k63_999069	2267	2416	1	6
k63_999069	2564	4315	1	7
k63_999069	4392	4661	1	8
k63_999069	4673	4822	1	9
k63_999069	4999	5208	1	10
k63_1213859	306	1334	-1	1
k63_1213859	1472	1726	1	2
k63_32634	3	245	-1	1
k63_32634	320	1015	1	2
k63_32634	1607	2053	1	3
k63_32634	2017	3177	1	4
k63_571572	2	487	-1	1
k63_571572	579	1790	1	2
k63_891351	3	110	1	1
k63_891351	228	2243	-1	2
k63_891351	2240	2659	-1	3
k63_358315	3	143	-1	1
k63_358315	191	1417	-1	2
k63_358315	1433	1774	1	3
k63_358315	1801	3249	1	4
k63_1106167	1	213	-1	1
k63_1106167	230	1381	1	2
k63_1106167	1438	1908	1	3
k63_1106167	1882	2703	-1	4
k63_1106167	3154	4746	1	5
k63_1106167	4976	5080	1	6
k63_141865	100	351	-1	1
k63_141865	403	663	-1	2
k63_141865	687	1172	1	3
k63_141865	1186	2136	1	4
k63_141865	2148	3761	-1	5
k63_141865	3949	4983	-1	6
k63_141865	5173	5889	-1	7
k63_141865	6308	9043	-1	8
k63_141865	9214	13029	-1	9
k63_141865	13125	13652	-1	10
k63_141865	13652	15166	-1	11
k63_141865	15341	16906	-1	12
k63_141865	17100	17750	-1	13
k63_141865	17854	19746	-1	14
k63_141865	20583	21476	1	15
k63_141979	374	550	-1	1
k63_141979	990	1226	-1	2
k63_141979	2000	2293	-1	3
k63_1214499	1	966	1	1
k63_1214499	1002	2009	1	2
k63_892394	273	1565	1	1
k63_892394	1562	2761	1	2
k63_892394	2779	5541	1	3
k63_892394	5560	6285	1	4
k63_892394	6336	7283	1	5
k63_787727	60	965	-1	1
k63_787727	1150	4023	1	2
k63_1000741	2	223	1	1
k63_1000741	578	967	1	2
k63_1000741	964	1242	1	3
k63_788048	2	67	1	1
k63_788048	287	940	-1	2
k63_788048	1127	1555	1	3
k63_788048	1658	2209	1	4
k63_788048	2206	2757	1	5
k63_788048	2852	4066	1	6
k63_788048	4063	5214	1	7
k63_788048	5240	5770	1	8
k63_788048	5786	6298	1	9
k63_788048	6481	6786	1	10
k63_1535018	2	859	-1	1
k63_1535018	856	2973	-1	2
k63_359852	1	957	1	1
k63_359852	962	1972	1	2
k63_359852	1998	2987	1	3
k63_143629	195	440	1	1
k63_143629	464	1048	1	2
k63_143629	1112	2512	1	3
k63_143629	2454	3896	1	4
k63_143629	3913	5142	1	5
k63_143629	5139	5939	1	6
k63_143629	7096	8283	1	7
k63_143629	8820	9029	1	8
k63_143629	9034	9561	1	9
k63_143629	9584	10003	1	10
k63_143629	10267	10956	1	11
k63_143629	10990	11523	1	12
k63_143629	11635	12015	1	13
k63_143629	12178	16428	1	14
k63_143629	16458	20798	1	15
k63_143629	21382	21756	1	16
k63_143629	21806	22276	1	17
k63_143629	22358	24430	1	18
k63_143629	24474	24806	1	19
k63_143629	24849	25478	1	20
k63_143629	25505	26218	1	21
k63_143629	26218	26505	1	22
k63_143629	26510	27343	1	23
k63_143629	27365	27649	1	24
k63_143629	27693	28052	1	25
k63_143629	28055	28759	1	26
k63_143629	28784	29206	1	27
k63_143629	29203	29433	1	28
k63_143629	29467	29712	1	29
k63_143629	29709	30077	1	30
k63_143629	30080	30433	1	31
k63_143629	30430	30978	1	32
k63_143629	31012	31197	1	33
k63_143629	31210	31605	1	34
k63_143629	31621	32154	1	35
k63_143629	32188	32541	1	36
k63_143629	32535	33101	1	37
k63_143629	33365	34378	1	38
k63_143629	34375	35361	1	39
k63_143629	35375	37717	-1	40
k63_143629	37748	38857	1	41
k63_893562	131	1018	-1	1
k63_893562	1011	2213	-1	2
k63_893562	2210	2539	-1	3
k63_893594	278	1696	1	1
k63_893594	1966	2625	-1	2
k63_893594	2724	4079	1	3
k63_893594	4102	4950	-1	4
k63_1215428	1	780	1	1
k63_1215428	802	1113	-1	2
k63_1215428	1136	1369	-1	3
k63_1215428	1476	1757	1	4
k63_1001858	164	1159	1	1
k63_1001858	1309	2328	1	2
k63_1001858	2325	2555	1	3
k63_1001858	2552	2812	1	4
k63_35258	2	1372	1	1
k63_35258	1327	2058	-1	2
k63_894810	59	820	-1	1
k63_894810	927	1250	-1	2
k63_894810	1204	1461	-1	3
k63_463731	472	1833	1	1
k63_463731	1914	3059	1	2
k63_463731	3465	3851	-1	3
k63_463731	3871	4137	-1	4
k63_463731	4287	5078	1	5
k63_463731	5420	5665	-1	6
k63_361149	180	1340	1	1
k63_361149	1494	2777	-1	2
k63_361149	2856	3896	1	3
k63_361149	3875	4582	1	4
k63_361170	320	580	-1	1
k63_361170	904	3987	1	2
k63_1536442	2	376	-1	1
k63_1536442	570	1106	1	2
k63_1536442	1131	2549	1	3
k63_1216610	3	1424	-1	1
k63_1216610	1719	1958	1	2
k63_1216610	1951	2334	1	3
k63_1216610	2335	4980	-1	4
k63_1216717	3	539	-1	1
k63_1216717	724	1581	1	2
k63_252831	290	1903	-1	1
k63_1431197	3	431	-1	1
k63_1431197	434	1396	-1	2
k63_1431197	1517	2134	-1	3
k63_1431197	2261	4582	-1	4
k63_1431197	4584	5282	-1	5
k63_1537475	3	155	1	1
k63_1537475	266	718	-1	2
k63_1537475	709	1038	-1	3
k63_1537475	1140	1274	1	4
k63_1537475	1274	1696	1	5
k63_1537475	1735	1986	1	6
k63_362720	1	2634	1	1
k63_362720	2704	3111	1	2
k63_37060	1	105	-1	1
k63_37060	352	2265	-1	2
k63_37060	2286	3173	-1	3
k63_37060	3278	4300	-1	4
k63_37060	4297	5868	-1	5
k63_37060	5965	7041	-1	6
k63_37060	7055	7324	-1	7
k63_37060	7876	8811	-1	8
k63_1432423	86	658	1	1
k63_1432423	962	1534	1	2
k63_1432423	1681	2331	1	3
k63_1432423	2331	2870	1	4
k63_1432423	2910	3641	1	5
k63_1432423	4270	5529	1	6
k63_1432423	5737	6771	1	7
k63_254384	2	4417	1	1
k63_254384	4489	4761	-1	2
k63_254384	4871	5077	-1	3
k63_254384	5112	5741	-1	4
k63_254384	6418	6531	-1	5
k63_792790	3	1037	1	1
k63_792790	1043	2695	-1	2
k63_792790	2702	3784	-1	3
k63_792790	3816	4148	1	4
k63_1325677	78	293	1	1
k63_1325677	339	1202	-1	2
k63_793016	1	504	-1	1
k63_793016	501	1238	-1	2
k63_793016	1317	3074	1	3
k63_793016	3209	4774	-1	4
k63_793016	4776	5636	-1	5
k63_793016	5943	6278	-1	6
k63_793016	6595	7515	1	7
k63_793016	7641	9302	1	8
k63_793016	9454	9657	1	9
k63_793016	9670	10938	1	10
k63_793016	10950	11456	1	11
k63_793016	11742	12920	1	12
k63_793016	12883	14076	-1	13
k63_793016	14484	15338	1	14
k63_793016	15343	16650	1	15
k63_793016	16647	16898	1	16
k63_793016	16898	17593	1	17
k63_793016	17590	18411	1	18
k63_793016	18421	19812	1	19
k63_793016	19852	21315	1	20
k63_793016	21526	24303	-1	21
k63_793016	24464	25561	1	22
k63_793016	25558	26568	1	23
k63_793016	26640	27311	1	24
k63_793016	27456	28388	-1	25
k63_793016	28612	30330	1	26
k63_793016	30349	30684	1	27
k63_1219449	2	1336	1	1
k63_1219449	1371	3941	1	2
k63_1005046	2	163	-1	1
k63_1005046	663	1952	-1	2
k63_1005046	2168	2530	-1	3
k63_1005046	3415	4341	1	4
k63_1005046	4338	4832	1	5
k63_1005046	4960	5559	1	6
k63_1005046	5556	6203	1	7
k63_1005046	6200	6748	1	8
k63_1005046	6755	6988	-1	9
k63_1005046	7048	7254	1	10
k63_1005046	7251	8981	1	11
k63_1005046	8978	9898	1	12
k63_1005046	9955	10860	-1	13
k63_466158	225	1484	-1	1
k63_466158	1561	2325	-1	2
k63_466158	2443	2766	-1	3
k63_466158	2879	3745	1	4
k63_794013	2	808	1	1
k63_794013	1150	1404	-1	2
k63_794013	1401	1664	-1	3
k63_794013	1764	1856	-1	4
k63_1434517	2	721	1	1
k63_1434517	943	1305	-1	2
k63_1434517	1464	1673	1	3
k63_466701	1	1332	-1	1
k63_466701	1624	2646	1	2
k63_1327186	2	979	-1	1
k63_1327186	979	1116	-1	2
k63_1327186	1438	4197	-1	3
k63_1327186	4202	4879	-1	4
k63_1327186	4876	6336	-1	5
k63_1327186	6417	7103	1	6
k63_1327186	7185	7592	-1	7
k63_1539969	132	2159	-1	1
k63_1539969	2535	4121	-1	2
k63_39096	3	137	-1	1
k63_39096	474	569	-1	2
k63_39096	1320	1484	1	3
k63_39096	1510	1584	1	4
k63_794697	71	2518	-1	1
k63_686758	48	1496	1	1
k63_686758	1493	2932	1	2
k63_1540669	73	1020	1	1
k63_1540669	1032	2033	1	2
k63_1540669	2247	4352	1	3
k63_1540669	4365	4457	-1	4
k63_1435161	1	165	1	1
k63_1435161	105	881	-1	2
k63_1435161	1173	1451	1	3
k63_1435161	1448	1708	1	4
k63_1435161	2060	3247	1	5
k63_1435161	3223	3471	1	6
k63_1435161	3555	3959	1	7
k63_1435161	3977	4303	1	8
k63_1435188	2	184	-1	1
k63_1435188	196	1140	-1	2
k63_1435188	1140	3266	-1	3
k63_1435188	3259	3957	-1	4
k63_467872	1	432	1	1
k63_467872	429	1556	1	2
k63_467872	1553	2176	1	3
k63_467872	2183	2836	1	4
k63_467872	2833	3255	1	5
k63_1328890	1	549	1	1
k63_1328890	858	1055	-1	2
k63_1328890	1160	3214	1	3
k63_40472	2	709	-1	1
k63_40472	936	1772	1	2
k63_900615	3	3158	1	1
k63_900615	3302	3922	1	2
k63_900615	3883	4977	-1	3
k63_900615	5165	5656	1	4
k63_900615	5653	7104	1	5
k63_900615	7101	8087	1	6
k63_900615	8087	8587	1	7
k63_900615	8687	9775	1	8
k63_900615	9899	10570	1	9
k63_900615	10817	12076	1	10
k63_366503	201	542	-1	1
k63_366503	878	1249	-1	2
k63_366503	1592	2446	1	3
k63_580360	166	438	-1	1
k63_580360	464	1087	-1	2
k63_580360	1326	2285	1	3
k63_580360	2447	3637	1	4
k63_580360	4179	4514	1	5
k63_580360	4468	5139	1	6
k63_580360	5433	5639	1	7
k63_580360	5731	6177	-1	8
k63_1541860	154	1005	1	1
k63_1541860	1002	1982	1	2
k63_1541860	1993	2652	1	3
k63_1541860	2667	3377	-1	4
k63_1541860	3374	5380	-1	5
k63_1541860	5619	6899	-1	6
k63_1541860	6954	7871	-1	7
k63_1541860	7868	8587	-1	8
k63_1541860	8622	8846	-1	9
k63_1541860	8880	9629	-1	10
k63_41399	1	120	1	1
k63_41399	179	922	1	2
k63_41399	1203	3716	1	3
k63_259028	1	486	1	1
k63_259028	738	1094	-1	2
k63_259028	1153	2316	-1	3
k63_259028	2409	2666	1	4
k63_259028	2663	2944	1	5
k63_259028	3053	3802	-1	6
k63_259028	3807	4217	-1	7
k63_259028	4334	6382	1	8
k63_259028	6440	6784	-1	9
k63_259028	6778	7014	-1	10
k63_259028	7176	9452	1	11
k63_1329728	1	1779	-1	1
k63_1329728	2017	2643	-1	2
k63_259168	1	183	-1	1
k63_259168	217	1125	-1	2
k63_259168	1197	2129	-1	3
k63_259168	2209	3351	1	4
k63_689444	1	1296	1	1
k63_689444	1289	4102	1	2
k63_1543262	68	2851	-1	1
k63_1543262	3202	3348	1	2
k63_1543514	111	386	1	1
k63_1543514	383	2071	1	2
k63_1543514	2198	2689	-1	3
k63_1543514	2789	3106	-1	4
k63_1543514	3103	3474	-1	5
k63_1543514	3471	4082	-1	6
k63_1543514	4226	6406	1	7
k63_1543514	6568	6924	-1	8
k63_1543514	7041	7151	-1	9
k63_1543514	7218	8372	-1	10
k63_1543514	8434	9615	-1	11
k63_1543514	9608	10150	-1	12
k63_1543514	10300	10821	1	13
k63_1543514	10939	12111	1	14
k63_1543514	12378	13388	-1	15
k63_1543514	13494	14603	1	16
k63_1223716	2	214	-1	1
k63_1223716	493	1419	1	2
k63_1437734	1	234	-1	1
k63_1437734	299	4291	-1	2
k63_1223841	146	2086	-1	1
k63_1223841	2329	5799	1	2
k63_1223841	5815	6285	1	3
k63_1223841	6299	7396	-1	4
k63_1223841	7616	8671	-1	5
k63_1223841	8806	9747	-1	6
k63_1223841	9761	10147	-1	7
k63_1223841	10219	11727	-1	8
k63_1223841	12200	13231	1	9
k63_1223841	13228	14004	1	10
k63_1223841	14069	14647	1	11
k63_1223841	14644	15840	1	12
k63_1223841	15837	16634	1	13
k63_368049	243	1715	1	1
k63_1010592	3	869	1	1
k63_1010592	901	2310	1	2
k63_1010886	3	104	1	1
k63_1010886	129	878	-1	2
k63_1010886	1157	2086	-1	3
k63_1225889	1	69	-1	1
k63_1225889	89	352	1	2
k63_1225889	336	1052	1	3
k63_1225889	1161	1517	1	4
k63_1225889	1587	2153	1	5
k63_692159	81	3485	-1	1
k63_692159	3578	4090	-1	2
k63_692159	4480	5493	1	3
k63_692159	5490	7019	1	4
k63_692159	7051	8169	1	5
k63_692159	8709	8837	1	6
k63_692159	8834	9877	1	7
k63_1226097	119	655	1	1
k63_1226097	652	1935	1	2
k63_1226097	1935	2996	1	3
k63_1226097	3004	3366	1	4
k63_905022	1	162	1	1
k63_905022	610	1815	1	2
k63_801399	3	809	-1	1
k63_801399	910	1545	1	2
k63_801399	1606	2730	1	3
k63_262605	1	861	-1	1
k63_262605	858	1637	-1	2
k63_45006	363	908	-1	1
k63_45006	985	2727	-1	2
k63_45006	2831	4591	1	3
k63_45006	4588	6117	1	4
k63_1226704	120	470	1	1
k63_1226704	457	945	1	2
k63_1226704	1039	2853	1	3
k63_1226704	2867	4324	1	4
k63_692646	3	1040	1	1
k63_692646	1089	1628	1	2
k63_472412	1	1446	1	1
k63_472412	1448	2212	1	2
k63_472412	2277	3596	1	3
k63_472412	3611	4750	-1	4
k63_472412	4847	7117	-1	5
k63_472798	1	129	1	1
k63_472798	767	2308	1	2
k63_472798	2310	4415	-1	3
k63_472798	4571	4771	1	4
k63_472798	4768	5196	1	5
k63_472798	5686	6135	1	6
k63_472798	6193	6411	1	7
k63_472798	6408	7166	1	8
k63_905927	106	285	1	1
k63_905927	909	2693	1	2
k63_905927	2839	3102	1	3
k63_905927	3102	3341	1	4
k63_905927	3401	3619	1	5
k63_905927	3837	4085	1	6
k63_802684	1	72	1	1
k63_802684	499	1746	-1	2
k63_906219	3	170	-1	1
k63_906219	621	1562	1	2
k63_803067	375	794	-1	1
k63_803067	807	2849	-1	2
k63_803067	2842	4311	-1	3
k63_803067	4322	5566	-1	4
k63_803067	5701	5877	-1	5
k63_372060	95	1093	-1	1
k63_372060	1355	4204	1	2
k63_372258	3	137	-1	1
k63_372258	244	552	1	2
k63_372258	579	893	1	3
k63_372258	1014	1259	1	4
k63_372258	1435	2532	1	5
k63_1442598	2	274	-1	1
k63_1442598	279	1850	-1	2
k63_1442598	1847	2299	-1	3
k63_1442598	2296	3261	-1	4
k63_1442598	3291	3965	1	5
k63_1442598	4064	4933	-1	6
k63_1442598	4967	5548	1	7
k63_1228036	3	167	-1	1
k63_1228036	382	1608	1	2
k63_1228036	1776	2627	1	3
k63_1228036	2825	3799	1	4
k63_1228036	3796	4542	1	5
k63_1228036	4710	5447	1	6
k63_1228036	5511	6899	-1	7
k63_1228036	7481	7705	1	8
k63_264946	1	1086	1	1
k63_264946	1105	2094	-1	2
k63_587032	248	1273	1	1
k63_587032	1276	1599	1	2
k63_587032	1682	1774	1	3
k63_1336242	105	845	1	1
k63_1336242	1122	2006	1	2
k63_1336242	2003	2554	1	3
k63_805062	150	536	-1	1
k63_805062	556	1869	1	2
k63_805062	1922	4012	1	3
k63_475039	2	4258	1	1
k63_374620	1	3129	1	1
k63_374620	3385	4554	1	2
k63_588128	1	819	1	1
k63_588128	1000	1242	1	2
k63_588128	1220	1618	1	3
k63_588128	1629	2390	1	4
k63_696444	1	816	1	1
k63_696444	1358	2086	-1	2
k63_909177	2	2428	1	1
k63_909177	2507	2716	1	2
k63_909177	2716	3714	1	3
k63_909177	3786	4172	1	4
k63_909177	4345	5361	-1	5
k63_909181	1	60	-1	1
k63_909181	294	2087	-1	2
k63_909181	2157	3044	-1	3
k63_909181	3469	4287	1	4
k63_909181	4403	6259	-1	5
k63_909181	6483	8183	-1	6
k63_909181	8313	8978	1	7
k63_909181	9095	9823	-1	8
k63_909181	10047	10343	1	9
k63_909181	10449	11846	-1	10
k63_909181	12026	12439	-1	11
k63_909181	12473	12589	1	12
k63_267118	3	416	1	1
k63_267118	469	1254	1	2
k63_267118	1282	2667	1	3
k63_267118	2676	5297	-1	4
k63_267118	5660	6844	-1	5
k63_159967	388	1089	-1	1
k63_159967	1324	2061	1	2
k63_159967	2202	3305	1	3
k63_159967	3332	3856	1	4
k63_159967	4000	5586	1	5
k63_159967	5677	6198	-1	6
k63_159967	6188	6523	-1	7
k63_159967	6864	7919	1	8
k63_159967	8141	8467	1	9
k63_159967	8838	9110	1	10
k63_589478	1	594	1	1
k63_589478	864	1814	1	2
k63_1446359	2	88	-1	1
k63_1446359	249	2306	-1	2
k63_1446359	2427	2717	1	3
k63_1230972	175	1122	-1	1
k63_1230972	1208	1753	1	2
k63_1230972	1820	2155	1	3
k63_1230972	2188	2979	1	4
k63_160864	201	338	1	1
k63_160864	335	739	1	2
k63_160864	861	1766	-1	3
k63_807575	3	551	-1	1
k63_807575	605	1984	-1	2
k63_807575	2043	3287	1	3
k63_807575	3472	3699	1	4
k63_807575	3898	4269	-1	5
k63_377478	1	858	1	1
k63_377478	929	2908	-1	2
k63_268581	3	737	-1	1
k63_268581	777	2948	-1	2
k63_268581	2915	3598	-1	3
k63_268581	3595	4548	-1	4
k63_1552370	1	909	1	1
k63_1552370	906	1964	1	2
k63_1552370	1975	2571	1	3
k63_808658	85	438	-1	1
k63_808658	440	1387	-1	2
k63_808658	1421	2053	-1	3
k63_808658	2063	2464	-1	4
k63_808658	2499	2864	-1	5
k63_808658	2952	3065	-1	6
k63_808658	3076	3297	-1	7
k63_808658	3290	4081	-1	8
k63_808658	4078	4692	-1	9
k63_808658	4676	6061	-1	10
k63_808658	6058	6420	-1	11
k63_808658	6595	6834	-1	12
k63_1553023	3	929	1	1
k63_1553023	1024	1923	-1	2
k63_1553023	2048	2833	1	3
k63_1553023	2843	3610	1	4
k63_700265	1	183	-1	1
k63_700265	180	1694	-1	2
k63_700265	1687	2613	-1	3
k63_1341193	3	1262	-1	1
k63_1341193	1556	1678	1	2
k63_1341193	1672	4641	1	3
k63_379464	197	1156	1	1
k63_379464	1565	3634	1	2
k63_379464	3767	4594	1	3
k63_1128130	119	2260	1	1
k63_1341602	3	1475	-1	1
k63_1341602	1577	1912	-1	2
k63_1341602	2015	4288	-1	3
k63_1341602	4306	4995	1	4
k63_1341602	5106	5579	-1	5
k63_271423	219	509	-1	1
k63_271423	1495	1683	-1	2
k63_271423	1883	2116	-1	3
k63_913659	3	131	-1	1
k63_913659	139	2205	-1	2
k63_1128889	2	322	1	1
k63_1128889	799	1116	1	2
k63_1128889	1291	1698	1	3
k63_1128889	1768	2382	1	4
k63_702139	553	1320	-1	1
k63_702139	1308	1838	-1	2
k63_702139	2108	2428	-1	3
k63_480456	1	507	1	1
k63_480456	595	1692	-1	2
k63_480456	1692	2726	-1	3
k63_480456	2918	5377	1	4
k63_480456	5521	6615	-1	5
k63_593735	190	1248	-1	1
k63_593735	1277	2329	-1	2
k63_593735	2569	2853	-1	3
k63_1129561	3	827	-1	1
k63_1129561	827	1438	-1	2
k63_1129561	1435	3483	-1	3
k63_1129561	3512	5083	-1	4
k63_1129561	5097	5705	-1	5
k63_702791	161	1522	-1	1
k63_702791	1566	2708	-1	2
k63_702791	2725	3696	-1	3
k63_702791	3912	7811	-1	4
k63_702791	7936	8100	1	5
k63_811753	205	1122	1	1
k63_811753	1136	1540	1	2
k63_914394	1	8310	-1	1
k63_914394	8755	8850	-1	2
k63_1450842	1	1458	-1	1
k63_1450842	1467	2189	1	2
k63_1450842	2277	3065	1	3
k63_811826	229	2511	1	1
k63_811826	2508	3488	1	2
k63_812251	2	919	-1	1
k63_812251	961	1956	-1	2
k63_704547	486	1760	1	1
k63_1557070	2	1408	1	1
k63_1557070	1586	1885	1	2
k63_1454178	30	287	1	1
k63_1454178	284	670	1	2
k63_1454178	708	1424	-1	3
k63_1454178	1861	2070	-1	4
k63_917727	115	969	-1	1
k63_917727	1234	1455	1	2
k63_917727	1851	4280	-1	3
k63_917727	4396	5619	1	4
k63_917727	5606	6823	1	5
k63_597250	3	2519	-1	1
k63_814951	29	2011	-1	1
k63_597446	151	882	-1	1
k63_597446	1057	2019	1	2
k63_597446	2029	3999	-1	3
k63_1346453	1	228	-1	1
k63_1346453	544	1434	1	2
k63_1346453	1570	4614	1	3
k63_1346453	4611	5378	1	4
k63_1346453	5458	6414	-1	5
k63_1346453	6506	7720	1	6
k63_1346453	7717	9072	1	7
k63_1346453	9651	12521	1	8
k63_1346453	12736	13998	-1	9
k63_1346453	14326	17184	1	10
k63_1558479	3	1157	-1	1
k63_1558479	1284	2267	1	2
k63_484761	84	1094	-1	1
k63_484761	1275	2651	1	2
k63_484761	2674	4215	1	3
k63_484761	4547	6514	1	4
k63_484761	6504	8021	1	5
k63_484761	8137	9318	-1	6
k63_484761	9446	10129	-1	7
k63_484761	10272	10382	1	8
k63_385042	2	1204	1	1
k63_385042	1201	2376	1	2
k63_385042	2373	3593	1	3
k63_1239519	1	489	1	1
k63_1239519	502	1170	1	2
k63_1239519	1177	1815	1	3
k63_1026949	188	610	1	1
k63_1026949	603	941	1	2
k63_1026949	1272	2240	-1	3
k63_278670	1	666	-1	1
k63_278670	809	2080	-1	2
k63_1136542	28	1839	1	1
k63_1136542	1847	2884	-1	2
k63_1136542	2963	3151	-1	3
k63_1029362	3	98	1	1
k63_1029362	624	3365	1	2
k63_1029362	3548	4855	-1	3
k63_1029362	4922	6691	1	4
k63_1243252	3	1091	-1	1
k63_1243252	1439	1951	-1	2
k63_1243252	2027	3259	1	3
k63_1243252	3305	3853	1	4
k63_1243252	3847	4284	1	5
k63_1243252	4274	4912	1	6
k63_1243252	4934	5395	-1	7
k63_1030123	1	867	-1	1
k63_1030123	993	1907	1	2
k63_1030123	1891	3111	-1	3
k63_1030123	3290	3451	1	4
k63_1030123	3557	5005	-1	5
k63_1030123	5149	6213	1	6
k63_1030123	6210	6914	1	7
k63_1030123	6904	8133	1	8
k63_390580	1	828	1	1
k63_390580	835	1752	1	2
k63_174423	2	1183	1	1
k63_174423	1180	2391	1	2
k63_174423	2396	3202	1	3
k63_174423	3501	3890	-1	4
k63_174423	3900	4235	-1	5
k63_604617	1	342	1	1
k63_604617	531	1643	1	2
k63_604617	1706	2539	1	3
k63_604617	2549	4033	1	4
k63_604617	4020	4802	1	5
k63_604617	4833	5660	-1	6
k63_604617	5786	6313	1	7
k63_604617	6318	7109	1	8
k63_604617	7084	8106	1	9
k63_604617	8814	9272	1	10
k63_604617	9445	9978	1	11
k63_604617	9975	10907	1	12
k63_604617	10900	12195	1	13
k63_604617	12420	13316	1	14
k63_604617	13389	14945	-1	15
k63_604617	15089	15862	1	16
k63_924694	146	1255	1	1
k63_924694	1252	2172	1	2
k63_924694	2176	3015	1	3
k63_924694	3026	3268	1	4
k63_1138710	3	800	-1	1
k63_1138710	797	1393	-1	2
k63_176163	71	427	-1	1
k63_176163	761	3154	1	2
k63_176163	3299	3688	-1	3
k63_176163	3685	4224	-1	4
k63_176163	4243	5109	-1	5
k63_176163	5123	6268	-1	6
k63_176163	6291	6668	-1	7
k63_1139223	53	1723	1	1
k63_281610	1	1239	-1	1
k63_281610	1251	1394	1	2
k63_281610	1732	1992	-1	3
k63_281610	2155	3504	1	4
k63_281610	3539	4525	-1	5
k63_281610	4837	5280	-1	6
k63_281610	5376	6542	-1	7
k63_1565328	1	771	1	1
k63_1565328	1005	2105	1	2
k63_1565328	2456	3079	1	3
k63_1565328	3076	3303	1	4
k63_1352987	3	590	1	1
k63_1352987	607	1146	1	2
k63_1352987	1309	1716	1	3
k63_1352987	1815	3134	1	4
k63_1352987	3145	5583	1	5
k63_821779	587	850	1	1
k63_821779	855	2300	-1	2
k63_821779	2328	2771	-1	3
k63_392998	1	288	-1	1
k63_392998	377	2596	1	2
k63_392998	2944	3519	1	3
k63_1033173	152	2062	1	1
k63_1033173	2068	2658	1	2
k63_1033173	2655	4289	1	3
k63_1033173	4308	5306	-1	4
k63_1033173	5303	6526	-1	5
k63_1033173	6724	9378	1	6
k63_69291	3	74	1	1
k63_69291	123	932	-1	2
k63_69291	932	1513	-1	3
k63_1566981	3	2339	1	1
k63_1464178	1103	1432	1	1
k63_1464178	1453	1596	1	2
k63_1464178	1902	2777	-1	3
k63_1464178	3212	3868	1	4
k63_1464178	3847	4140	1	5
k63_1464178	4454	4756	1	6
k63_1464178	4753	4962	1	7
k63_1464178	5013	5186	1	8
k63_1464178	5304	6128	1	9
k63_70087	242	898	1	1
k63_70087	895	2211	1	2
k63_70087	2227	3270	1	3
k63_70087	3478	4476	1	4
k63_70087	4512	5255	1	5
k63_70087	5255	6025	1	6
k63_70087	6051	6968	-1	7
k63_493308	102	797	-1	1
k63_493308	808	2442	-1	2
k63_493308	2510	2611	1	3
k63_608285	1	651	1	1
k63_608285	686	955	-1	2
k63_608285	927	1190	-1	3
k63_608285	1255	2499	-1	4
k63_1248191	2	304	1	1
k63_1248191	741	1178	1	2
k63_1248191	1175	1642	1	3
k63_1248191	1981	2751	-1	4
k63_1248191	3079	3705	-1	5
k63_284642	504	1202	-1	1
k63_284642	1376	2062	-1	2
k63_494379	1	216	1	1
k63_494379	284	1828	1	2
k63_494379	1825	2196	1	3
k63_1035963	272	748	-1	1
k63_1035963	1016	1348	1	2
k63_1035963	1345	2502	1	3
k63_285948	1	1509	-1	1
k63_285948	2674	2889	1	2
k63_285948	3073	3186	1	3
k63_285948	3183	3398	1	4
k63_285948	3351	3584	-1	5
k63_930378	1	1374	-1	1
k63_1250790	221	1435	-1	1
k63_1250790	1444	2190	-1	2
k63_1250790	2231	3037	-1	3
k63_1571319	1	2601	1	1
k63_1571319	2598	3083	1	2
k63_288555	1	3438	1	1
k63_288555	3649	3864	1	2
k63_612708	159	1883	1	1
k63_1040268	101	271	-1	1
k63_1040268	407	859	-1	2
k63_1040268	872	2413	-1	3
k63_935085	284	535	1	1
k63_935085	901	1110	1	2
k63_935085	1306	1470	-1	3
k63_935085	1780	2787	-1	4
k63_935085	3702	3830	-1	5
k63_720894	194	877	-1	1
k63_720894	917	2365	-1	2
k63_720894	2600	3184	-1	3
k63_291355	70	1695	-1	1
k63_291355	1802	2674	-1	2
k63_291355	2679	3473	-1	3
k63_291355	3482	4699	-1	4
k63_291355	4776	5393	-1	5
k63_291355	5390	6619	-1	6
k63_291355	6645	7973	-1	7
k63_291355	7977	8570	-1	8
k63_291355	8710	9210	1	9
k63_935707	3	1382	1	1
k63_935707	1463	3385	1	2
k63_79881	321	1697	1	1
k63_79881	1990	3018	1	2
k63_79881	3152	4084	1	3
k63_79881	4171	5328	1	4
k63_79881	5344	5601	-1	5
k63_722374	2	346	-1	1
k63_722374	358	1302	-1	2
k63_722374	2027	2239	-1	3
k63_617154	1	1641	1	1
k63_617154	1795	2613	1	2
k63_940576	2	181	1	1
k63_940576	256	669	-1	2
k63_940576	666	875	-1	3
k63_940576	838	1602	-1	4
k63_191621	2	1468	1	1
k63_191621	1800	2240	1	2
k63_191621	2240	3403	1	3
k63_191777	128	1798	1	1
k63_191777	1795	3372	1	2
k63_1046484	41	1180	-1	1
k63_1046484	1180	3237	-1	2
k63_1046484	3673	4725	-1	3
k63_1046484	4748	6379	-1	4
k63_1046484	6441	6683	-1	5
k63_1046484	6742	6996	-1	6
k63_1046484	7573	8160	-1	7
k63_1046484	8157	9692	-1	8
k63_1046484	9868	11196	1	9
k63_1046484	11193	11543	-1	10
k63_407475	3	167	1	1
k63_407475	185	1912	1	2
k63_407475	1975	3324	-1	3
k63_1155559	2	106	-1	1
k63_1155559	224	1918	1	2
k63_1155559	1942	2988	1	3
k63_1155559	2978	4087	1	4
k63_1155559	4147	4605	1	5
k63_505499	3	1538	-1	1
k63_505499	1688	3865	-1	2
k63_728397	256	1350	1	1
k63_728397	1401	1655	1	2
k63_728397	1652	2089	1	3
k63_728397	2253	3215	-1	4
k63_728397	3294	4397	-1	5
k63_194977	140	490	1	1
k63_194977	495	1064	1	2
k63_194977	1127	2248	1	3
k63_408659	221	1150	-1	1
k63_408659	1282	2007	-1	2
k63_408659	2009	2929	-1	3
k63_195626	1	1332	-1	1
k63_195626	1625	2458	-1	2
k63_195626	2511	2912	1	3
k63_195626	2909	3253	1	4
k63_1157439	118	1479	-1	1
k63_1157439	1470	2099	-1	2
k63_1157439	2363	3637	-1	3
k63_1157439	3785	4453	-1	4
k63_1157439	4669	6522	-1	5
k63_1157439	6778	7602	1	6
k63_1157439	7701	8612	1	7
k63_200551	3	812	1	1
k63_200551	1094	1441	-1	2
k63_200551	1434	1655	-1	3
k63_200551	1804	1980	-1	4
k63_200551	2037	3452	-1	5
k63_200551	3556	4491	1	6
k63_951629	194	391	1	1
k63_951629	555	2090	1	2
k63_416416	3	899	1	1
k63_416416	969	1847	1	2
k63_953288	336	515	1	1
k63_953288	446	1732	-1	2
k63_953288	1739	3169	-1	3
k63_953288	3324	3620	1	4
k63_953288	3679	3963	-1	5
k63_953288	3960	4136	-1	6
k63_953288	4133	4255	-1	7
k63_1271973	3	944	1	1
k63_1271973	1007	1264	1	2
k63_1271973	1289	2872	1	3
k63_1271973	2869	3999	1	4
k63_1271973	4093	4761	1	5
k63_1271973	4775	6139	1	6
k63_1271973	6164	6568	1	7
k63_1271973	6640	8913	-1	8
k63_1271973	9035	10423	-1	9
k63_1271973	10446	11801	-1	10
k63_421380	144	1145	-1	1
k63_421380	1142	1366	-1	2
k63_421380	1927	2631	1	3
k63_421380	2796	5207	-1	4
k63_421380	5420	6028	-1	5
k63_421380	6102	6950	-1	6
k63_421380	7066	7536	-1	7
k63_421380	7533	10847	-1	8
k63_421380	11227	11547	-1	9
k63_421380	11544	13436	-1	10
k63_421380	13856	15643	1	11
k63_421380	15727	16623	1	12
k63_310478	2	256	-1	1
k63_310478	322	450	1	2
k63_310478	491	1492	1	3
k63_310478	1512	2114	1	4
k63_310478	2148	2255	-1	5
k63_958378	477	1061	1	1
k63_958378	1113	1994	1	2
k63_958378	2204	2359	-1	3
k63_958380	1	1350	-1	1
k63_958380	1603	2016	-1	2
k63_958380	2162	2287	-1	3
k63_958380	2284	3186	-1	4
k63_958380	3283	3441	1	5
k63_958380	3690	4793	1	6
k63_958380	4797	7232	1	7
k63_958380	7276	8214	1	8
k63_958380	8465	11425	1	9
k63_958380	11680	11913	1	10
k63_958380	11923	13155	1	11
k63_958380	13139	13813	-1	12
k63_958380	13908	16127	-1	13
k63_958380	16124	16675	-1	14
k63_1593537	579	908	1	1
k63_1593537	905	1093	1	2
k63_1593537	1296	1925	1	3
k63_742896	139	447	-1	1
k63_742896	1272	2336	-1	2
k63_742986	251	961	-1	1
k63_742986	958	1575	-1	2
k63_742986	1701	2879	1	3
k63_424884	2	1366	1	1
k63_424884	1458	2051	1	2
k63_424884	2073	4664	1	3
k63_424884	4675	6090	1	4
k63_424884	6123	7988	1	5
k63_104393	2	1027	1	1
k63_104393	1096	1629	1	2
k63_104412	3	128	1	1
k63_104412	491	1024	-1	2
k63_104412	1222	1596	1	3
k63_104730	262	1968	1	1
k63_963339	3	62	-1	1
k63_963339	68	511	-1	2
k63_963339	657	956	-1	3
k63_963339	1453	1701	1	4
k63_963412	2	2071	1	1
k63_1278703	3	371	1	1
k63_1278703	449	2677	1	2
k63_1278703	2700	5033	1	3
k63_1498325	34	1335	1	1
k63_1498325	1348	1947	1	2
k63_1498325	2276	2893	1	3
k63_427819	3	449	1	1
k63_427819	609	887	1	2
k63_427819	901	1188	1	3
k63_427819	1310	1561	-1	4
k63_427819	1744	2016	-1	5
k63_106114	1	903	1	1
k63_106114	949	4116	1	2
k63_106114	4271	6100	1	3
k63_856543	416	1546	-1	1
k63_856543	1621	2511	-1	2
k63_856543	2596	4764	-1	3
k63_856543	4740	5849	-1	4
k63_856543	6008	7195	1	5
k63_856543	7205	8560	1	6
k63_856543	8620	9444	-1	7
k63_856543	9580	10350	-1	8
k63_856569	210	989	-1	1
k63_856569	1266	1913	-1	2
k63_1598434	3	560	1	1
k63_1598434	571	2184	1	2
k63_1598434	2292	3641	1	3
k63_1598434	3655	4884	1	4
k63_213365	112	1356	1	1
k63_213365	1432	2226	-1	2
k63_213365	2494	3438	1	3
k63_213365	3449	3757	-1	4
k63_213365	3775	4080	-1	5
k63_213365	4102	4707	-1	6
k63_213365	4763	5371	-1	7
k63_213365	5402	6724	-1	8
k63_1178237	3	932	-1	1
k63_1178237	1230	2534	1	2
k63_213582	1	492	1	1
k63_213582	489	2435	1	2
k63_213582	2516	3970	-1	3
k63_213582	3974	4273	-1	4
k63_107128	2	190	1	1
k63_107128	240	2252	-1	2
k63_107128	2280	2651	1	3
k63_107128	2699	3100	1	4
k63_107128	3097	3255	1	5
k63_214040	3	116	1	1
k63_214040	435	1694	-1	2
k63_214040	1718	1963	-1	3
k63_214040	2041	2781	1	4
k63_1285178	1	228	1	1
k63_1285178	384	2222	-1	2
k63_1071060	3	2531	1	1
k63_1071060	2540	3232	1	2
