Contig	Start	End	Strand	Pos
k141_9	2	577	-1	1
k141_9	669	1307	-1	2
k141_9	1530	2081	1	3
k141_9	2086	2988	-1	4
k141_27	1	1380	-1	1
k141_27	1377	2393	-1	2
k141_27	2595	3059	-1	3
k141_49	3	416	-1	1
k141_49	498	1655	-1	2
k141_49	1839	2297	1	3
k141_49	2319	2861	-1	4
k141_49	2866	4539	-1	5
k141_49	4695	5342	-1	6
k141_49	5680	7029	1	7
k141_49	7136	7246	-1	8
k141_50	1	2010	-1	1
k141_50	2018	2536	-1	2
k141_65	3	1055	1	1
k141_65	1052	4786	1	2
k141_65	5119	6957	-1	3
k141_65	7006	7086	-1	4
k141_83	2	1078	-1	1
k141_83	1294	2283	-1	2
k141_83	2443	3489	1	3
k141_83	3605	3964	1	4
k141_83	4474	4929	1	5
k141_83	5012	6406	1	6
k141_83	6403	6591	1	7
k141_83	6588	6818	1	8
k141_83	6815	7555	-1	9
k141_83	7560	9185	-1	10
k141_83	9412	10914	-1	11
k141_83	11143	12129	1	12
k141_86	2	535	1	1
k141_86	737	1513	1	2
k141_86	1598	2524	1	3
k141_86	2521	3531	1	4
k141_86	3528	4880	1	5
k141_86	4877	5635	-1	6
k141_92	2	397	-1	1
k141_92	408	986	-1	2
k141_92	1061	2041	-1	3
k141_99	3	950	-1	1
k141_99	1004	2119	-1	2
k141_99	2119	3750	-1	3
k141_99	3758	4756	-1	4
k141_99	4918	5337	-1	5
k141_99	5334	5993	-1	6
k141_99	5998	6558	-1	7
k141_99	6658	7113	-1	8
k141_99	7165	8028	-1	9
k141_99	8119	8649	-1	10
k141_99	8777	9064	1	11
k141_99	9151	11199	1	12
k141_99	11255	12037	1	13
k141_99	12059	14563	-1	14
k141_99	14752	15327	1	15
k141_99	15324	15767	-1	16
k141_104	3	635	1	1
k141_104	632	2518	1	2
k141_104	2528	4159	1	3
k141_104	4244	6619	1	4
k141_104	6648	7616	-1	5
k141_104	7626	8948	-1	6
k141_104	8945	9991	-1	7
k141_104	10255	10443	1	8
k141_105	2	388	1	1
k141_105	392	1108	-1	2
k141_105	1190	2623	1	3
k141_105	2700	3818	1	4
k141_105	3862	5271	1	5
k141_105	5338	6147	1	6
k141_105	6442	6921	1	7
k141_105	7057	7293	1	8
k141_105	7306	8115	1	9
k141_105	8100	9074	-1	10
k141_105	9252	10463	1	11
k141_105	10550	11104	1	12
k141_105	11118	11522	1	13
k141_105	11560	12120	1	14
k141_105	12125	14473	-1	15
k141_105	14550	15557	-1	16
k141_105	15629	16324	-1	17
k141_105	16397	17416	-1	18
k141_105	17540	18202	1	19
k141_105	18260	19108	-1	20
k141_105	19124	20035	-1	21
k141_105	20085	20318	-1	22
k141_115	1	714	1	1
k141_115	811	1704	1	2
k141_115	1705	2400	-1	3
k141_115	2439	4883	-1	4
k141_115	4935	5267	-1	5
k141_133	2	79	1	1
k141_133	156	383	1	2
k141_133	530	730	1	3
k141_133	745	1110	1	4
k141_133	1170	1907	-1	5
k141_133	2040	3104	1	6
k141_133	3153	4304	-1	7
k141_133	4304	5302	-1	8
k141_133	5299	5706	-1	9
k141_133	5703	6074	-1	10
k141_133	6058	6939	-1	11
k141_133	7177	8271	1	12
k141_133	8353	10368	1	13
k141_133	10376	11470	1	14
k141_133	11467	13158	1	15
k141_133	13155	14138	1	16
k141_133	14193	14957	1	17
k141_133	14963	15136	-1	18
k141_136	1	369	-1	1
k141_136	800	2206	-1	2
k141_136	2321	2629	1	3
k141_136	2725	3657	1	4
k141_139	2	160	-1	1
k141_139	157	864	-1	2
k141_139	924	1577	-1	3
k141_139	1691	3886	1	4
k141_139	3933	4301	-1	5
k141_139	4504	5829	1	6
k141_139	5826	6596	1	7
k141_139	6603	7058	-1	8
k141_139	7055	7600	-1	9
k141_139	7602	8711	-1	10
k141_139	8976	9332	1	11
k141_139	9344	10915	1	12
k141_139	10951	11487	-1	13
k141_139	11593	12522	1	14
k141_139	12666	13703	1	15
k141_139	13804	14772	1	16
k141_139	14765	15304	1	17
k141_139	15301	17247	1	18
k141_139	17244	18389	1	19
k141_139	18465	19079	1	20
k141_139	19086	20015	1	21
k141_139	20047	20853	-1	22
k141_139	20850	21434	-1	23
k141_139	21568	21681	1	24
k141_144	3	617	1	1
k141_144	617	1936	1	2
k141_144	1933	3210	1	3
k141_144	3191	4711	1	4
k141_144	4784	4876	1	5
k141_149	3	944	-1	1
k141_149	962	1714	-1	2
k141_149	1971	2330	-1	3
k141_151	3	596	-1	1
k141_151	604	1194	-1	2
k141_151	1342	3132	1	3
k141_151	3129	3806	1	4
k141_151	3799	4236	1	5
k141_151	4319	5107	1	6
k141_151	5109	5348	1	7
k141_151	5353	6393	1	8
k141_151	6390	7307	1	9
k141_151	7298	8131	-1	10
k141_151	8128	8559	-1	11
k141_151	8569	8643	-1	12
k141_156	1	426	1	1
k141_156	500	2701	1	2
k141_156	2725	3918	1	3
k141_156	4167	5486	1	4
k141_156	5476	5889	1	5
k141_159	2	262	1	1
k141_159	252	851	1	2
k141_159	848	1999	1	3
k141_159	2006	2653	1	4
k141_159	2809	4578	1	5
k141_159	4628	5842	1	6
k141_159	5927	6421	1	7
k141_159	6450	6962	-1	8
k141_159	7259	7441	1	9
k141_159	7542	7820	-1	10
k141_161	369	3116	-1	1
k141_161	3232	3813	1	2
k141_161	3810	4826	1	3
k141_161	4858	6495	-1	4
k141_161	6485	7006	-1	5
k141_161	7042	8100	1	6
k141_161	8571	9734	-1	7
k141_161	9845	11008	-1	8
k141_161	11223	12251	1	9
k141_161	12256	13308	1	10
k141_161	13305	15023	1	11
k141_161	15084	16091	1	12
k141_161	16084	17076	1	13
k141_161	17421	18488	1	14
k141_161	18567	19844	-1	15
k141_161	19976	21310	-1	16
k141_161	21303	21815	-1	17
k141_161	21812	22240	-1	18
k141_161	22344	23507	1	19
k141_161	23528	24256	1	20
k141_161	24328	24696	1	21
k141_163	210	1772	1	1
k141_163	1783	5028	1	2
k141_163	5147	5830	-1	3
k141_163	5989	6702	-1	4
k141_163	6838	7725	1	5
k141_163	7786	8814	1	6
k141_163	8811	9620	1	7
k141_163	9617	10483	1	8
k141_163	10476	10868	1	9
k141_165	2	316	-1	1
k141_165	395	790	1	2
k141_165	787	1230	1	3
k141_165	1269	2321	1	4
k141_165	2402	2866	1	5
k141_165	2863	3840	-1	6
k141_165	3996	4613	1	7
k141_165	4617	5330	-1	8
k141_165	5474	5893	-1	9
k141_190	2	688	-1	1
k141_190	775	1497	1	2
k141_190	1576	2412	1	3
k141_190	2428	3357	-1	4
k141_190	3354	3908	-1	5
k141_190	3905	5206	-1	6
k141_190	5206	5775	-1	7
k141_190	5834	6817	-1	8
k141_190	6939	10574	1	9
k141_190	10612	11733	-1	10
k141_190	11787	12878	-1	11
k141_190	13048	13584	1	12
k141_190	13601	14248	1	13
k141_190	14245	15390	1	14
k141_190	15466	15957	-1	15
k141_190	16299	17867	1	16
k141_190	18156	19748	1	17
k141_190	19876	20415	-1	18
k141_190	20646	20825	1	19
k141_190	20895	21389	-1	20
k141_190	21724	22407	-1	21
k141_197	28	2298	-1	1
k141_197	2494	2829	-1	2
k141_197	3082	3420	-1	3
k141_197	3413	3763	-1	4
k141_197	3926	4489	-1	5
k141_197	4927	5727	1	6
k141_197	6059	7435	-1	7
k141_197	7425	7907	-1	8
k141_197	8268	10688	1	9
k141_197	10685	11692	1	10
k141_197	11841	13814	1	11
k141_197	13870	14646	1	12
k141_197	14727	17468	1	13
k141_197	17585	19219	-1	14
k141_197	19239	20933	-1	15
k141_197	20946	21641	-1	16
k141_197	21641	22696	-1	17
k141_197	22758	23228	-1	18
k141_197	23787	25688	-1	19
k141_197	25964	26695	-1	20
k141_197	26692	27348	-1	21
k141_197	27372	27635	-1	22
k141_197	27702	30056	-1	23
k141_197	30443	31102	-1	24
k141_197	31368	31490	-1	25
k141_197	31490	32290	-1	26
k141_197	32436	32951	-1	27
k141_197	33275	34840	1	28
k141_197	34873	35058	1	29
k141_198	1	99	-1	1
k141_198	96	1196	-1	2
k141_198	1243	2361	-1	3
k141_198	2476	3876	-1	4
k141_198	4531	4794	-1	5
k141_198	4949	5725	-1	6
k141_198	5790	6239	-1	7
k141_199	97	783	-1	1
k141_199	940	2031	1	2
k141_199	2040	2540	1	3
k141_199	2554	3084	-1	4
k141_203	2	1039	-1	1
k141_203	1039	2301	-1	2
k141_203	2458	2691	-1	3
k141_203	2884	3621	-1	4
k141_203	3686	4615	-1	5
k141_203	4697	6145	-1	6
k141_203	6401	6931	1	7
k141_203	6998	8878	-1	8
k141_203	8980	9750	-1	9
k141_203	9890	10102	-1	10
k141_203	10114	10680	-1	11
k141_203	10671	11282	-1	12
k141_221	3	581	-1	1
k141_221	578	961	-1	2
k141_221	954	1742	-1	3
k141_221	1756	2922	-1	4
k141_221	3025	3993	-1	5
k141_221	3990	4811	-1	6
k141_221	4811	5488	-1	7
k141_221	5670	6098	1	8
k141_221	6102	7055	-1	9
k141_221	7230	8018	-1	10
k141_221	8025	9254	-1	11
k141_221	9286	9792	-1	12
k141_221	9857	10372	1	13
k141_221	10382	11254	-1	14
k141_221	11376	12695	1	15
k141_221	12905	13240	1	16
k141_221	13522	14544	1	17
k141_221	14534	15034	1	18
k141_221	15077	15991	1	19
k141_221	15984	17516	1	20
k141_221	17605	18786	1	21
k141_221	18860	19264	1	22
k141_221	19313	19621	1	23
k141_221	19545	20279	-1	24
k141_221	20276	20854	-1	25
k141_227	3	1694	-1	1
k141_227	1694	3568	-1	2
k141_227	3735	4730	1	3
k141_227	4834	5820	-1	4
k141_227	5932	6849	-1	5
k141_237	2	3490	1	1
k141_246	1	1290	1	1
k141_246	1326	1922	-1	2
k141_246	2286	2834	1	3
k141_246	2827	4299	1	4
k141_258	1	375	-1	1
k141_258	440	1405	-1	2
k141_258	1402	2394	-1	3
k141_258	2394	2636	-1	4
k141_271	181	1239	1	1
k141_271	1673	2353	1	2
k141_271	2444	5059	-1	3
k141_271	5298	5537	1	4
k141_271	5540	5767	-1	5
k141_271	5884	6579	1	6
k141_271	6576	6998	-1	7
k141_271	7017	7754	1	8
k141_279	2	685	-1	1
k141_279	794	2338	-1	2
k141_279	2425	4077	-1	3
k141_279	4070	4843	-1	4
k141_279	5126	5479	-1	5
k141_289	2	346	-1	1
k141_289	426	1349	-1	2
k141_289	1349	1528	-1	3
k141_289	1525	1809	-1	4
k141_289	1895	2194	-1	5
k141_289	2268	2546	-1	6
k141_289	2543	2809	-1	7
k141_289	2806	4308	-1	8
k141_289	4305	6332	-1	9
k141_289	6397	6729	-1	10
k141_289	6767	8179	-1	11
k141_289	8307	9191	1	12
k141_289	9274	9567	-1	13
k141_289	9835	10530	-1	14
k141_289	10527	11219	-1	15
k141_289	11216	11986	-1	16
k141_292	1	435	-1	1
k141_292	440	1372	-1	2
k141_292	1372	2274	-1	3
k141_292	2339	3589	-1	4
k141_292	3733	4500	-1	5
k141_292	4497	6068	-1	6
k141_292	6068	7081	-1	7
k141_292	7169	8533	-1	8
k141_292	8658	9422	1	9
k141_292	9426	11480	-1	10
k141_292	11644	13623	1	11
k141_292	13623	16925	1	12
k141_292	16976	18616	-1	13
k141_292	18759	19766	1	14
k141_292	19763	20779	1	15
k141_292	20776	21420	1	16
k141_292	21417	23087	1	17
k141_292	23087	24937	1	18
k141_292	24934	25455	1	19
k141_292	25578	25796	1	20
k141_292	25804	26391	1	21
k141_292	26388	26531	1	22
k141_298	1	627	1	1
k141_298	639	2474	1	2
k141_298	2471	4723	-1	3
k141_298	4749	5987	-1	4
k141_298	6113	6535	-1	5
k141_298	6638	7123	-1	6
k141_298	7236	8396	1	7
k141_298	8393	8938	1	8
k141_298	8899	10302	-1	9
k141_298	10408	13176	-1	10
k141_298	13389	15116	-1	11
k141_298	15313	16758	1	12
k141_298	16907	17938	1	13
k141_307	152	634	-1	1
k141_307	871	1527	-1	2
k141_307	1607	3586	-1	3
k141_307	3694	4692	-1	4
k141_307	4749	4964	1	5
k141_307	4961	5710	1	6
k141_307	5807	5974	1	7
k141_307	5971	6837	-1	8
k141_307	6843	7688	-1	9
k141_307	7723	8577	-1	10
k141_319	3	614	1	1
k141_319	611	1492	1	2
k141_319	1489	1917	1	3
k141_319	1917	5810	1	4
k141_319	5803	6513	1	5
k141_319	6596	7417	1	6
k141_319	7618	9015	-1	7
k141_319	9015	9269	-1	8
k141_319	9279	10664	-1	9
k141_319	10664	10897	-1	10
k141_348	1	1149	-1	1
k141_348	1130	1372	-1	2
k141_348	1369	1806	-1	3
k141_348	1809	2750	-1	4
k141_348	2806	3261	1	5
k141_348	3272	3691	-1	6
k141_348	3773	5047	-1	7
k141_348	5142	5774	-1	8
k141_348	5780	6091	-1	9
k141_348	6091	6426	-1	10
k141_348	6500	6817	-1	11
k141_354	1	129	1	1
k141_354	265	1242	1	2
k141_354	1276	1770	-1	3
k141_354	2043	2243	1	4
k141_354	2414	2947	1	5
k141_354	3049	3501	1	6
k141_357	600	1376	-1	1
k141_357	1955	2041	1	2
k141_358	2	1975	1	1
k141_358	2071	2733	1	2
k141_358	2799	2936	1	3
k141_368	3	377	1	1
k141_368	374	2071	1	2
k141_368	2170	3507	-1	3
k141_380	141	800	1	1
k141_380	778	2586	1	2
k141_380	2913	3446	1	3
k141_380	3450	3773	-1	4
k141_380	3889	4851	1	5
k141_380	4882	5295	1	6
k141_406	1	1218	-1	1
k141_406	1320	1475	-1	2
k141_406	1472	1711	-1	3
k141_406	1823	4375	1	4
k141_406	4689	5570	1	5
k141_406	5652	6629	1	6
k141_406	6716	8539	-1	7
k141_406	8643	9212	1	8
k141_406	9209	9898	1	9
k141_406	10061	10771	-1	10
k141_406	10782	11408	-1	11
k141_406	11477	11734	1	12
k141_406	11747	12307	-1	13
k141_406	12426	13934	-1	14
k141_406	14214	14789	1	15
k141_406	14792	15613	1	16
k141_406	15655	16554	-1	17
k141_406	16697	17668	-1	18
k141_406	17715	18065	1	19
k141_406	18125	18808	1	20
k141_407	3	398	-1	1
k141_407	649	2037	1	2
k141_407	2034	2741	1	3
k141_407	2824	3342	1	4
k141_407	3483	4061	1	5
k141_407	4058	4498	-1	6
k141_407	4495	4791	-1	7
k141_425	2	325	-1	1
k141_425	328	3132	-1	2
k141_425	3129	3782	-1	3
k141_425	3752	4006	-1	4
k141_439	2	127	-1	1
k141_439	156	1754	-1	2
k141_439	1754	2554	-1	3
k141_439	2632	3648	-1	4
k141_439	3865	4536	1	5
k141_439	4579	5424	1	6
k141_439	5464	6162	-1	7
k141_447	3	332	-1	1
k141_447	329	907	-1	2
k141_447	1082	1882	1	3
k141_447	2260	4668	1	4
k141_447	5538	5636	-1	5
k141_452	1	210	1	1
k141_452	320	1315	1	2
k141_452	1312	2163	1	3
k141_453	3	608	-1	1
k141_453	694	1830	-1	2
k141_453	1845	2759	-1	3
k141_453	2919	3839	1	4
k141_453	3853	4551	-1	5
k141_453	4567	4713	-1	6
k141_475	3	209	-1	1
k141_475	271	894	-1	2
k141_475	1082	1495	-1	3
k141_475	1653	2669	-1	4
k141_475	2789	3181	-1	5
k141_475	3197	3565	-1	6
k141_475	3734	4393	-1	7
k141_475	4390	5724	-1	8
k141_475	5851	6318	-1	9
k141_475	6543	6731	-1	10
k141_475	6750	7337	-1	11
k141_475	7350	7709	-1	12
k141_475	7721	8254	-1	13
k141_475	8265	8657	-1	14
k141_475	8671	8976	-1	15
k141_475	8988	9551	-1	16
k141_475	9551	9856	-1	17
k141_475	9856	10224	-1	18
k141_475	10333	10566	-1	19
k141_475	10570	10776	-1	20
k141_475	10930	11562	-1	21
k141_475	11704	12117	-1	22
k141_475	12130	12840	-1	23
k141_475	12840	13220	-1	24
k141_475	13224	13502	-1	25
k141_475	13506	14348	-1	26
k141_475	14453	14749	-1	27
k141_475	14746	15366	-1	28
k141_475	15369	16229	-1	29
k141_475	16243	16557	-1	30
k141_475	16695	16823	-1	31
k141_476	2	475	-1	1
k141_476	509	1255	1	2
k141_476	1252	1800	1	3
k141_476	1861	3231	1	4
k141_476	3488	4069	-1	5
k141_476	4124	5014	-1	6
k141_489	1	1053	1	1
k141_489	1067	2734	1	2
k141_489	2759	3847	1	3
k141_505	2	664	1	1
k141_505	661	1665	1	2
k141_505	1884	2162	1	3
k141_505	2389	3501	1	4
k141_505	3894	6425	-1	5
k141_505	6529	8040	1	6
k141_505	8033	8590	1	7
k141_505	8583	9698	1	8
k141_505	9695	10381	1	9
k141_505	10378	11169	1	10
k141_505	11173	12048	1	11
k141_505	12080	12373	1	12
k141_505	13907	14611	1	13
k141_505	14804	14908	1	14
k141_508	2	205	-1	1
k141_508	207	1499	-1	2
k141_517	3	809	-1	1
k141_517	806	1447	-1	2
k141_517	1444	2607	-1	3
k141_517	2639	3445	-1	4
k141_517	4953	5720	-1	5
k141_517	5720	6706	-1	6
k141_517	6817	7611	-1	7
k141_517	7623	8075	-1	8
k141_517	8354	9259	1	9
k141_517	9993	11369	1	10
k141_517	11401	12645	1	11
k141_517	12735	13862	1	12
k141_517	13985	15040	-1	13
k141_517	15054	15227	-1	14
k141_517	15203	16537	-1	15
k141_517	17257	17700	1	16
k141_517	17998	20505	-1	17
k141_517	20631	21062	1	18
k141_517	21082	25737	-1	19
k141_517	25903	27870	-1	20
k141_517	27987	28862	1	21
k141_517	28862	29938	1	22
k141_517	29948	30421	1	23
k141_517	30503	31000	1	24
k141_518	2	655	-1	1
k141_518	738	1181	1	2
k141_518	1178	1999	-1	3
k141_518	2140	2424	-1	4
k141_518	2572	2898	1	5
k141_518	2891	4186	-1	6
k141_518	4260	5474	1	7
k141_518	5653	6534	-1	8
k141_518	6605	7873	-1	9
k141_518	7936	10587	1	10
k141_518	10562	11188	-1	11
k141_518	11200	11268	-1	12
k141_521	1	822	1	1
k141_521	847	1257	-1	2
k141_521	1254	1859	-1	3
k141_521	1849	2709	-1	4
k141_521	2751	4490	1	5
k141_521	4487	5797	1	6
k141_521	5867	6331	1	7
k141_521	6328	7095	1	8
k141_521	7153	8331	1	9
k141_521	8328	8642	1	10
k141_521	8652	9140	-1	11
k141_521	9201	10445	1	12
k141_521	10595	11164	1	13
k141_521	11225	12037	-1	14
k141_521	12069	12815	-1	15
k141_521	12863	13591	1	16
k141_521	13588	14340	1	17
k141_521	14503	15453	1	18
k141_521	15502	16467	1	19
k141_521	16490	17350	1	20
k141_521	17501	17791	-1	21
k141_521	17812	18402	-1	22
k141_528	18	944	-1	1
k141_528	953	2692	-1	2
k141_528	2865	3362	-1	3
k141_528	3374	4090	-1	4
k141_528	4650	5423	1	5
k141_536	2	736	1	1
k141_536	736	1980	1	2
k141_536	1977	2624	1	3
k141_536	2621	3403	1	4
k141_536	3400	4560	1	5
k141_536	4590	4763	1	6
k141_538	3	698	1	1
k141_538	695	1459	-1	2
k141_538	1456	2373	-1	3
k141_538	2461	3246	-1	4
k141_542	2	2683	-1	1
k141_543	3	551	-1	1
k141_543	1037	1345	-1	2
k141_543	1350	1604	-1	3
k141_543	1691	2011	-1	4
k141_543	2333	2827	1	5
k141_545	3	149	-1	1
k141_545	248	1132	-1	2
k141_545	1392	1910	1	3
k141_545	1907	2020	-1	4
k141_552	2	415	1	1
k141_552	543	3047	-1	2
k141_552	3051	4253	-1	3
k141_552	4319	4870	-1	4
k141_552	4933	5934	1	5
k141_552	5934	7154	1	6
k141_552	7133	8200	-1	7
k141_553	2	1966	-1	1
k141_553	2090	2914	-1	2
k141_554	2	790	-1	1
k141_554	922	1212	-1	2
k141_554	1316	2374	-1	3
k141_554	2499	2927	1	4
k141_554	2924	3628	1	5
k141_554	3632	4366	1	6
k141_554	4341	5789	-1	7
k141_554	5878	6012	-1	8
k141_555	1	624	1	1
k141_555	765	1280	1	2
k141_555	1353	2381	1	3
k141_569	2	61	-1	1
k141_569	138	491	-1	2
k141_569	696	803	1	3
k141_569	1198	1692	1	4
k141_585	1	249	-1	1
k141_585	246	1115	-1	2
k141_585	1431	2852	1	3
k141_585	3001	3963	1	4
k141_585	4197	5390	1	5
k141_585	5387	5884	1	6
k141_585	5897	6778	1	7
k141_585	6812	7324	1	8
k141_585	7386	10346	1	9
k141_585	10351	11940	1	10
k141_585	11990	12382	1	11
k141_585	12382	12714	1	12
k141_585	12731	12991	1	13
k141_585	13000	13383	1	14
k141_585	13421	14809	1	15
k141_585	14853	15554	-1	16
k141_585	15654	16304	-1	17
k141_585	16337	17026	-1	18
k141_585	17179	17514	1	19
k141_585	17846	18481	1	20
k141_585	18561	19277	-1	21
k141_639	1	207	1	1
k141_639	204	371	1	2
k141_639	365	1219	1	3
k141_639	1333	3705	1	4
k141_639	3793	4908	-1	5
k141_639	4919	5914	-1	6
k141_639	6026	6478	-1	7
k141_639	6628	8001	-1	8
k141_639	8268	8705	1	9
k141_639	8734	9552	-1	10
k141_639	9687	10187	-1	11
k141_639	10184	10312	-1	12
k141_639	10326	10418	-1	13
k141_641	3	722	1	1
k141_641	710	1597	1	2
k141_641	1594	2928	1	3
k141_641	3107	4741	1	4
k141_641	4985	5905	1	5
k141_641	6002	6832	1	6
k141_641	6872	8521	1	7
k141_641	8543	9022	-1	8
k141_641	9019	10392	-1	9
k141_641	10486	12168	1	10
k141_641	12182	12523	-1	11
k141_641	12573	12668	-1	12
k141_651	174	389	-1	1
k141_651	513	1367	1	2
k141_651	1400	2359	-1	3
k141_651	2632	2997	1	4
k141_651	3061	3867	1	5
k141_651	3864	5207	1	6
k141_651	5271	5756	1	7
k141_655	2	184	1	1
k141_655	255	488	1	2
k141_655	663	968	1	3
k141_655	1102	1479	1	4
k141_655	1428	3065	1	5
k141_655	3172	3306	1	6
k141_666	2	829	1	1
k141_666	1042	1815	-1	2
k141_677	254	2563	-1	1
k141_677	2574	4127	-1	2
k141_677	4131	4319	-1	3
k141_677	4817	5023	1	4
k141_677	5046	5714	-1	5
k141_689	2	502	-1	1
k141_689	588	776	-1	2
k141_689	836	1033	-1	3
k141_689	1282	1479	-1	4
k141_689	1770	2615	1	5
k141_689	2608	4041	1	6
k141_689	4051	4788	-1	7
k141_689	4785	6095	-1	8
k141_689	6076	6510	-1	9
k141_691	1	726	-1	1
k141_691	928	1353	-1	2
k141_691	1413	2681	-1	3
k141_691	2926	3000	-1	4
k141_724	1	282	-1	1
k141_724	279	1355	-1	2
k141_724	1352	2125	-1	3
k141_724	2122	4203	-1	4
k141_724	4207	4932	-1	5
k141_724	5071	5187	-1	6
k141_727	2	1864	1	1
k141_727	1851	2180	1	2
k141_727	2254	2697	-1	3
k141_727	2700	2948	-1	4
k141_727	2945	3613	-1	5
k141_727	3669	5534	-1	6
k141_727	5850	6635	-1	7
k141_727	6655	7593	-1	8
k141_727	7597	7755	-1	9
k141_727	7759	8556	-1	10
k141_727	8800	11217	1	11
k141_727	11265	12083	1	12
k141_727	12091	13377	-1	13
k141_727	13393	14469	-1	14
k141_727	14640	15824	-1	15
k141_727	15834	16400	-1	16
k141_727	16397	16747	-1	17
k141_734	210	1589	-1	1
k141_734	1748	3169	-1	2
k141_734	3303	4064	1	3
k141_734	4117	4962	1	4
k141_734	5491	6111	-1	5
k141_734	6420	7829	1	6
k141_734	7832	8839	1	7
k141_734	8839	8931	1	8
k141_734	9007	10095	1	9
k141_734	10092	11015	1	10
k141_734	11012	11497	1	11
k141_736	2	1444	1	1
k141_736	1396	2046	-1	2
k141_736	2157	2846	1	3
k141_736	2843	4045	1	4
k141_736	4073	5200	-1	5
k141_736	5283	5738	-1	6
k141_736	5735	6190	-1	7
k141_736	6322	7344	1	8
k141_737	24	932	1	1
k141_737	932	1903	1	2
k141_737	2117	3409	1	3
k141_737	3556	4464	1	4
k141_737	4475	4903	1	5
k141_737	4893	5999	1	6
k141_737	6079	7413	-1	7
k141_737	7458	7796	-1	8
k141_737	8058	9461	1	9
k141_743	31	522	-1	1
k141_743	522	1382	-1	2
k141_743	1417	1980	-1	3
k141_743	1985	2845	-1	4
k141_751	458	1648	1	1
k141_751	1720	2736	-1	2
k141_751	3418	4953	-1	3
k141_751	5118	5969	-1	4
k141_751	5966	8206	-1	5
k141_751	8209	12426	-1	6
k141_751	12419	15163	-1	7
k141_751	15337	15960	1	8
k141_751	15950	16861	1	9
k141_751	16858	18291	1	10
k141_751	18281	18379	1	11
k141_754	740	1096	-1	1
k141_754	1195	2094	1	2
k141_754	2192	3661	1	3
k141_754	3658	4665	1	4
k141_754	4709	6268	1	5
k141_754	6340	8043	1	6
k141_754	8040	8684	1	7
k141_754	9423	9899	-1	8
k141_754	10070	10501	-1	9
k141_754	10887	11150	-1	10
k141_762	1	528	-1	1
k141_762	528	785	-1	2
k141_762	819	1565	-1	3
k141_762	1582	2400	1	4
k141_762	2459	3223	1	5
k141_766	1	1410	1	1
k141_766	1430	2167	1	2
k141_766	2125	2862	1	3
k141_766	3335	3733	1	4
k141_766	3815	3982	1	5
k141_766	4429	5205	-1	6
k141_766	5352	5567	-1	7
k141_767	1	387	1	1
k141_767	502	1209	1	2
k141_767	1209	1541	1	3
k141_767	1553	1918	1	4
k141_767	1930	3678	1	5
k141_767	3675	4643	1	6
k141_767	4640	5821	1	7
k141_767	5818	6483	1	8
k141_767	6548	8161	1	9
k141_767	8195	9349	1	10
k141_767	9346	10392	-1	11
k141_767	10423	11436	-1	12
k141_767	11423	12355	-1	13
k141_767	12359	13540	-1	14
k141_767	13546	13833	-1	15
k141_767	13977	14678	1	16
k141_767	15322	15969	1	17
k141_767	16039	17292	1	18
k141_767	17294	18226	1	19
k141_767	18230	18697	-1	20
k141_770	1	111	-1	1
k141_770	221	943	1	2
k141_770	1140	2528	1	3
k141_770	2590	4197	-1	4
k141_770	4194	5432	-1	5
k141_770	5434	6513	-1	6
k141_770	6524	8413	-1	7
k141_770	8612	9130	-1	8
k141_770	9163	10122	1	9
k141_770	10215	11603	1	10
k141_770	11600	11746	1	11
k141_777	2	721	-1	1
k141_777	774	1040	1	2
k141_777	1255	1602	1	3
k141_777	1599	2438	-1	4
k141_777	2435	3817	-1	5
k141_777	4052	4441	-1	6
k141_777	4574	5224	1	7
k141_777	5270	5743	1	8
k141_777	6064	7086	-1	9
k141_777	7140	8087	-1	10
k141_777	8311	8757	1	11
k141_777	8883	9470	1	12
k141_777	9540	9977	1	13
k141_777	10048	11082	1	14
k141_790	87	797	1	1
k141_790	923	4363	1	2
k141_790	4439	5185	1	3
k141_790	6193	7593	-1	4
k141_790	7614	9035	-1	5
k141_790	9032	9763	-1	6
k141_790	9993	10127	1	7
k141_790	10133	10540	1	8
k141_790	10537	10758	1	9
k141_790	10821	11651	1	10
k141_790	11752	13353	1	11
k141_790	13418	15235	1	12
k141_790	15232	15981	1	13
k141_790	15978	16631	1	14
k141_790	16650	17381	-1	15
k141_790	17456	18322	1	16
k141_790	18319	18963	1	17
k141_790	18960	19463	1	18
k141_790	19479	20282	-1	19
k141_790	20295	21617	-1	20
k141_790	21619	22836	-1	21
k141_790	22981	23997	-1	22
k141_790	24190	24897	-1	23
k141_790	24897	25580	-1	24
k141_790	25577	26623	-1	25
k141_790	26620	26997	-1	26
k141_790	27030	27176	-1	27
k141_791	1	75	1	1
k141_791	75	689	1	2
k141_791	686	1402	1	3
k141_791	1402	2244	1	4
k141_791	2244	3581	1	5
k141_791	3598	4647	-1	6
k141_791	4647	5111	-1	7
k141_791	5108	6298	-1	8
k141_791	6375	7253	-1	9
k141_791	7357	7893	1	10
k141_791	7890	8315	1	11
k141_801	1	375	1	1
k141_801	393	1079	-1	2
k141_801	1230	1412	1	3
k141_801	1447	1614	-1	4
k141_801	1611	2981	-1	5
k141_801	3328	4218	1	6
k141_801	4334	4444	1	7
k141_801	4456	5067	-1	8
k141_801	5081	6550	-1	9
k141_827	2	268	-1	1
k141_827	292	1284	-1	2
k141_827	1293	2609	-1	3
k141_827	2606	4876	-1	4
k141_827	4873	6567	-1	5
k141_827	6599	7576	-1	6
k141_828	3	137	1	1
k141_828	182	916	-1	2
k141_828	913	1896	-1	3
k141_828	1944	3671	-1	4
k141_828	3671	4228	-1	5
k141_828	4218	4370	-1	6
k141_828	4475	5302	1	7
k141_828	5377	5559	-1	8
k141_828	5652	6041	-1	9
k141_828	6132	6860	1	10
k141_828	6913	7767	-1	11
k141_828	7840	8025	-1	12
k141_828	8394	8828	1	13
k141_828	8830	9300	1	14
k141_828	9380	10903	1	15
k141_828	10900	12039	1	16
k141_828	12049	13395	1	17
k141_828	13451	13930	1	18
k141_828	14144	15130	-1	19
k141_828	15323	16432	-1	20
k141_828	16518	17411	-1	21
k141_828	17660	18493	-1	22
k141_828	18763	19368	-1	23
k141_828	19457	20863	-1	24
k141_828	21075	21542	-1	25
k141_833	3	401	-1	1
k141_833	398	835	-1	2
k141_833	832	1173	-1	3
k141_833	1289	2515	-1	4
k141_833	2484	2798	-1	5
k141_833	3031	3144	1	6
k141_833	3171	4019	-1	7
k141_833	4192	4710	1	8
k141_833	4727	5131	1	9
k141_835	2	91	1	1
k141_835	88	2379	-1	2
k141_835	2593	2709	1	3
k141_839	2	667	1	1
k141_839	664	780	1	2
k141_839	750	1412	1	3
k141_839	1409	1621	1	4
k141_839	1606	1911	1	5
k141_839	2090	5005	1	6
k141_839	5033	5869	1	7
k141_853	1	429	1	1
k141_853	441	1043	1	2
k141_853	1146	1631	1	3
k141_853	1652	2068	1	4
k141_853	2101	2430	1	5
k141_853	2467	3312	1	6
k141_853	3407	5101	1	7
k141_853	5130	6398	1	8
k141_853	6382	7710	1	9
k141_853	7848	8306	1	10
k141_853	8379	9293	-1	11
k141_853	9441	10619	1	12
k141_853	10624	11112	-1	13
k141_853	11096	11356	-1	14
k141_853	11457	11930	-1	15
k141_853	11927	12091	-1	16
k141_853	12212	13087	-1	17
k141_853	13212	14615	1	18
k141_853	14619	15704	-1	19
k141_853	15701	17470	-1	20
k141_853	17799	18653	1	21
k141_853	18683	19492	-1	22
k141_853	19602	21392	-1	23
k141_853	21560	21781	-1	24
k141_853	21793	22185	-1	25
k141_853	22237	23067	-1	26
k141_853	23144	23305	-1	27
k141_853	23375	23881	-1	28
k141_853	23916	24278	-1	29
k141_853	24316	24624	-1	30
k141_853	24716	26206	-1	31
k141_853	26484	27380	1	32
k141_853	27583	28005	1	33
k141_853	28274	28639	-1	34
k141_853	28842	29180	1	35
k141_853	29185	30030	1	36
k141_853	30084	30320	1	37
k141_853	30397	30978	1	38
k141_853	30975	31532	1	39
k141_853	31609	32379	-1	40
k141_853	32487	33146	-1	41
k141_853	33244	34113	-1	42
k141_853	34226	34870	1	43
k141_853	34867	35865	1	44
k141_853	35869	36687	-1	45
k141_853	36831	37895	1	46
k141_854	3	563	1	1
k141_854	976	1299	-1	2
k141_854	1658	2419	-1	3
k141_854	2429	3439	-1	4
k141_854	3436	4152	-1	5
k141_854	4145	4864	-1	6
k141_854	4861	5970	-1	7
k141_854	5980	6852	-1	8
k141_854	6932	8176	-1	9
k141_854	8221	8835	-1	10
k141_854	8832	9965	-1	11
k141_854	10360	11397	-1	12
k141_854	11400	12929	-1	13
k141_854	12953	13660	-1	14
k141_854	13788	15194	-1	15
k141_854	15361	16344	1	16
k141_854	16442	16930	1	17
k141_854	16943	18463	1	18
k141_854	18549	19817	-1	19
k141_854	19817	20821	-1	20
k141_870	2	2476	-1	1
k141_870	2597	3673	-1	2
k141_870	3818	6142	-1	3
k141_870	6218	7375	-1	4
k141_870	7544	8104	-1	5
k141_870	8163	8627	-1	6
k141_870	8733	12209	1	7
k141_870	12274	13011	1	8
k141_870	13008	13373	1	9
k141_870	13370	14158	-1	10
k141_870	14231	15151	-1	11
k141_870	15247	16113	1	12
k141_870	16133	17227	-1	13
k141_870	17214	19520	-1	14
k141_870	19597	20739	-1	15
k141_870	20983	21423	1	16
k141_870	21493	21810	-1	17
k141_870	22025	22588	1	18
k141_870	22624	23370	-1	19
k141_870	23441	24133	1	20
k141_870	24140	24658	-1	21
k141_879	1	1059	1	1
k141_879	1112	1867	1	2
k141_879	1858	2259	-1	3
k141_880	2	511	-1	1
k141_880	508	1308	-1	2
k141_880	1301	1906	-1	3
k141_880	1903	3768	-1	4
k141_880	3783	5069	-1	5
k141_880	5092	6363	-1	6
k141_880	6489	6941	-1	7
k141_880	7353	7916	1	8
k141_881	111	1130	1	1
k141_881	1127	1702	-1	2
k141_881	1730	1849	1	3
k141_881	1795	2235	-1	4
k141_888	2	751	-1	1
k141_888	977	2008	-1	2
k141_888	2156	2647	-1	3
k141_888	2691	3734	-1	4
k141_888	3853	4935	-1	5
k141_888	5125	5751	1	6
k141_895	330	1427	1	1
k141_895	1511	2620	1	2
k141_895	2692	2979	1	3
k141_895	2980	4695	1	4
k141_895	4707	5564	1	5
k141_895	5575	6504	-1	6
k141_895	6504	7301	-1	7
k141_895	7302	8102	-1	8
k141_895	8109	8426	-1	9
k141_911	3	266	1	1
k141_911	310	882	1	2
k141_911	922	1362	-1	3
k141_911	1428	2645	-1	4
k141_911	2701	2916	-1	5
k141_911	3090	3353	1	6
k141_911	3810	4826	1	7
k141_915	3	329	-1	1
k141_915	458	1213	-1	2
k141_915	1339	2817	1	3
k141_915	2834	3706	-1	4
k141_915	3703	3945	-1	5
k141_915	3942	4880	-1	6
k141_915	4877	5143	-1	7
k141_916	2	421	-1	1
k141_916	500	2776	-1	2
k141_916	2887	4680	1	3
k141_916	4715	4837	-1	4
k141_951	2	1594	-1	1
k141_951	1841	3079	1	2
k141_951	3080	3886	1	3
k141_951	3932	4573	-1	4
k141_955	3	455	-1	1
k141_955	467	1447	-1	2
k141_955	1447	1524	-1	3
k141_956	2	157	-1	1
k141_956	166	636	-1	2
k141_956	638	1333	-1	3
k141_956	1454	1840	-1	4
k141_956	1837	2463	-1	5
k141_956	2506	3531	-1	6
k141_956	3535	4212	-1	7
k141_956	4209	4703	-1	8
k141_956	4966	5169	1	9
k141_956	5186	6052	-1	10
k141_956	6122	7351	-1	11
k141_956	7817	8272	1	12
k141_956	8310	8588	-1	13
k141_956	8920	9573	1	14
k141_956	9585	10766	1	15
k141_956	10826	11338	1	16
k141_962	1	210	1	1
k141_962	218	1654	-1	2
k141_962	1668	2354	-1	3
k141_973	190	579	1	1
k141_973	602	1801	-1	2
k141_973	1927	2610	1	3
k141_973	2607	2885	1	4
k141_975	3	965	-1	1
k141_975	994	1734	-1	2
k141_975	1749	2882	-1	3
k141_993	1	603	1	1
k141_993	605	1213	1	2
k141_993	1270	1458	1	3
k141_993	1529	4510	1	4
k141_993	4524	5117	1	5
k141_993	5307	6557	1	6
k141_993	6554	7855	1	7
k141_993	7852	7980	1	8
k141_993	8004	8876	-1	9
k141_993	8948	10084	-1	10
k141_993	10175	11938	-1	11
k141_993	11935	12879	-1	12
k141_993	12884	14509	-1	13
k141_993	14539	15459	-1	14
k141_993	15459	16364	-1	15
k141_993	16361	16954	-1	16
k141_993	17001	18125	-1	17
k141_993	18365	19492	-1	18
k141_993	19596	20954	1	19
k141_993	21194	21544	-1	20
k141_993	21649	22407	-1	21
k141_993	22510	22758	1	22
k141_993	22876	23523	1	23
k141_993	23657	24364	1	24
k141_993	24427	24804	1	25
k141_993	24836	26056	-1	26
k141_993	26127	26771	-1	27
k141_993	26783	27145	-1	28
k141_993	27154	27435	-1	29
k141_993	27751	29061	-1	30
k141_993	29253	30911	-1	31
k141_993	31154	31768	-1	32
k141_993	31815	33185	-1	33
k141_993	33472	34185	-1	34
k141_993	34299	35021	1	35
k141_993	35129	35254	1	36
k141_1009	3	170	1	1
k141_1009	251	952	1	2
k141_1009	997	2505	1	3
k141_1009	2558	3142	-1	4
k141_1010	3	2189	1	1
k141_1010	2582	3103	1	2
k141_1010	3100	3264	1	3
k141_1021	3	473	-1	1
k141_1021	449	1471	-1	2
k141_1021	1468	1956	-1	3
k141_1021	1997	3607	-1	4
k141_1021	3698	5065	-1	5
k141_1021	5148	5798	1	6
k141_1021	5897	6451	1	7
k141_1021	6464	7063	-1	8
k141_1021	7216	8613	1	9
k141_1021	8743	10464	1	10
k141_1021	10586	11272	1	11
k141_1021	11265	12032	1	12
k141_1021	12058	12885	1	13
k141_1021	12917	13345	-1	14
k141_1021	13342	13614	-1	15
k141_1021	13619	14593	-1	16
k141_1021	14590	15678	-1	17
k141_1021	15738	16442	1	18
k141_1021	16528	18165	1	19
k141_1021	18176	19756	1	20
k141_1021	20060	20788	-1	21
k141_1021	20785	21951	-1	22
k141_1021	22191	23210	1	23
k141_1021	23283	24695	1	24
k141_1021	24695	25618	1	25
k141_1021	25615	26550	1	26
k141_1021	26547	27494	1	27
k141_1021	27525	27965	-1	28
k141_1021	28058	28489	1	29
k141_1021	28486	28731	1	30
k141_1021	28745	29512	1	31
k141_1021	29466	29981	-1	32
k141_1021	30117	32333	1	33
k141_1021	32330	32506	1	34
k141_1021	32503	33855	1	35
k141_1041	2	1309	1	1
k141_1041	1431	1634	1	2
k141_1048	1	333	-1	1
k141_1048	417	1181	1	2
k141_1048	1183	1713	1	3
k141_1054	1	1371	-1	1
k141_1054	1808	3157	-1	2
k141_1054	3163	4332	-1	3
k141_1054	4329	5117	-1	4
k141_1054	5114	5833	-1	5
k141_1054	5859	6425	-1	6
k141_1054	6582	7319	-1	7
k141_1054	7358	8323	1	8
k141_1054	8441	9328	1	9
k141_1085	1	513	-1	1
k141_1085	622	1632	1	2
k141_1085	1648	2520	1	3
k141_1085	2532	4541	1	4
k141_1085	4538	5539	1	5
k141_1085	5757	5918	1	6
k141_1085	5906	6412	-1	7
k141_1085	6475	7401	-1	8
k141_1092	3	125	1	1
k141_1092	320	1666	-1	2
k141_1092	1683	3857	-1	3
k141_1092	3857	4663	-1	4
k141_1092	5351	6775	-1	5
k141_1092	6779	6958	-1	6
k141_1092	7031	7447	1	7
k141_1092	7908	8078	-1	8
k141_1122	1	120	-1	1
k141_1122	190	1134	-1	2
k141_1122	1245	1391	-1	3
k141_1122	1492	1773	1	4
k141_1124	2	361	1	1
k141_1124	464	4705	1	2
k141_1124	4901	5779	1	3
k141_1124	6112	6483	1	4
k141_1124	6498	6968	1	5
k141_1124	6995	7849	1	6
k141_1127	56	2077	1	1
k141_1128	1	90	1	1
k141_1128	122	820	1	2
k141_1128	903	2123	-1	3
k141_1128	2116	2718	-1	4
k141_1128	2715	3209	-1	5
k141_1128	3211	4497	-1	6
k141_1128	4497	5252	-1	7
k141_1128	5321	5671	-1	8
k141_1128	5702	7222	-1	9
k141_1128	7236	8282	-1	10
k141_1128	8290	8751	-1	11
k141_1134	1	417	-1	1
k141_1134	456	1037	-1	2
k141_1134	1037	1978	-1	3
k141_1134	2107	3057	-1	4
k141_1134	3141	4151	-1	5
k141_1134	4153	4557	-1	6
k141_1136	2	148	1	1
k141_1136	326	2245	1	2
k141_1138	1	1260	1	1
k141_1138	1257	2405	1	2
k141_1138	2402	3526	1	3
k141_1138	3523	4611	1	4
k141_1138	4608	5705	1	5
k141_1138	5719	6741	1	6
k141_1138	6738	7505	1	7
k141_1138	7587	8246	1	8
k141_1155	2	82	-1	1
k141_1155	109	351	-1	2
k141_1155	913	1278	1	3
k141_1155	1275	2657	1	4
k141_1155	2654	2932	1	5
k141_1155	2938	5010	1	6
k141_1155	5176	5439	1	7
k141_1155	5453	6508	1	8
k141_1155	6819	7241	-1	9
k141_1155	7446	7883	-1	10
k141_1155	7912	9105	-1	11
k141_1155	9223	10863	-1	12
k141_1155	11076	12059	-1	13
k141_1155	12056	13942	-1	14
k141_1155	13939	14886	-1	15
k141_1155	14941	16512	-1	16
k141_1155	16614	17279	1	17
k141_1155	17302	18069	-1	18
k141_1155	18369	18542	-1	19
k141_1155	18539	19417	-1	20
k141_1156	3	1886	-1	1
k141_1166	2	151	-1	1
k141_1166	148	1365	-1	2
k141_1166	1471	2187	1	3
k141_1166	2450	3451	-1	4
k141_1166	4046	4339	-1	5
k141_1168	3	1592	-1	1
k141_1168	1589	2680	-1	2
k141_1168	2697	3767	-1	3
k141_1168	3764	4093	-1	4
k141_1168	4243	5802	1	5
k141_1168	5846	6541	-1	6
k141_1168	6685	7596	-1	7
k141_1168	8981	9649	-1	8
k141_1168	9646	10878	-1	9
k141_1169	218	2269	-1	1
k141_1169	2283	3794	-1	2
k141_1169	3794	4000	-1	3
k141_1169	4000	5994	-1	4
k141_1169	5945	6502	-1	5
k141_1169	6613	6885	1	6
k141_1169	6981	7499	1	7
k141_1169	7554	7751	-1	8
k141_1169	7796	8011	-1	9
k141_1169	8008	8466	-1	10
k141_1169	8463	8876	-1	11
k141_1169	9503	10840	-1	12
k141_1169	11301	11729	-1	13
k141_1171	3	326	-1	1
k141_1171	599	1507	-1	2
k141_1171	1666	5097	1	3
k141_1171	5188	5997	1	4
k141_1171	6053	7081	1	5
k141_1171	7138	7521	1	6
k141_1178	3	590	1	1
k141_1178	698	1747	1	2
k141_1178	1744	2589	1	3
k141_1178	2806	3453	1	4
k141_1178	3844	4038	1	5
k141_1178	4051	7188	1	6
k141_1178	7199	7795	1	7
k141_1178	7792	9033	1	8
k141_1178	9030	9191	1	9
k141_1178	9341	9700	1	10
k141_1178	9691	10605	1	11
k141_1178	10602	11507	1	12
k141_1178	11504	12490	1	13
k141_1178	12487	12792	1	14
k141_1178	12789	14630	1	15
k141_1178	14638	16101	1	16
k141_1178	16103	17521	1	17
k141_1178	17527	18366	-1	18
k141_1178	18363	19337	-1	19
k141_1178	19334	20530	-1	20
k141_1178	20563	22677	-1	21
k141_1178	22677	23771	-1	22
k141_1178	23768	24913	-1	23
k141_1178	25029	26495	1	24
k141_1178	26512	26970	1	25
k141_1178	26981	27562	-1	26
k141_1178	27600	28235	-1	27
k141_1178	28232	30082	-1	28
k141_1178	30137	31009	-1	29
k141_1178	31087	33546	1	30
k141_1178	33571	34461	-1	31
k141_1178	34458	35369	-1	32
k141_1178	35366	35854	-1	33
k141_1178	35876	36088	-1	34
k141_1178	36324	37013	1	35
k141_1178	37362	37520	1	36
k141_1178	37492	37896	1	37
k141_1178	37965	38492	1	38
k141_1178	38565	38987	-1	39
k141_1178	39132	39632	-1	40
k141_1178	39637	40443	-1	41
k141_1178	40551	41153	1	42
k141_1178	41271	41795	1	43
k141_1178	41801	42250	1	44
k141_1178	42506	42994	-1	45
k141_1178	43163	43540	-1	46
k141_1178	43707	44015	-1	47
k141_1178	44119	44340	1	48
k141_1179	2	283	1	1
k141_1179	658	1923	-1	2
k141_1179	1993	3552	1	3
k141_1179	3547	4521	-1	4
k141_1183	1	486	1	1
k141_1183	524	1345	-1	2
k141_1183	1338	2336	-1	3
k141_1183	2478	2993	1	4
k141_1183	3003	5909	1	5
k141_1183	5960	6172	1	6
k141_1184	72	806	1	1
k141_1184	887	2089	-1	2
k141_1184	2079	2762	-1	3
k141_1210	2	73	1	1
k141_1210	70	885	1	2
k141_1210	1003	1740	1	3
k141_1210	1737	2723	-1	4
k141_1210	2857	3366	1	5
k141_1210	3411	4319	1	6
k141_1210	4398	4745	1	7
k141_1210	4790	5098	-1	8
k141_1210	5188	5448	1	9
k141_1210	5472	7496	-1	10
k141_1210	7619	9223	1	11
k141_1210	9357	9773	1	12
k141_1210	9980	10174	1	13
k141_1210	10443	10649	1	14
k141_1210	10718	11347	-1	15
k141_1210	11670	12770	1	16
k141_1210	12856	14160	1	17
k141_1210	14164	15519	1	18
k141_1210	15636	16592	1	19
k141_1210	16606	17079	1	20
k141_1210	17079	18131	1	21
k141_1210	18170	18769	-1	22
k141_1210	18835	19893	1	23
k141_1210	19959	21080	1	24
k141_1210	21101	21451	-1	25
k141_1210	21554	21985	-1	26
k141_1210	22038	23462	-1	27
k141_1210	23478	24368	-1	28
k141_1210	24383	25606	-1	29
k141_1212	2	112	1	1
k141_1212	109	891	1	2
k141_1212	977	1210	-1	3
k141_1212	1389	1841	1	4
k141_1216	1	78	-1	1
k141_1216	583	1026	-1	2
k141_1216	1108	1338	-1	3
k141_1216	1827	2039	1	4
k141_1216	2036	2569	1	5
k141_1216	2554	3837	-1	6
k141_1216	3950	4444	-1	7
k141_1216	4499	4720	-1	8
k141_1216	4790	5098	-1	9
k141_1216	5418	5774	-1	10
k141_1216	5785	6468	-1	11
k141_1216	6465	7034	-1	12
k141_1219	1	2655	-1	1
k141_1219	2669	3847	-1	2
k141_1219	3971	5323	-1	3
k141_1219	5372	6631	1	4
k141_1219	6697	7578	1	5
k141_1219	7548	8564	-1	6
k141_1219	8736	9263	1	7
k141_1219	9379	10560	1	8
k141_1219	10557	11579	-1	9
k141_1219	11664	12497	-1	10
k141_1219	12584	13411	1	11
k141_1219	13552	13806	1	12
k141_1219	13892	14218	1	13
k141_1219	14290	15447	1	14
k141_1219	15448	16089	1	15
k141_1219	16086	16550	1	16
k141_1220	3	416	-1	1
k141_1220	517	1800	-1	2
k141_1220	1875	2060	1	3
k141_1220	2076	3128	-1	4
k141_1236	1	1167	1	1
k141_1236	1264	2241	1	2
k141_1236	2258	2374	1	3
k141_1239	57	3353	1	1
k141_1239	3357	4412	1	2
k141_1239	4414	5142	-1	3
k141_1240	1	543	1	1
k141_1240	555	932	1	2
k141_1240	962	1903	-1	3
k141_1243	22	1248	-1	1
k141_1243	1383	1595	1	2
k141_1243	1724	2635	1	3
k141_1248	2	616	1	1
k141_1248	887	1405	1	2
k141_1248	1466	1849	1	3
k141_1248	2090	2362	1	4
k141_1259	2	205	1	1
k141_1259	209	607	-1	2
k141_1259	588	854	-1	3
k141_1259	1310	4981	1	4
k141_1259	5111	5647	-1	5
k141_1259	5896	6459	-1	6
k141_1259	6676	8430	-1	7
k141_1259	8749	11109	-1	8
k141_1259	11125	12012	-1	9
k141_1259	12114	13199	-1	10
k141_1259	13454	15097	1	11
k141_1259	15067	15501	-1	12
k141_1259	15498	16328	-1	13
k141_1259	16408	16869	-1	14
k141_1259	16939	17349	-1	15
k141_1259	17443	17922	-1	16
k141_1259	18014	20800	1	17
k141_1259	20830	21114	1	18
k141_1259	21192	21833	-1	19
k141_1259	21927	23732	-1	20
k141_1259	23928	24083	1	21
k141_1259	24272	25465	1	22
k141_1259	25462	26007	1	23
k141_1259	26053	26349	1	24
k141_1274	3	500	1	1
k141_1274	526	957	-1	2
k141_1274	1114	2409	1	3
k141_1274	2480	3436	1	4
k141_1274	3514	4476	1	5
k141_1274	4503	4952	-1	6
k141_1274	4981	5760	-1	7
k141_1274	5793	6440	-1	8
k141_1274	6468	8588	-1	9
k141_1274	8619	8978	-1	10
k141_1274	9082	9675	-1	11
k141_1274	9772	10359	1	12
k141_1274	10411	10848	1	13
k141_1274	10908	11783	1	14
k141_1276	1	426	-1	1
k141_1276	532	1269	-1	2
k141_1276	1358	2167	-1	3
k141_1276	2164	3462	-1	4
k141_1276	3685	4236	1	5
k141_1276	4233	4901	1	6
k141_1276	4917	6341	-1	7
k141_1276	6410	8275	-1	8
k141_1276	8340	9734	-1	9
k141_1276	9731	11164	-1	10
k141_1276	11299	11823	-1	11
k141_1276	11877	12347	-1	12
k141_1276	12351	13934	-1	13
k141_1276	13954	15291	-1	14
k141_1283	2	1840	-1	1
k141_1283	2019	2303	1	2
k141_1283	2300	3355	-1	3
k141_1283	3457	4842	-1	4
k141_1283	5095	5874	-1	5
k141_1283	5989	7599	1	6
k141_1283	7809	9323	1	7
k141_1283	9352	9966	1	8
k141_1283	10007	10432	-1	9
k141_1283	10464	12128	-1	10
k141_1283	12125	12901	-1	11
k141_1283	12911	13657	-1	12
k141_1283	13647	13871	-1	13
k141_1288	2	805	-1	1
k141_1288	959	3661	-1	2
k141_1288	3829	4716	1	3
k141_1288	4740	5393	1	4
k141_1297	146	979	1	1
k141_1297	1021	2439	1	2
k141_1297	2458	2997	-1	3
k141_1297	3065	3175	-1	4
k141_1297	3289	3471	1	5
k141_1297	3491	3913	-1	6
k141_1297	3910	4785	-1	7
k141_1297	4951	6567	1	8
k141_1297	6629	7363	-1	9
k141_1297	7407	8018	-1	10
k141_1297	8080	8652	1	11
k141_1297	8598	9449	1	12
k141_1297	9571	10110	1	13
k141_1297	10094	11497	-1	14
k141_1297	11586	12881	-1	15
k141_1297	12960	14357	-1	16
k141_1297	14436	16499	1	17
k141_1297	16493	17182	-1	18
k141_1297	17282	18454	-1	19
k141_1297	18451	18930	-1	20
k141_1297	18930	19730	-1	21
k141_1297	19796	21049	-1	22
k141_1297	21119	22234	1	23
k141_1297	22479	22910	-1	24
k141_1297	23372	25036	1	25
k141_1297	25046	26149	1	26
k141_1297	26180	26446	1	27
k141_1297	26443	26781	1	28
k141_1305	1	510	-1	1
k141_1305	512	1903	-1	2
k141_1305	1950	3458	1	3
k141_1323	1	279	-1	1
k141_1323	627	887	-1	2
k141_1323	1171	2187	-1	3
k141_1323	2321	2821	-1	4
k141_1323	3086	3856	1	5
k141_1323	4493	6958	1	6
k141_1323	7125	7853	-1	7
k141_1323	7979	8281	-1	8
k141_1323	8591	8758	1	9
k141_1323	8755	9531	1	10
k141_1334	2	1888	1	1
k141_1334	1892	2668	1	2
k141_1334	2685	3137	1	3
k141_1334	3145	3720	-1	4
k141_1336	2	253	1	1
k141_1336	347	1477	1	2
k141_1336	1498	2598	1	3
k141_1340	3	677	1	1
k141_1340	674	1735	1	2
k141_1340	1732	2490	1	3
k141_1340	2647	2790	1	4
k141_1340	3068	3877	1	5
k141_1340	3898	4398	-1	6
k141_1340	4601	5200	1	7
k141_1345	1	159	-1	1
k141_1345	159	893	-1	2
k141_1345	890	1375	-1	3
k141_1345	1480	2382	1	4
k141_1345	2379	3404	-1	5
k141_1345	3409	4569	-1	6
k141_1345	4578	5033	-1	7
k141_1357	3	386	-1	1
k141_1357	493	2745	-1	2
k141_1357	2747	4486	-1	3
k141_1357	4635	6053	1	4
k141_1370	65	1987	1	1
k141_1370	2079	3425	1	2
k141_1370	3412	4188	1	3
k141_1370	4256	4501	1	4
k141_1370	4555	5625	1	5
k141_1370	5625	6608	1	6
k141_1370	6605	7735	-1	7
k141_1370	7862	8020	1	8
k141_1373	3	3827	-1	1
k141_1373	3824	4327	-1	2
k141_1415	1	537	-1	1
k141_1415	664	1275	-1	2
k141_1415	1305	1955	-1	3
k141_1415	1959	3212	-1	4
k141_1415	3209	4048	-1	5
k141_1415	4797	5687	-1	6
k141_1415	6167	6535	-1	7
k141_1415	6674	8215	-1	8
k141_1415	8288	9514	-1	9
k141_1423	93	3548	1	1
k141_1423	3732	3836	-1	2
k141_1448	3	839	-1	1
k141_1448	949	1569	-1	2
k141_1457	3	878	-1	1
k141_1457	841	1899	-1	2
k141_1457	1926	2150	-1	3
k141_1457	2217	3338	1	4
k141_1457	3335	3841	1	5
k141_1457	4011	4091	1	6
k141_1458	59	805	-1	1
k141_1458	805	1767	-1	2
k141_1458	1764	2441	-1	3
k141_1458	2622	3587	1	4
k141_1458	3625	6150	-1	5
k141_1458	6187	7497	-1	6
k141_1458	7520	7648	-1	7
k141_1458	7787	9811	1	8
k141_1458	9949	10377	1	9
k141_1460	2	550	-1	1
k141_1460	547	1029	-1	2
k141_1460	1222	3069	1	3
k141_1460	3258	4202	-1	4
k141_1461	390	1124	-1	1
k141_1461	1551	3095	1	2
k141_1461	3089	3694	1	3
k141_1461	3691	4587	1	4
k141_1461	4598	5275	1	5
k141_1461	5360	6178	1	6
k141_1461	6235	6744	1	7
k141_1461	6975	8456	1	8
k141_1461	8470	8808	1	9
k141_1477	3	1706	1	1
k141_1477	1703	3211	1	2
k141_1477	3438	3644	1	3
k141_1477	3754	4782	-1	4
k141_1477	5296	6324	-1	5
k141_1477	6326	8362	-1	6
k141_1477	8491	9141	1	7
k141_1477	9492	9596	-1	8
k141_1478	1	510	-1	1
k141_1478	774	2123	-1	2
k141_1491	2	988	-1	1
k141_1491	1022	1894	1	2
k141_1491	1953	2363	1	3
k141_1491	2391	2492	1	4
k141_1493	3	791	-1	1
k141_1493	1042	2697	1	2
k141_1493	2694	3215	1	3
k141_1493	3218	3775	1	4
k141_1493	3776	4258	-1	5
k141_1493	4375	4680	1	6
k141_1493	4701	5990	-1	7
k141_1493	6085	6663	-1	8
k141_1493	6660	7943	-1	9
k141_1493	8140	10314	1	10
k141_1495	2	274	-1	1
k141_1495	271	972	-1	2
k141_1495	992	2059	-1	3
k141_1495	2061	2255	-1	4
k141_1495	2270	3070	1	5
k141_1495	3084	3512	-1	6
k141_1506	1	1071	-1	1
k141_1506	1166	2329	-1	2
k141_1506	2414	3295	-1	3
k141_1515	2	223	-1	1
k141_1515	287	1543	-1	2
k141_1515	1545	2672	-1	3
k141_1515	2698	3669	-1	4
k141_1515	3673	4866	-1	5
k141_1515	4889	5752	-1	6
k141_1515	5752	5991	-1	7
k141_1515	6068	6892	-1	8
k141_1515	6975	7754	-1	9
k141_1515	7829	8278	1	10
k141_1515	8294	8722	-1	11
k141_1527	2	799	-1	1
k141_1527	796	1560	-1	2
k141_1527	1557	2603	-1	3
k141_1527	2610	3941	-1	4
k141_1527	4014	4541	-1	5
k141_1527	4639	5790	-1	6
k141_1527	5790	6815	-1	7
k141_1527	6896	8119	-1	8
k141_1527	8198	9250	-1	9
k141_1527	9364	9681	1	10
k141_1528	1	114	1	1
k141_1528	294	917	1	2
k141_1528	920	2551	1	3
k141_1528	2582	3199	1	4
k141_1528	3196	5694	1	5
k141_1528	5828	5965	-1	6
k141_1528	6117	6527	-1	7
k141_1528	6524	7228	-1	8
k141_1529	2	2518	1	1
k141_1529	2624	3751	1	2
k141_1529	3761	4093	-1	3
k141_1529	4137	5024	-1	4
k141_1529	5066	6277	-1	5
k141_1529	6449	8671	1	6
k141_1529	8733	9386	-1	7
k141_1536	3	68	1	1
k141_1536	229	1053	1	2
k141_1536	1191	3209	-1	3
k141_1536	3402	3905	1	4
k141_1536	3898	4296	1	5
k141_1536	4424	5296	1	6
k141_1536	5296	6102	1	7
k141_1536	6099	7172	1	8
k141_1536	7262	7573	1	9
k141_1536	7580	8578	-1	10
k141_1536	8675	9784	1	11
k141_1536	9797	10411	-1	12
k141_1536	10404	11270	-1	13
k141_1536	11341	12291	-1	14
k141_1536	12299	13216	-1	15
k141_1547	3	314	-1	1
k141_1547	587	1852	-1	2
k141_1547	2024	2323	1	3
k141_1547	2408	2701	1	4
k141_1547	2688	2894	1	5
k141_1547	2895	3272	1	6
k141_1547	3448	3678	1	7
k141_1547	3855	4133	1	8
k141_1547	4278	7586	1	9
k141_1549	3	197	1	1
k141_1549	152	664	-1	2
k141_1549	670	2154	-1	3
k141_1549	2151	2888	-1	4
k141_1551	1	1053	-1	1
k141_1551	1262	2203	1	2
k141_1551	2225	2491	-1	3
k141_1551	2488	2748	-1	4
k141_1551	2846	4879	1	5
k141_1551	4978	6081	1	6
k141_1551	6131	8557	-1	7
k141_1551	8554	9432	-1	8
k141_1551	9556	10056	1	9
k141_1551	10264	11514	1	10
k141_1551	11577	11774	1	11
k141_1559	2	352	-1	1
k141_1559	349	1062	-1	2
k141_1559	1183	2190	1	3
k141_1564	1	714	1	1
k141_1564	768	1607	-1	2
k141_1564	1604	2650	-1	3
k141_1564	2647	2898	-1	4
k141_1564	2954	4348	-1	5
k141_1564	4425	5000	-1	6
k141_1564	5090	6367	-1	7
k141_1564	6540	7514	1	8
k141_1564	7659	8972	1	9
k141_1564	9101	9973	1	10
k141_1564	10026	10856	1	11
k141_1564	10867	11871	1	12
k141_1564	11868	12635	1	13
k141_1564	12689	14164	1	14
k141_1564	14148	15440	-1	15
k141_1564	15455	16942	-1	16
k141_1564	17041	18000	-1	17
k141_1566	3	182	-1	1
k141_1566	389	1132	1	2
k141_1566	1129	1959	-1	3
k141_1566	2172	3845	1	4
k141_1566	3939	4385	1	5
k141_1566	4382	4888	1	6
k141_1566	4900	5658	-1	7
k141_1566	5655	6563	-1	8
k141_1566	6719	7696	1	9
k141_1566	7763	8251	1	10
k141_1566	8248	9372	1	11
k141_1568	1	1998	1	1
k141_1568	2070	2984	1	2
k141_1568	3022	3450	-1	3
k141_1568	3641	3841	1	4
k141_1568	3963	6014	1	5
k141_1568	6179	7711	1	6
k141_1568	7708	8133	1	7
k141_1568	8351	8497	1	8
k141_1568	8564	8935	1	9
k141_1568	9255	9464	1	10
k141_1568	9594	11645	1	11
k141_1568	11642	12319	1	12
k141_1568	12406	12882	-1	13
k141_1568	12978	15098	1	14
k141_1569	3	350	-1	1
k141_1569	364	1884	-1	2
k141_1569	2289	2957	1	3
k141_1569	3004	3858	-1	4
k141_1572	82	294	1	1
k141_1572	365	1438	1	2
k141_1572	1492	1578	1	3
k141_1578	3	1763	-1	1
k141_1578	1879	3063	1	2
k141_1578	3191	4171	1	3
k141_1578	4292	4915	1	4
k141_1578	4915	6195	1	5
k141_1578	6202	6978	1	6
k141_1578	6963	8192	1	7
k141_1578	8189	8473	-1	8
k141_1583	1	510	-1	1
k141_1583	510	1769	-1	2
k141_1583	1774	2373	-1	3
k141_1584	3	134	-1	1
k141_1584	173	607	-1	2
k141_1584	757	1905	1	3
k141_1587	44	1024	-1	1
k141_1587	1127	1792	1	2
k141_1587	1918	3687	1	3
k141_1593	73	1320	-1	1
k141_1593	1317	2213	-1	2
k141_1593	2161	2691	-1	3
k141_1593	2772	4115	-1	4
k141_1593	4259	4960	-1	5
k141_1596	3	488	-1	1
k141_1596	490	1473	-1	2
k141_1596	1490	2383	-1	3
k141_1596	2553	3347	-1	4
k141_1596	3347	4144	-1	5
k141_1596	4286	5107	1	6
k141_1596	5104	5724	1	7
k141_1596	5721	6356	-1	8
k141_1596	6567	7553	1	9
k141_1603	3	161	-1	1
k141_1603	180	632	-1	2
k141_1603	709	1266	1	3
k141_1603	1412	1618	1	4
k141_1603	1639	2739	1	5
k141_1603	2736	3707	1	6
k141_1603	3802	4104	1	7
k141_1603	4109	4882	1	8
k141_1603	5046	6122	1	9
k141_1603	6137	6349	-1	10
k141_1603	6406	7035	-1	11
k141_1603	7025	7813	-1	12
k141_1603	7806	8813	-1	13
k141_1603	8820	9926	-1	14
k141_1603	10017	11741	-1	15
k141_1605	3	1340	-1	1
k141_1605	1672	1821	1	2
k141_1613	1	279	1	1
k141_1613	279	1679	1	2
k141_1613	1715	2179	-1	3
k141_1613	2224	2802	-1	4
k141_1613	3034	3279	-1	5
k141_1618	2	427	-1	1
k141_1618	496	975	-1	2
k141_1618	1033	1620	-1	3
k141_1618	1985	2710	1	4
k141_1618	2721	5375	1	5
k141_1618	5403	6626	1	6
k141_1625	1	897	-1	1
k141_1625	926	1120	-1	2
k141_1625	1156	1545	-1	3
k141_1625	1634	1936	1	4
k141_1625	2459	2719	1	5
k141_1625	3513	4037	1	6
k141_1625	4070	4192	1	7
k141_1625	4171	5661	-1	8
k141_1625	6036	6290	1	9
k141_1625	6287	7342	-1	10
k141_1625	7982	8290	-1	11
k141_1625	8295	8549	-1	12
k141_1625	8783	9187	1	13
k141_1625	9226	9708	-1	14
k141_1630	2	877	1	1
k141_1630	900	1868	-1	2
k141_1630	1998	2891	1	3
k141_1630	2900	3667	-1	4
k141_1630	3697	4662	-1	5
k141_1630	4775	4957	-1	6
k141_1645	2	601	-1	1
k141_1645	1140	1421	1	2
k141_1645	1437	1730	1	3
k141_1645	1804	2478	1	4
k141_1645	2934	3611	-1	5
k141_1645	4054	4260	-1	6
k141_1649	3	710	-1	1
k141_1649	828	1502	-1	2
k141_1649	1499	2371	-1	3
k141_1649	2377	3198	-1	4
k141_1652	3	224	1	1
k141_1652	338	820	1	2
k141_1652	859	1188	-1	3
k141_1652	1185	1943	-1	4
k141_1652	2036	2482	1	5
k141_1652	2495	3802	-1	6
k141_1652	3931	4350	1	7
k141_1652	4435	5034	1	8
k141_1652	5172	8036	1	9
k141_1652	8040	8369	-1	10
k141_1652	8472	9251	-1	11
k141_1652	9333	9497	-1	12
k141_1652	9674	10006	-1	13
k141_1652	10080	11261	1	14
k141_1652	11349	12338	1	15
k141_1652	12373	14166	1	16
k141_1652	14732	14896	-1	17
k141_1654	1	600	-1	1
k141_1654	597	836	-1	2
k141_1654	1114	1314	-1	3
k141_1654	1663	1905	1	4
k141_1654	1905	2630	1	5
k141_1654	2788	3585	-1	6
k141_1664	2	781	1	1
k141_1664	778	1401	-1	2
k141_1664	1444	1671	-1	3
k141_1673	1	384	1	1
k141_1673	1108	2109	-1	2
k141_1673	2174	3013	-1	3
k141_1673	3010	3396	-1	4
k141_1685	1	522	1	1
k141_1685	528	1070	1	2
k141_1685	1156	2622	1	3
k141_1685	2626	2856	1	4
k141_1686	1	180	1	1
k141_1686	177	1142	-1	2
k141_1686	1172	2473	-1	3
k141_1686	2677	4095	1	4
k141_1686	4099	4677	1	5
k141_1692	1	825	-1	1
k141_1692	822	2246	-1	2
k141_1692	2280	3587	-1	3
k141_1692	3693	5552	-1	4
k141_1692	5669	6412	1	5
k141_1692	6438	7223	1	6
k141_1692	7220	7888	1	7
k141_1692	7885	8646	1	8
k141_1692	8713	9321	1	9
k141_1692	9333	10010	-1	10
k141_1692	10033	10809	-1	11
k141_1701	2	658	-1	1
k141_1701	1144	1506	-1	2
k141_1701	1580	1720	1	3
k141_1741	3	1208	1	1
k141_1741	1324	2139	-1	2
k141_1741	2244	2636	1	3
k141_1741	2638	3372	1	4
k141_1741	3454	4359	1	5
k141_1741	4387	4791	-1	6
k141_1741	5313	5582	1	7
k141_1741	5711	5926	1	8
k141_1741	6155	8287	1	9
k141_1741	8389	9024	-1	10
k141_1741	9074	10423	-1	11
k141_1741	10513	12333	-1	12
k141_1758	3	347	1	1
k141_1758	352	1005	1	2
k141_1758	972	1364	-1	3
k141_1758	1361	1825	-1	4
k141_1758	1822	2205	-1	5
k141_1758	2325	2717	-1	6
k141_1758	2829	4088	-1	7
k141_1758	4212	4853	-1	8
k141_1758	5075	5170	-1	9
k141_1759	1	498	-1	1
k141_1759	618	881	1	2
k141_1759	886	1557	-1	3
k141_1759	1615	2676	-1	4
k141_1759	2802	4145	-1	5
k141_1765	3	68	1	1
k141_1765	215	1144	1	2
k141_1765	1144	1761	1	3
k141_1768	2	388	-1	1
k141_1768	388	789	-1	2
k141_1768	777	1178	-1	3
k141_1768	1183	1890	-1	4
k141_1768	2141	2917	-1	5
k141_1768	3034	4230	-1	6
k141_1768	4420	4584	1	7
k141_1768	4855	5859	-1	8
k141_1768	6000	7370	1	9
k141_1768	7367	7993	-1	10
k141_1768	8142	9029	1	11
k141_1768	9034	9672	1	12
k141_1768	9669	10208	1	13
k141_1768	10205	11386	1	14
k141_1768	11388	11759	-1	15
k141_1768	11924	12856	1	16
k141_1771	1	873	-1	1
k141_1771	981	2081	1	2
k141_1771	2097	3440	-1	3
k141_1771	3510	3884	1	4
k141_1771	3896	4306	1	5
k141_1771	4317	4646	1	6
k141_1771	4669	4938	1	7
k141_1771	4935	5738	1	8
k141_1771	5735	7831	1	9
k141_1771	7834	8586	1	10
k141_1771	8595	9716	1	11
k141_1771	9742	10368	-1	12
k141_1771	10368	10703	-1	13
k141_1771	10684	11019	-1	14
k141_1795	83	718	1	1
k141_1795	734	1996	-1	2
k141_1795	2130	2504	-1	3
k141_1795	2456	2737	-1	4
k141_1795	2734	3192	-1	5
k141_1795	3287	3892	-1	6
k141_1795	4062	4736	-1	7
k141_1795	4883	5755	1	8
k141_1795	5862	6815	1	9
k141_1795	6891	8813	1	10
k141_1795	9053	9595	1	11
k141_1795	9697	10449	1	12
k141_1795	10446	10661	1	13
k141_1795	10759	11595	1	14
k141_1795	11585	12463	1	15
k141_1795	12553	13248	-1	16
k141_1795	13245	13901	-1	17
k141_1795	14118	14816	-1	18
k141_1795	14946	16025	-1	19
k141_1795	16037	17245	-1	20
k141_1795	17242	17376	-1	21
k141_1802	251	565	1	1
k141_1802	953	2566	1	2
k141_1802	2759	3868	-1	3
k141_1802	3865	4566	-1	4
k141_1802	4566	5342	-1	5
k141_1802	5405	5788	-1	6
k141_1802	5834	6442	-1	7
k141_1802	6454	7356	-1	8
k141_1802	7403	8743	-1	9
k141_1802	8867	9667	1	10
k141_1802	9712	11469	-1	11
k141_1802	11622	12662	1	12
k141_1802	12665	13117	1	13
k141_1802	13183	13674	-1	14
k141_1802	13688	13756	-1	15
k141_1806	1	990	-1	1
k141_1806	1157	2947	-1	2
k141_1814	2	811	-1	1
k141_1814	866	3058	-1	2
k141_1814	3073	3774	-1	3
k141_1814	3761	4828	-1	4
k141_1814	4898	6073	-1	5
k141_1814	6233	7267	1	6
k141_1820	2	883	-1	1
k141_1820	1210	2190	1	2
k141_1820	2234	2530	1	3
k141_1828	1	438	-1	1
k141_1828	489	776	-1	2
k141_1828	973	1893	1	3
k141_1828	1954	2826	1	4
k141_1828	2914	3357	1	5
k141_1828	3731	4402	1	6
k141_1831	1	330	-1	1
k141_1831	459	1298	-1	2
k141_1831	1415	2005	1	3
k141_1831	2002	2460	-1	4
k141_1831	2495	3460	-1	5
k141_1831	3510	4364	-1	6
k141_1831	4354	6060	-1	7
k141_1831	6180	7832	-1	8
k141_1831	8017	8487	1	9
k141_1831	8519	9547	1	10
k141_1831	9578	10477	-1	11
k141_1831	10490	10984	-1	12
k141_1831	10981	11484	-1	13
k141_1831	11506	12048	-1	14
k141_1831	12121	13290	1	15
k141_1831	13357	14304	1	16
k141_1831	14311	14661	-1	17
k141_1831	14750	15514	-1	18
k141_1831	15803	17629	-1	19
k141_1831	17620	18327	-1	20
k141_1831	18324	19526	-1	21
k141_1831	19519	20178	-1	22
k141_1831	20207	21367	-1	23
k141_1831	21641	22633	1	24
k141_1831	22668	23030	1	25
k141_1831	23027	24010	1	26
k141_1831	24007	24918	1	27
k141_1831	24987	26159	1	28
k141_1831	26501	28045	-1	29
k141_1831	28045	28230	-1	30
k141_1831	28303	28755	-1	31
k141_1831	29466	29642	1	32
k141_1831	29950	31164	-1	33
k141_1831	31239	32018	1	34
k141_1831	32023	32457	-1	35
k141_1831	32417	33469	-1	36
k141_1831	33466	34458	-1	37
k141_1831	34455	35510	-1	38
k141_1832	1	486	-1	1
k141_1832	494	838	-1	2
k141_1832	932	2683	-1	3
k141_1842	1	186	1	1
k141_1842	737	1924	1	2
k141_1842	1921	2331	1	3
k141_1842	2422	3159	1	4
k141_1842	3208	3939	1	5
k141_1855	1	1011	1	1
k141_1855	952	1905	-1	2
k141_1855	1902	2762	-1	3
k141_1855	3062	3187	1	4
k141_1855	3335	4990	-1	5
k141_1855	5121	5312	-1	6
k141_1855	5309	5953	-1	7
k141_1855	5981	6898	-1	8
k141_1855	6989	7777	-1	9
k141_1865	135	1298	1	1
k141_1865	1302	1883	1	2
k141_1865	1883	3064	1	3
k141_1865	3110	3802	1	4
k141_1865	3799	4137	1	5
k141_1865	4134	4544	1	6
k141_1865	4567	4977	1	7
k141_1865	4977	5294	1	8
k141_1865	5298	5498	1	9
k141_1865	5488	6138	1	10
k141_1868	1	69	-1	1
k141_1868	130	2922	-1	2
k141_1868	2999	3613	-1	3
k141_1868	3567	3863	-1	4
k141_1868	3984	4922	1	5
k141_1868	5094	5318	1	6
k141_1868	5367	5780	-1	7
k141_1872	101	1549	-1	1
k141_1872	1604	2098	-1	2
k141_1872	2095	3504	-1	3
k141_1872	3643	3996	1	4
k141_1872	4120	5088	1	5
k141_1872	5085	5357	1	6
k141_1881	2	784	-1	1
k141_1881	922	1590	1	2
k141_1881	1646	2200	1	3
k141_1883	2	607	-1	1
k141_1883	609	1355	-1	2
k141_1892	1	252	-1	1
k141_1892	383	2992	-1	2
k141_1892	3360	4964	1	3
k141_1892	5076	6329	-1	4
k141_1892	6307	7188	-1	5
k141_1892	7185	8267	-1	6
k141_1892	8264	9328	-1	7
k141_1892	9306	10709	-1	8
k141_1892	11298	12488	1	9
k141_1892	12499	15549	1	10
k141_1892	15546	16451	-1	11
k141_1892	16741	17421	1	12
k141_1907	2	1183	-1	1
k141_1907	1316	2455	-1	2
k141_1907	2561	3838	-1	3
k141_1907	3841	4074	-1	4
k141_1907	4201	4986	-1	5
k141_1922	1	306	-1	1
k141_1922	631	1698	1	2
k141_1922	1701	2732	-1	3
k141_1922	2794	3861	-1	4
k141_1922	4084	5739	1	5
k141_1922	5785	6291	-1	6
k141_1922	6446	7516	1	7
k141_1930	1	408	-1	1
k141_1930	410	1363	-1	2
k141_1930	1452	1817	-1	3
k141_1930	2044	2742	1	4
k141_1930	2900	3295	1	5
k141_1930	3367	3972	-1	6
k141_1930	4078	4989	1	7
k141_1930	4999	6021	-1	8
k141_1930	6199	7302	-1	9
k141_1930	7299	8303	-1	10
k141_1930	8305	9741	-1	11
k141_1930	9763	11067	-1	12
k141_1930	11158	11913	-1	13
k141_2006	123	536	1	1
k141_2006	540	731	-1	2
k141_2006	857	1648	1	3
k141_2006	1719	2894	1	4
k141_2006	2948	4918	1	5
k141_2006	4937	5170	-1	6
k141_2014	1	849	1	1
k141_2014	846	1436	1	2
k141_2014	1533	2705	1	3
k141_2014	2761	3765	-1	4
k141_2014	3855	4658	-1	5
k141_2014	4722	5690	1	6
k141_2015	1	171	-1	1
k141_2015	168	524	-1	2
k141_2015	895	1599	-1	3
k141_2015	1603	2010	-1	4
k141_2015	2432	3142	-1	5
k141_2015	3193	3438	-1	6
k141_2015	3727	5244	1	7
k141_2015	5300	6241	1	8
k141_2015	6244	7101	1	9
k141_2015	7103	7165	1	10
k141_2023	3	791	1	1
k141_2023	1121	1435	1	2
k141_2023	1594	3606	-1	3
k141_2023	3764	4528	1	4
k141_2023	4601	5323	1	5
k141_2023	5342	6655	-1	6
k141_2023	6778	8586	1	7
k141_2023	8706	9170	1	8
k141_2023	9297	9842	1	9
k141_2023	9966	10820	1	10
k141_2023	10817	11281	1	11
k141_2025	2	130	1	1
k141_2025	337	840	1	2
k141_2025	1036	1848	1	3
k141_2025	1845	2216	1	4
k141_2025	2216	3172	1	5
k141_2025	3313	6645	-1	6
k141_2025	6895	7374	1	7
k141_2025	7558	7803	-1	8
k141_2035	1	63	-1	1
k141_2035	108	284	-1	2
k141_2035	365	1132	-1	3
k141_2035	1204	2484	1	4
k141_2049	3	1274	-1	1
k141_2049	1386	2951	1	2
k141_2049	2972	4393	-1	3
k141_2052	3	284	-1	1
k141_2052	284	1546	-1	2
k141_2052	1543	2934	-1	3
k141_2052	2935	3615	-1	4
k141_2056	3	863	1	1
k141_2056	879	1109	1	2
k141_2056	1119	2417	1	3
k141_2056	2414	2752	1	4
k141_2056	2921	3328	1	5
k141_2056	3334	3648	1	6
k141_2056	3665	3901	1	7
k141_2067	2	901	-1	1
k141_2067	974	1783	-1	2
k141_2067	1817	2782	-1	3
k141_2067	2895	3689	-1	4
k141_2067	3686	4462	-1	5
k141_2067	4555	4725	-1	6
k141_2081	1	1482	1	1
k141_2081	1565	2581	1	2
k141_2081	2657	2863	1	3
k141_2081	2904	5285	-1	4
k141_2081	5378	5860	1	5
k141_2081	5845	6120	-1	6
k141_2087	3	230	1	1
k141_2087	366	2504	1	2
k141_2087	2495	3166	1	3
k141_2087	3171	3803	-1	4
k141_2087	3800	4672	-1	5
k141_2087	4799	5914	1	6
k141_2087	5945	7447	-1	7
k141_2087	7460	8233	-1	8
k141_2087	8230	8535	-1	9
k141_2087	8994	9905	1	10
k141_2087	10001	10120	-1	11
k141_2087	10263	10670	-1	12
k141_2087	10675	11877	-1	13
k141_2087	11958	12362	1	14
k141_2087	12359	12637	1	15
k141_2087	12726	13223	1	16
k141_2087	13563	15383	-1	17
k141_2087	15552	16487	1	18
k141_2087	16484	17005	1	19
k141_2087	17005	19092	1	20
k141_2087	19162	20991	1	21
k141_2093	1	774	-1	1
k141_2093	834	2792	-1	2
k141_2093	2849	4387	1	3
k141_2093	4388	6163	-1	4
k141_2093	6446	6934	1	5
k141_2093	6951	8270	-1	6
k141_2093	8280	8561	-1	7
k141_2093	8751	9104	1	8
k141_2093	9207	9872	-1	9
k141_2093	10021	11127	-1	10
k141_2093	11738	12055	-1	11
k141_2093	12067	12459	-1	12
k141_2093	13068	14378	1	13
k141_2093	14422	15222	1	14
k141_2176	1	897	1	1
k141_2176	967	2070	1	2
k141_2176	2070	3023	1	3
k141_2176	3028	3798	-1	4
k141_2176	4622	5206	1	5
k141_2176	5222	6337	-1	6
k141_2176	6582	6878	1	7
k141_2176	6905	7831	1	8
k141_2176	7828	8493	1	9
k141_2176	8490	9449	1	10
k141_2176	9560	10261	1	11
k141_2176	10258	11289	1	12
k141_2176	11322	12638	-1	13
k141_2176	12675	13583	1	14
k141_2176	14290	14865	1	15
k141_2176	14876	15730	1	16
k141_2176	15946	18651	1	17
k141_2176	18651	20723	1	18
k141_2176	20733	21989	1	19
k141_2176	23138	23560	1	20
k141_2176	24214	25242	1	21
k141_2176	25322	25429	-1	22
k141_2179	1	1146	-1	1
k141_2179	1143	1712	-1	2
k141_2195	3	353	1	1
k141_2195	435	1304	1	2
k141_2195	1315	2424	1	3
k141_2195	2421	3149	1	4
k141_2195	3152	3853	1	5
k141_2195	3893	4036	1	6
k141_2204	1	864	1	1
k141_2204	884	2386	1	2
k141_2204	2389	3357	1	3
k141_2204	3368	3442	1	4
k141_2205	1	135	1	1
k141_2205	254	1381	-1	2
k141_2205	1601	1954	1	3
k141_2205	1911	3074	1	4
k141_2217	2	271	1	1
k141_2217	255	758	1	2
k141_2217	837	1409	1	3
k141_2217	1981	2238	1	4
k141_2217	2400	2633	-1	5
k141_2217	2770	3087	1	6
k141_2217	3053	4270	1	7
k141_2217	4413	4955	1	8
k141_2217	4952	5170	1	9
k141_2217	5202	5951	1	10
k141_2217	5948	6190	1	11
k141_2217	6593	6715	1	12
k141_2217	6951	7190	1	13
k141_2217	7200	9470	1	14
k141_2219	2	73	-1	1
k141_2219	73	537	-1	2
k141_2219	934	1224	1	3
k141_2219	1231	1485	1	4
k141_2219	1482	2252	1	5
k141_2219	2237	4360	1	6
k141_2219	4618	6783	1	7
k141_2225	1	750	-1	1
k141_2225	780	1376	-1	2
k141_2225	1370	1555	-1	3
k141_2225	1555	2481	-1	4
k141_2225	2605	3588	-1	5
k141_2225	3799	5223	1	6
k141_2225	5342	6514	1	7
k141_2229	3	584	1	1
k141_2229	610	1365	1	2
k141_2229	1377	2045	-1	3
k141_2233	1	1308	-1	1
k141_2233	1417	1812	-1	2
k141_2237	247	438	1	1
k141_2237	482	1351	-1	2
k141_2248	2	217	-1	1
k141_2248	201	515	-1	2
k141_2248	523	1278	-1	3
k141_2248	1372	2076	-1	4
k141_2248	2048	2344	-1	5
k141_2248	2560	3132	1	6
k141_2248	3308	3955	1	7
k141_2248	4047	5144	1	8
k141_2248	5522	6568	1	9
k141_2248	6549	7379	-1	10
k141_2248	7376	8365	-1	11
k141_2248	8468	10138	-1	12
k141_2248	10129	10938	-1	13
k141_2248	11016	12047	-1	14
k141_2248	12099	12782	1	15
k141_2248	12779	13696	1	16
k141_2248	13712	14161	-1	17
k141_2248	14260	15534	-1	18
k141_2248	15531	16487	-1	19
k141_2248	16549	17433	-1	20
k141_2248	17562	19295	1	21
k141_2248	19323	20096	1	22
k141_2248	20093	20476	1	23
k141_2248	20499	21278	-1	24
k141_2248	21420	22070	1	25
k141_2248	22067	23068	-1	26
k141_2248	23065	23802	-1	27
k141_2248	23963	24169	1	28
k141_2248	24237	24926	-1	29
k141_2249	3	146	-1	1
k141_2249	149	1150	-1	2
k141_2249	1241	1543	-1	3
k141_2249	1692	2318	1	4
k141_2252	3	590	-1	1
k141_2252	970	1929	1	2
k141_2252	1948	3993	1	3
k141_2252	4040	5116	1	4
k141_2252	5295	6458	1	5
k141_2252	6500	7045	-1	6
k141_2252	7145	7477	-1	7
k141_2254	3	1493	1	1
k141_2254	1490	2425	1	2
k141_2254	2422	3954	1	3
k141_2254	3976	5058	1	4
k141_2254	5058	5984	1	5
k141_2254	6020	7093	1	6
k141_2254	7205	8140	1	7
k141_2254	8137	9237	1	8
k141_2254	9216	9845	-1	9
k141_2254	9957	12443	-1	10
k141_2254	12640	13383	1	11
k141_2260	3	782	1	1
k141_2260	837	2189	-1	2
k141_2262	1	1140	-1	1
k141_2262	1214	2734	-1	2
k141_2262	2840	3547	1	3
k141_2262	3575	4630	1	4
k141_2262	4620	5051	1	5
k141_2262	5048	5890	1	6
k141_2262	5944	6726	1	7
k141_2262	6726	6824	1	8
k141_2275	3	326	-1	1
k141_2275	462	2192	-1	2
k141_2275	2346	2840	-1	3
k141_2275	3312	4232	1	4
k141_2280	2	1528	-1	1
k141_2280	1740	2837	1	2
k141_2285	1	117	1	1
k141_2285	140	2275	1	2
k141_2285	2272	3606	1	3
k141_2285	3607	3873	-1	4
k141_2285	3936	4292	-1	5
k141_2285	4338	5906	-1	6
k141_2285	6132	6725	1	7
k141_2285	6804	7754	-1	8
k141_2285	7916	8467	1	9
k141_2285	8471	8881	-1	10
k141_2285	8941	10260	1	11
k141_2285	10306	11013	-1	12
k141_2285	11238	12422	1	13
k141_2285	12406	12909	1	14
k141_2285	13001	13297	1	15
k141_2291	72	1169	1	1
k141_2291	1438	2865	-1	2
k141_2291	2865	3038	-1	3
k141_2292	1	1221	1	1
k141_2292	1386	2222	1	2
k141_2292	2254	2673	-1	3
k141_2292	2792	3112	1	4
k141_2292	3273	4067	-1	5
k141_2292	4476	6923	1	6
k141_2292	6942	8366	-1	7
k141_2292	8464	9390	-1	8
k141_2292	9456	10640	-1	9
k141_2292	10831	11634	-1	10
k141_2292	11767	12348	1	11
k141_2292	12987	14438	-1	12
k141_2292	14592	15677	-1	13
k141_2292	15915	16625	1	14
k141_2292	16622	17239	1	15
k141_2292	17297	17470	1	16
k141_2292	17467	18138	1	17
k141_2292	18142	18570	-1	18
k141_2292	18681	19148	1	19
k141_2292	19944	20648	-1	20
k141_2292	20648	20971	-1	21
k141_2292	21197	21760	1	22
k141_2292	21810	23045	1	23
k141_2292	23124	24599	-1	24
k141_2292	24747	24935	-1	25
k141_2292	24945	26144	-1	26
k141_2292	26144	26314	-1	27
k141_2294	3	527	-1	1
k141_2294	537	998	-1	2
k141_2294	1133	2245	1	3
k141_2294	2253	5123	-1	4
k141_2294	5286	5999	1	5
k141_2294	6020	7030	-1	6
k141_2294	7151	8314	1	7
k141_2294	8332	9684	-1	8
k141_2294	9732	10580	-1	9
k141_2297	63	1724	1	1
k141_2297	1726	2694	1	2
k141_2297	2696	3439	1	3
k141_2297	3453	3806	1	4
k141_2297	3882	4508	1	5
k141_2297	4505	5161	1	6
k141_2297	5246	5977	1	7
k141_2297	5977	6126	1	8
k141_2297	6119	6658	1	9
k141_2297	6655	6771	-1	10
k141_2297	7202	9979	-1	11
k141_2297	10195	10899	1	12
k141_2297	11069	12025	1	13
k141_2297	12022	12486	1	14
k141_2297	12488	14506	1	15
k141_2302	1	1461	1	1
k141_2302	1468	2166	-1	2
k141_2302	2167	4629	-1	3
k141_2302	4825	5610	1	4
k141_2302	5607	6620	1	5
k141_2302	6617	7069	1	6
k141_2309	3	914	1	1
k141_2309	978	2093	1	2
k141_2309	2080	3249	1	3
k141_2309	3242	3841	1	4
k141_2309	3861	4133	-1	5
k141_2309	4130	4534	-1	6
k141_2309	4531	5463	-1	7
k141_2309	5460	5915	-1	8
k141_2309	5912	7642	-1	9
k141_2309	7646	8347	-1	10
k141_2309	8728	10326	1	11
k141_2309	10510	12186	1	12
k141_2309	12208	12933	-1	13
k141_2309	12940	13272	-1	14
k141_2309	13309	14220	-1	15
k141_2309	14217	14903	-1	16
k141_2309	14900	15685	-1	17
k141_2309	15771	16235	-1	18
k141_2334	2	478	-1	1
k141_2334	940	1083	1	2
k141_2334	1308	1910	1	3
k141_2334	1898	3355	1	4
k141_2334	3369	5999	1	5
k141_2334	6128	7084	1	6
k141_2334	7124	7747	-1	7
k141_2334	7830	8090	-1	8
k141_2334	8209	9255	-1	9
k141_2334	9293	10291	-1	10
k141_2334	10288	11331	-1	11
k141_2334	11328	12368	-1	12
k141_2334	12365	13375	-1	13
k141_2334	13372	14589	-1	14
k141_2334	14589	15434	-1	15
k141_2334	15431	16504	-1	16
k141_2334	16534	17517	1	17
k141_2334	17523	18467	-1	18
k141_2334	18498	19625	-1	19
k141_2334	19660	20889	-1	20
k141_2334	20977	22476	-1	21
k141_2334	22533	23372	-1	22
k141_2334	23362	24396	-1	23
k141_2334	24393	25940	-1	24
k141_2334	25943	26932	-1	25
k141_2334	27225	28658	1	26
k141_2334	28661	29959	1	27
k141_2334	29991	31001	-1	28
k141_2334	31166	31855	1	29
k141_2334	32112	33260	1	30
k141_2334	33338	34759	-1	31
k141_2334	34780	36198	-1	32
k141_2334	36329	36988	-1	33
k141_2334	37025	37987	-1	34
k141_2334	38114	38908	-1	35
k141_2334	38938	40059	-1	36
k141_2334	40056	41306	-1	37
k141_2334	41303	42172	-1	38
k141_2334	42169	45804	-1	39
k141_2334	45801	46730	-1	40
k141_2334	46727	47392	-1	41
k141_2334	47361	48329	-1	42
k141_2334	48424	49110	-1	43
k141_2334	49185	50219	-1	44
k141_2334	50623	52014	1	45
k141_2334	52106	53239	1	46
k141_2334	53348	54394	1	47
k141_2334	54381	55244	-1	48
k141_2334	55274	56641	1	49
k141_2334	56667	57365	1	50
k141_2334	57382	59736	1	51
k141_2334	59693	61651	-1	52
k141_2334	61833	65783	-1	53
k141_2334	66013	67158	1	54
k141_2334	67155	68255	-1	55
k141_2334	68252	69316	-1	56
k141_2334	69313	70275	-1	57
k141_2334	70272	70805	-1	58
k141_2334	70802	72676	-1	59
k141_2334	72702	73763	-1	60
k141_2334	73863	75464	-1	61
k141_2334	75597	76997	-1	62
k141_2334	77007	77642	-1	63
k141_2334	77763	80294	-1	64
k141_2334	80419	81111	-1	65
k141_2334	81652	82503	1	66
k141_2334	82504	84057	1	67
k141_2334	84092	84955	1	68
k141_2334	84936	85904	1	69
k141_2334	86028	86756	-1	70
k141_2334	87056	87556	-1	71
k141_2334	87553	88059	-1	72
k141_2334	88126	88875	-1	73
k141_2334	89002	89571	1	74
k141_2334	89568	90614	1	75
k141_2334	90611	91486	1	76
k141_2334	91483	92367	1	77
k141_2334	92644	95505	1	78
k141_2334	95567	96505	-1	79
k141_2334	96502	97761	-1	80
k141_2334	97767	99191	-1	81
k141_2334	99334	101481	-1	82
k141_2334	101610	103670	1	83
k141_2334	103667	104482	-1	84
k141_2334	104548	105957	-1	85
k141_2334	106117	107421	1	86
k141_2334	107432	108613	1	87
k141_2334	108645	109409	-1	88
k141_2334	109642	111435	1	89
k141_2334	111432	112460	1	90
k141_2334	112457	113488	1	91
k141_2334	113481	114416	1	92
k141_2334	114413	115615	1	93
k141_2334	115591	116574	-1	94
k141_2334	116800	117687	1	95
k141_2334	117754	118605	-1	96
k141_2334	118602	119135	-1	97
k141_2334	119081	120337	-1	98
k141_2334	120349	121923	-1	99
k141_2334	122844	123419	1	100
k141_2334	123756	124085	-1	101
k141_2334	124033	124662	-1	102
k141_2334	125252	125956	1	103
k141_2334	126163	126441	-1	104
k141_2374	3	278	-1	1
k141_2374	275	1561	-1	2
k141_2374	1616	2047	-1	3
k141_2387	112	525	-1	1
k141_2387	537	3047	-1	2
k141_2387	3222	3947	-1	3
k141_2387	3949	4431	-1	4
k141_2387	4431	5822	-1	5
k141_2387	5875	6825	-1	6
k141_2387	6828	7451	-1	7
k141_2387	7472	7768	-1	8
k141_2404	3	170	1	1
k141_2404	262	468	1	2
k141_2404	470	1042	1	3
k141_2404	1176	1934	1	4
k141_2404	1934	2860	1	5
k141_2404	2896	3714	-1	6
k141_2404	3873	4748	1	7
k141_2404	4964	5923	1	8
k141_2408	3	926	1	1
k141_2408	1257	6233	1	2
k141_2410	1	465	-1	1
k141_2410	512	1138	-1	2
k141_2410	1337	2587	1	3
k141_2410	2646	4100	1	4
k141_2410	4156	4962	1	5
k141_2410	4966	5931	1	6
k141_2410	5996	6940	1	7
k141_2410	6958	7950	1	8
k141_2410	8011	9510	-1	9
k141_2410	9723	11681	-1	10
k141_2410	11755	12510	-1	11
k141_2410	12521	13279	-1	12
k141_2410	13290	14501	-1	13
k141_2410	14506	15537	-1	14
k141_2410	15638	17005	-1	15
k141_2410	17226	18518	1	16
k141_2410	18608	19309	1	17
k141_2410	19316	20797	-1	18
k141_2413	1	771	1	1
k141_2413	821	1021	-1	2
k141_2413	1144	2157	-1	3
k141_2413	2200	3306	-1	4
k141_2428	1	561	-1	1
k141_2428	733	1455	1	2
k141_2428	1455	2858	1	3
k141_2428	3019	3234	1	4
k141_2433	1	105	-1	1
k141_2433	315	1325	-1	2
k141_2433	1393	1851	-1	3
k141_2433	1955	2329	-1	4
k141_2433	2326	2667	-1	5
k141_2444	1	885	-1	1
k141_2444	882	1169	-1	2
k141_2444	1238	1798	1	3
k141_2444	1868	4816	1	4
k141_2444	4818	5192	1	5
k141_2444	5242	5580	1	6
k141_2444	5847	6356	1	7
k141_2444	6594	7331	-1	8
k141_2444	7407	8417	1	9
k141_2444	8439	9911	-1	10
k141_2446	3	77	1	1
k141_2446	89	1432	1	2
k141_2446	1449	2252	1	3
k141_2446	2331	2843	-1	4
k141_2446	2855	3580	-1	5
k141_2446	3603	4037	-1	6
k141_2446	4037	4822	-1	7
k141_2446	4831	5550	-1	8
k141_2446	5554	5826	-1	9
k141_2446	5823	6116	-1	10
k141_2446	6136	6528	-1	11
k141_2446	6540	6926	-1	12
k141_2446	7025	8377	1	13
k141_2446	8396	9199	-1	14
k141_2446	9196	9600	-1	15
k141_2446	9597	9965	-1	16
k141_2446	10064	11275	-1	17
k141_2446	11498	11839	-1	18
k141_2446	11826	12098	-1	19
k141_2457	3	2129	-1	1
k141_2457	2261	3991	-1	2
k141_2476	1	315	1	1
k141_2476	312	2765	1	2
k141_2476	2841	3323	1	3
k141_2476	3438	3833	-1	4
k141_2476	3980	4594	-1	5
k141_2482	3	305	-1	1
k141_2482	348	1070	-1	2
k141_2482	1075	1410	-1	3
k141_2482	1403	2011	-1	4
k141_2482	2011	3597	-1	5
k141_2482	3726	4229	1	6
k141_2482	4243	4788	1	7
k141_2482	4785	5402	1	8
k141_2482	5514	6377	1	9
k141_2482	6374	8077	1	10
k141_2505	3	440	-1	1
k141_2505	533	1111	1	2
k141_2505	1027	1917	-1	3
k141_2505	2028	2480	-1	4
k141_2505	2486	2722	-1	5
k141_2505	2859	3497	1	6
k141_2505	3562	4167	-1	7
k141_2505	4243	4797	-1	8
k141_2505	4790	7804	-1	9
k141_2505	7801	8130	-1	10
k141_2505	8218	8610	-1	11
k141_2505	8717	9961	-1	12
k141_2505	10164	10640	1	13
k141_2505	10637	10903	1	14
k141_2505	10958	12157	-1	15
k141_2505	12301	13554	1	16
k141_2505	13466	14449	-1	17
k141_2505	14446	15138	-1	18
k141_2505	15331	16203	-1	19
k141_2521	3	557	1	1
k141_2521	675	1061	1	2
k141_2521	1058	1699	1	3
k141_2539	1	189	1	1
k141_2539	610	3330	1	2
k141_2539	3473	3700	-1	3
k141_2539	3844	5046	1	4
k141_2539	5043	5519	1	5
k141_2541	1	360	-1	1
k141_2541	572	2014	1	2
k141_2541	2131	2556	1	3
k141_2541	2556	7094	1	4
k141_2541	7185	7829	-1	5
k141_2541	8009	8728	1	6
k141_2541	8785	9450	1	7
k141_2541	9519	9854	1	8
k141_2557	1	867	1	1
k141_2557	869	1363	1	2
k141_2557	1412	2020	1	3
k141_2557	2076	2381	1	4
k141_2557	2386	4527	1	5
k141_2557	4532	6073	1	6
k141_2557	6084	7310	1	7
k141_2586	3	542	-1	1
k141_2586	745	1527	1	2
k141_2586	1527	2912	1	3
k141_2586	3088	4200	1	4
k141_2586	4214	6160	1	5
k141_2586	6153	6794	1	6
k141_2586	6798	7247	1	7
k141_2586	7244	7609	1	8
k141_2586	7620	8249	1	9
k141_2586	8326	9123	-1	10
k141_2586	9303	9539	-1	11
k141_2586	9659	10177	1	12
k141_2586	10192	11229	-1	13
k141_2586	11220	12239	-1	14
k141_2586	12445	12942	1	15
k141_2647	2	868	1	1
k141_2647	696	1583	-1	2
k141_2648	1	1746	1	1
k141_2648	1884	2195	1	2
k141_2648	2219	3064	-1	3
k141_2648	3081	3860	-1	4
k141_2648	3870	4178	-1	5
k141_2648	4175	4456	-1	6
k141_2648	4456	6255	-1	7
k141_2648	6273	6644	-1	8
k141_2648	6655	7044	-1	9
k141_2648	7216	7974	-1	10
k141_2650	3	98	-1	1
k141_2650	98	1135	-1	2
k141_2650	1132	2181	-1	3
k141_2650	2186	2725	-1	4
k141_2650	3017	3286	-1	5
k141_2650	3300	4007	-1	6
k141_2650	4185	5009	-1	7
k141_2650	5344	6018	-1	8
k141_2650	6008	7465	-1	9
k141_2650	7467	8546	-1	10
k141_2650	8598	8999	-1	11
k141_2650	9049	9417	-1	12
k141_2650	9559	11115	1	13
k141_2650	11265	12104	-1	14
k141_2650	12260	13243	1	15
k141_2650	13296	13592	1	16
k141_2674	1	588	-1	1
k141_2674	662	1336	-1	2
k141_2674	1460	2200	1	3
k141_2674	2213	3289	-1	4
k141_2674	3286	4668	-1	5
k141_2674	4661	5335	-1	6
k141_2674	5486	6478	1	7
k141_2674	6554	6985	1	8
k141_2674	6996	8036	1	9
k141_2676	1	228	1	1
k141_2676	281	649	1	2
k141_2676	646	1443	-1	3
k141_2676	1689	3278	1	4
k141_2676	3295	4383	1	5
k141_2676	4395	5489	1	6
k141_2676	5489	6361	1	7
k141_2676	6361	7257	1	8
k141_2676	7270	7542	1	9
k141_2676	7613	9322	1	10
k141_2676	9389	9718	-1	11
k141_2676	9829	10263	1	12
k141_2676	10269	10700	1	13
k141_2676	10702	12390	1	14
k141_2682	1	507	1	1
k141_2682	607	1800	1	2
k141_2682	1800	2165	1	3
k141_2708	2	109	1	1
k141_2708	102	368	1	2
k141_2708	370	1020	1	3
k141_2708	1017	1937	1	4
k141_2708	1915	2814	1	5
k141_2708	2856	4118	-1	6
k141_2708	4786	5562	1	7
k141_2716	660	2288	1	1
k141_2716	2292	3497	1	2
k141_2716	3713	4936	1	3
k141_2717	2	196	-1	1
k141_2717	193	1071	-1	2
k141_2717	1068	2075	-1	3
k141_2717	2148	2732	1	4
k141_2717	2707	3375	-1	5
k141_2717	3440	3652	-1	6
k141_2718	1	444	-1	1
k141_2718	441	1721	-1	2
k141_2718	1880	2437	1	3
k141_2718	2438	2860	-1	4
k141_2718	2925	3956	-1	5
k141_2718	4264	4884	-1	6
k141_2718	4975	5886	-1	7
k141_2718	5859	6764	-1	8
k141_2718	6737	8098	-1	9
k141_2718	8164	8649	-1	10
k141_2718	8744	9766	-1	11
k141_2718	9841	10527	1	12
k141_2718	10524	12122	-1	13
k141_2718	12122	14917	-1	14
k141_2718	14898	16082	-1	15
k141_2718	16168	17184	1	16
k141_2718	17184	17492	1	17
k141_2726	1	198	-1	1
k141_2726	205	606	-1	2
k141_2726	611	2623	-1	3
k141_2730	613	1272	-1	1
k141_2730	1872	2822	-1	2
k141_2730	3493	4482	1	3
k141_2730	4424	4657	-1	4
k141_2730	4879	5598	1	5
k141_2730	5935	7410	-1	6
k141_2734	1	588	1	1
k141_2734	646	1230	-1	2
k141_2734	1402	1899	1	3
k141_2734	1960	3093	-1	4
k141_2734	3177	4517	-1	5
k141_2734	4634	5857	-1	6
k141_2734	6014	6649	-1	7
k141_2734	6731	8101	1	8
k141_2734	8166	9107	1	9
k141_2734	9104	9553	1	10
k141_2734	9624	11021	1	11
k141_2734	11081	12181	1	12
k141_2734	12216	12761	-1	13
k141_2734	12754	13260	-1	14
k141_2734	13433	14620	1	15
k141_2734	14762	15691	1	16
k141_2734	15729	16718	-1	17
k141_2747	2	130	-1	1
k141_2747	198	935	1	2
k141_2747	991	2139	1	3
k141_2747	2136	3608	1	4
k141_2747	3638	4951	-1	5
k141_2747	5020	5829	1	6
k141_2750	355	1233	-1	1
k141_2750	1247	2173	-1	2
k141_2750	2175	3116	-1	3
k141_2750	3116	3910	-1	4
k141_2750	3923	5986	-1	5
k141_2750	5983	6714	-1	6
k141_2765	3	416	-1	1
k141_2765	413	913	-1	2
k141_2765	957	3557	-1	3
k141_2765	3719	3880	1	4
k141_2767	1	423	-1	1
k141_2767	440	1963	-1	2
k141_2767	2054	3091	-1	3
k141_2767	3125	4261	-1	4
k141_2767	4382	5293	-1	5
k141_2767	5325	6176	-1	6
k141_2767	6180	6863	-1	7
k141_2767	6883	7512	-1	8
k141_2767	7479	7628	-1	9
k141_2772	2	433	1	1
k141_2772	642	2354	1	2
k141_2772	2400	2894	-1	3
k141_2772	3072	3299	-1	4
k141_2772	3318	3731	-1	5
k141_2772	3843	4106	1	6
k141_2772	4176	4655	1	7
k141_2772	4648	5727	1	8
k141_2772	5796	6269	1	9
k141_2772	6417	6542	1	10
k141_2772	6561	7292	1	11
k141_2772	7292	7966	1	12
k141_2772	7996	8862	1	13
k141_2802	2	361	-1	1
k141_2802	465	803	1	2
k141_2802	846	1121	1	3
k141_2802	1215	1364	1	4
k141_2802	1578	1760	-1	5
k141_2802	1867	4065	-1	6
k141_2802	4228	4539	1	7
k141_2802	4829	5749	-1	8
k141_2802	5749	6606	-1	9
k141_2802	6687	8072	1	10
k141_2802	8092	8952	-1	11
k141_2802	8949	10127	-1	12
k141_2802	10124	11326	-1	13
k141_2802	11556	12962	1	14
k141_2802	13044	13649	1	15
k141_2802	13783	14295	1	16
k141_2802	14351	15202	1	17
k141_2804	1	282	1	1
k141_2804	418	1239	1	2
k141_2804	1246	1998	-1	3
k141_2804	2526	3851	1	4
k141_2804	4026	4535	1	5
k141_2804	4621	4881	-1	6
k141_2804	5044	5718	-1	7
k141_2804	5879	6166	-1	8
k141_2804	6186	7262	-1	9
k141_2804	7273	11238	-1	10
k141_2804	11248	11694	-1	11
k141_2804	11691	12575	-1	12
k141_2804	12572	13198	-1	13
k141_2804	13198	13353	-1	14
k141_2804	13356	15773	-1	15
k141_2804	15844	16056	1	16
k141_2804	16056	16436	1	17
k141_2804	16426	16605	-1	18
k141_2804	16668	17123	-1	19
k141_2804	17126	18067	-1	20
k141_2804	18092	18508	-1	21
k141_2804	18818	19801	1	22
k141_2804	19908	20186	1	23
k141_2804	20264	20893	-1	24
k141_2804	20890	21201	-1	25
k141_2804	21201	22214	-1	26
k141_2804	22240	22605	-1	27
k141_2804	22610	23635	-1	28
k141_2804	23640	25160	-1	29
k141_2804	25165	25380	-1	30
k141_2804	25385	26140	-1	31
k141_2814	2	73	1	1
k141_2814	86	1837	1	2
k141_2822	1	1149	-1	1
k141_2822	1159	1521	-1	2
k141_2822	1668	2636	1	3
k141_2822	2633	5230	1	4
k141_2822	5232	5633	1	5
k141_2822	5630	6802	1	6
k141_2822	6908	8029	1	7
k141_2822	8039	8587	1	8
k141_2824	2	655	-1	1
k141_2824	652	2010	-1	2
k141_2824	2003	2683	-1	3
k141_2824	2747	2905	-1	4
k141_2833	1	417	1	1
k141_2833	407	1516	1	2
k141_2833	1513	2121	1	3
k141_2840	3	263	1	1
k141_2840	319	2181	-1	2
k141_2840	2197	2472	1	3
k141_2840	2596	2895	1	4
k141_2840	2987	3793	-1	5
k141_2840	4138	5064	1	6
k141_2840	5303	5896	-1	7
k141_2840	5918	7105	-1	8
k141_2840	7102	7581	-1	9
k141_2840	7578	8141	-1	10
k141_2840	8146	8511	-1	11
k141_2845	1	1077	-1	1
k141_2845	1074	1565	-1	2
k141_2845	1562	2173	-1	3
k141_2845	2170	3051	-1	4
k141_2845	3107	3817	1	5
k141_2845	3814	4140	1	6
k141_2845	4173	4793	-1	7
k141_2845	4796	4930	-1	8
k141_2845	5033	6064	-1	9
k141_2845	6079	7776	-1	10
k141_2863	1	201	1	1
k141_2863	198	482	1	2
k141_2863	493	954	1	3
k141_2863	973	2793	-1	4
k141_2863	2865	3209	-1	5
k141_2863	3345	5162	-1	6
k141_2863	5465	6238	1	7
k141_2863	6295	6996	-1	8
k141_2863	7069	7992	-1	9
k141_2863	7989	8882	-1	10
k141_2863	9103	9981	1	11
k141_2863	10080	10955	1	12
k141_2863	11300	12040	-1	13
k141_2863	12202	12891	-1	14
k141_2863	12895	13608	-1	15
k141_2863	13619	14401	-1	16
k141_2863	14413	15765	-1	17
k141_2863	15762	17222	-1	18
k141_2863	17299	18345	-1	19
k141_2863	18479	18640	-1	20
k141_2879	2	529	1	1
k141_2879	535	1221	1	2
k141_2879	1376	1786	1	3
k141_2898	96	1913	1	1
k141_2898	1910	2971	1	2
k141_2898	2956	4164	-1	3
k141_2898	4324	6552	1	4
k141_2898	6677	7654	1	5
k141_2898	7654	8646	1	6
k141_2898	8774	9256	1	7
k141_2898	9278	10081	1	8
k141_2898	10136	10597	-1	9
k141_2898	10736	12133	1	10
k141_2898	12130	12438	1	11
k141_2898	12431	14104	1	12
k141_2898	14094	14834	1	13
k141_2898	14874	15296	1	14
k141_2898	15375	16202	1	15
k141_2898	16207	16611	-1	16
k141_2898	16808	17320	1	17
k141_2898	17378	18130	-1	18
k141_2898	18127	18795	-1	19
k141_2898	18792	19526	-1	20
k141_2898	19523	20200	-1	21
k141_2898	20197	21132	-1	22
k141_2898	21129	22118	-1	23
k141_2898	22115	22711	-1	24
k141_2898	22708	23481	-1	25
k141_2898	23484	23681	-1	26
k141_2898	23665	24645	-1	27
k141_2898	24642	25445	-1	28
k141_2898	25705	28500	-1	29
k141_2902	2	478	1	1
k141_2902	471	1202	1	2
k141_2902	1393	1533	-1	3
k141_2906	2	685	1	1
k141_2906	616	1992	-1	2
k141_2906	2104	3135	-1	3
k141_2906	3406	5052	1	4
k141_2938	115	288	-1	1
k141_2938	363	1133	-1	2
k141_2938	1185	2057	-1	3
k141_2938	2139	3797	1	4
k141_2938	3808	4485	-1	5
k141_2938	4532	4954	-1	6
k141_2938	5165	5719	1	7
k141_2938	5810	6394	1	8
k141_2938	6381	6773	1	9
k141_2938	6775	7284	1	10
k141_2938	7306	8151	-1	11
k141_2950	93	1202	1	1
k141_2950	1207	1866	1	2
k141_2950	1906	2559	-1	3
k141_2961	1	804	-1	1
k141_2961	878	1222	1	2
k141_2961	1243	1683	1	3
k141_2961	1916	3496	1	4
k141_2961	3511	3891	1	5
k141_2961	3926	4537	-1	6
k141_2961	4757	5083	-1	7
k141_2961	5166	6047	1	8
k141_2961	6126	6710	1	9
k141_2961	6724	7335	-1	10
k141_2961	7486	7614	-1	11
k141_2971	323	1741	-1	1
k141_2971	1836	2576	-1	2
k141_2971	2673	4736	-1	3
k141_2971	4748	5551	-1	4
k141_3014	2	199	-1	1
k141_3014	256	1188	-1	2
k141_3014	1185	1442	-1	3
k141_3014	1523	2938	-1	4
k141_3014	2935	4053	-1	5
k141_3014	4058	5224	-1	6
k141_3014	5389	6594	1	7
k141_3014	6621	7346	-1	8
k141_3026	1	396	1	1
k141_3026	448	900	1	2
k141_3026	945	1589	1	3
k141_3026	1596	2624	-1	4
k141_3026	2748	4286	-1	5
k141_3026	4376	5143	1	6
k141_3026	5174	6430	1	7
k141_3026	6509	7402	1	8
k141_3026	7407	8231	1	9
k141_3026	8242	9330	1	10
k141_3026	9339	10277	1	11
k141_3026	10464	11393	-1	12
k141_3026	11621	12175	1	13
k141_3070	81	464	1	1
k141_3070	461	1480	-1	2
k141_3070	1564	1968	1	3
k141_3070	1965	2624	-1	4
k141_3070	2795	3262	1	5
k141_3070	3259	4362	1	6
k141_3070	4367	5578	-1	7
k141_3070	5711	6247	1	8
k141_3070	6325	7005	1	9
k141_3070	7045	7392	1	10
k141_3070	7403	8125	-1	11
k141_3071	2	337	1	1
k141_3071	374	1285	-1	2
k141_3071	1282	2091	-1	3
k141_3071	2088	2882	-1	4
k141_3071	2879	3376	-1	5
k141_3073	40	921	-1	1
k141_3073	1023	1448	-1	2
k141_3073	1445	2413	-1	3
k141_3073	2516	4315	1	4
k141_3073	4312	5796	1	5
k141_3073	5867	6211	1	6
k141_3073	6354	7271	1	7
k141_3073	7268	7789	-1	8
k141_3084	2	1399	-1	1
k141_3090	3	128	1	1
k141_3090	219	1544	-1	2
k141_3090	1541	1993	-1	3
k141_3090	2435	3025	1	4
k141_3090	3025	4095	1	5
k141_3090	4137	4814	-1	6
k141_3090	4931	5614	1	7
k141_3090	5817	6083	1	8
k141_3090	6083	6430	1	9
k141_3090	6466	6948	1	10
k141_3090	7053	7910	1	11
k141_3090	7933	8709	1	12
k141_3090	8789	9019	1	13
k141_3090	9160	9387	1	14
k141_3090	9398	9613	1	15
k141_3090	9610	10503	1	16
k141_3090	10500	11249	1	17
k141_3090	11246	12565	1	18
k141_3090	12574	15180	1	19
k141_3090	15295	17013	1	20
k141_3090	17516	18037	1	21
k141_3090	18034	18234	1	22
k141_3090	18227	18679	1	23
k141_3090	19105	20424	1	24
k141_3090	20424	21413	1	25
k141_3090	21410	21619	1	26
k141_3090	21629	21829	-1	27
k141_3090	21829	22419	-1	28
k141_3090	22557	22829	-1	29
k141_3090	22941	23525	1	30
k141_3090	23473	24738	1	31
k141_3093	2	1501	-1	1
k141_3093	1720	2280	1	2
k141_3106	2	532	-1	1
k141_3106	646	1593	1	2
k141_3106	1651	3162	1	3
k141_3106	3159	3764	1	4
k141_3106	3816	4064	-1	5
k141_3106	4275	4601	-1	6
k141_3106	4841	5458	1	7
k141_3106	5458	6060	1	8
k141_3106	6174	7148	1	9
k141_3106	7213	7449	-1	10
k141_3106	7576	8598	-1	11
k141_3106	8609	9304	-1	12
k141_3106	9316	10302	-1	13
k141_3121	3	251	1	1
k141_3121	268	1224	-1	2
k141_3121	1292	2230	-1	3
k141_3121	2339	3400	-1	4
k141_3121	3635	3931	1	5
k141_3121	3924	5465	-1	6
k141_3121	5626	7197	1	7
k141_3121	7342	8274	1	8
k141_3121	8386	9486	1	9
k141_3121	9499	10470	1	10
k141_3121	10496	11380	1	11
k141_3139	1	855	-1	1
k141_3139	852	2438	-1	2
k141_3139	2431	2562	-1	3
k141_3139	2695	3240	1	4
k141_3139	3246	4361	1	5
k141_3139	4376	5581	-1	6
k141_3139	5623	6264	-1	7
k141_3139	6261	6494	-1	8
k141_3142	2	955	1	1
k141_3142	975	1403	1	2
k141_3142	1565	2344	1	3
k141_3142	2387	2911	-1	4
k141_3142	2981	3667	1	5
k141_3142	3680	4957	-1	6
k141_3142	4954	5628	-1	7
k141_3142	6022	6945	1	8
k141_3142	7041	7499	1	9
k141_3142	7538	7918	1	10
k141_3142	7966	8277	-1	11
k141_3176	3	1340	1	1
k141_3176	1340	1966	1	2
k141_3176	1963	2313	1	3
k141_3176	2306	2437	1	4
k141_3176	2442	3098	1	5
k141_3176	3102	3332	1	6
k141_3176	3419	3649	1	7
k141_3176	3776	4660	1	8
k141_3176	4657	5103	1	9
k141_3176	5113	8940	1	10
k141_3205	2	331	-1	1
k141_3205	515	1147	-1	2
k141_3205	1436	2239	1	3
k141_3205	2445	4415	1	4
k141_3205	4673	6736	1	5
k141_3205	6824	7435	1	6
k141_3205	7491	8111	1	7
k141_3205	8116	8601	1	8
k141_3205	8603	9136	1	9
k141_3206	1	156	-1	1
k141_3206	209	547	-1	2
k141_3206	697	2232	1	3
k141_3206	2256	2792	-1	4
k141_3209	3	851	1	1
k141_3209	863	1996	1	2
k141_3209	1993	2997	-1	3
k141_3209	3165	4115	1	4
k141_3209	4200	5324	1	5
k141_3209	5326	6135	1	6
k141_3209	6338	7273	-1	7
k141_3209	7270	9108	-1	8
k141_3209	9108	9941	-1	9
k141_3209	9938	10207	-1	10
k141_3210	99	1661	1	1
k141_3210	1658	3016	1	2
k141_3210	3125	4618	1	3
k141_3213	2	241	1	1
k141_3213	383	1495	1	2
k141_3213	1505	1819	1	3
k141_3213	1816	2205	1	4
k141_3213	2314	3096	1	5
k141_3227	1	189	-1	1
k141_3227	262	1440	-1	2
k141_3227	1492	2049	-1	3
k141_3227	2181	3173	-1	4
k141_3227	3323	3850	1	5
k141_3227	3895	7350	1	6
k141_3227	7412	7855	1	7
k141_3227	7933	9507	1	8
k141_3227	9520	10920	1	9
k141_3229	3	713	-1	1
k141_3229	706	1074	-1	2
k141_3229	1079	2452	-1	3
k141_3229	2655	3161	1	4
k141_3229	3172	4191	1	5
k141_3232	2	628	1	1
k141_3232	651	2162	1	2
k141_3232	2220	3164	1	3
k141_3232	3161	4084	1	4
k141_3232	4126	5919	1	5
k141_3232	6056	6709	1	6
k141_3232	6757	8130	1	7
k141_3232	8243	9604	1	8
k141_3232	9598	11061	-1	9
k141_3232	11121	11687	1	10
k141_3232	11763	14834	1	11
k141_3232	14836	15957	1	12
k141_3232	16028	16213	1	13
k141_3235	2	433	-1	1
k141_3235	646	1560	1	2
k141_3235	1587	3014	1	3
k141_3235	3036	3917	1	4
k141_3235	3914	4273	-1	5
k141_3235	4340	4789	1	6
k141_3235	5001	5123	-1	7
k141_3235	5237	7324	-1	8
k141_3235	7321	9516	-1	9
k141_3235	9592	10305	-1	10
k141_3235	10401	10679	-1	11
k141_3235	10799	11938	1	12
k141_3235	11949	13100	-1	13
k141_3235	13097	13921	-1	14
k141_3235	13921	14718	-1	15
k141_3235	14718	15176	-1	16
k141_3235	15242	15976	-1	17
k141_3235	15979	16092	-1	18
k141_3253	1	456	-1	1
k141_3253	526	1152	-1	2
k141_3253	1155	2195	-1	3
k141_3253	2214	2909	-1	4
k141_3253	3000	4121	-1	5
k141_3257	2	229	1	1
k141_3257	226	642	1	2
k141_3257	633	2912	-1	3
k141_3257	3004	3969	-1	4
k141_3257	4038	5201	-1	5
k141_3257	5229	6212	-1	6
k141_3257	6212	7402	-1	7
k141_3257	7570	8412	1	8
k141_3257	8390	9259	-1	9
k141_3257	9320	10663	-1	10
k141_3257	10722	12302	-1	11
k141_3257	12539	13465	1	12
k141_3257	13462	14703	-1	13
k141_3257	14804	15718	1	14
k141_3257	15724	16488	-1	15
k141_3257	16567	17139	-1	16
k141_3257	17261	18391	1	17
k141_3257	18398	19123	-1	18
k141_3257	19242	20468	1	19
k141_3257	20484	21269	1	20
k141_3257	21269	21730	1	21
k141_3257	21754	23019	1	22
k141_3257	23016	24047	-1	23
k141_3257	24061	24606	-1	24
k141_3263	1	84	1	1
k141_3263	60	1118	-1	2
k141_3263	1127	2050	-1	3
k141_3263	2115	2597	1	4
k141_3263	2594	2668	-1	5
k141_3276	1	264	1	1
k141_3276	299	1735	1	2
k141_3276	1806	3017	1	3
k141_3276	3021	3464	1	4
k141_3276	3461	4597	1	5
k141_3276	4647	5681	1	6
k141_3276	5678	6478	1	7
k141_3285	2	634	-1	1
k141_3285	631	2064	-1	2
k141_3285	2061	3326	-1	3
k141_3285	3424	5634	-1	4
k141_3285	5665	8073	-1	5
k141_3285	8282	9388	-1	6
k141_3285	9473	10834	-1	7
k141_3285	10831	11349	-1	8
k141_3285	11346	11672	-1	9
k141_3296	1	693	-1	1
k141_3296	766	1131	-1	2
k141_3296	1640	1981	-1	3
k141_3298	315	1862	1	1
k141_3317	3	740	1	1
k141_3317	737	1462	1	2
k141_3317	1521	2384	1	3
k141_3317	2394	2900	-1	4
k141_3319	3	200	-1	1
k141_3319	450	1103	1	2
k141_3319	1143	2462	1	3
k141_3319	2509	3972	1	4
k141_3319	4172	4786	1	5
k141_3319	5102	5716	-1	6
k141_3335	2	85	-1	1
k141_3335	82	369	-1	2
k141_3335	405	1061	-1	3
k141_3335	1122	1814	1	4
k141_3335	1959	3350	1	5
k141_3335	3347	3922	1	6
k141_3335	4242	5054	1	7
k141_3335	5124	6902	1	8
k141_3335	6919	7335	1	9
k141_3335	7420	8160	1	10
k141_3335	8329	8925	1	11
k141_3335	8922	9836	1	12
k141_3335	9799	10833	-1	13
k141_3335	10830	11723	-1	14
k141_3335	11853	12785	-1	15
k141_3335	12872	13441	1	16
k141_3335	13438	14946	1	17
k141_3335	14975	16432	1	18
k141_3335	16693	17625	1	19
k141_3341	2	640	-1	1
k141_3341	631	795	-1	2
k141_3341	792	1577	-1	3
k141_3341	1582	1902	-1	4
k141_3343	1	393	1	1
k141_3343	756	986	1	2
k141_3343	1123	1572	1	3
k141_3363	3	245	1	1
k141_3363	362	1033	1	2
k141_3363	1041	2642	1	3
k141_3363	2647	3450	-1	4
k141_3363	3595	4527	1	5
k141_3363	4550	5188	1	6
k141_3363	5841	7478	1	7
k141_3363	7715	9790	1	8
k141_3363	9937	11496	1	9
k141_3363	11474	13006	-1	10
k141_3363	12999	13358	-1	11
k141_3363	13355	15217	-1	12
k141_3392	3	1709	-1	1
k141_3392	1722	3911	-1	2
k141_3401	783	1325	1	1
k141_3401	1337	1990	1	2
k141_3401	2016	2612	-1	3
k141_3401	2671	3246	-1	4
k141_3414	1	93	1	1
k141_3414	110	310	-1	2
k141_3414	307	1935	-1	3
k141_3414	1940	2890	-1	4
k141_3414	2905	4161	-1	5
k141_3414	4187	5548	-1	6
k141_3414	5657	7102	-1	7
k141_3414	7105	7791	-1	8
k141_3414	7868	8896	-1	9
k141_3414	9065	10402	-1	10
k141_3414	10399	12258	-1	11
k141_3414	12449	13648	1	12
k141_3414	13744	14898	1	13
k141_3414	15091	16686	1	14
k141_3414	16781	16918	1	15
k141_3414	16993	17655	1	16
k141_3425	3	143	1	1
k141_3425	143	1051	1	2
k141_3425	1048	1965	1	3
k141_3425	2466	4256	-1	4
k141_3425	4333	5163	-1	5
k141_3425	5103	7568	-1	6
k141_3425	7971	8174	-1	7
k141_3425	8433	9401	1	8
k141_3425	9721	10434	1	9
k141_3449	27	395	-1	1
k141_3449	470	1276	-1	2
k141_3449	1273	2316	-1	3
k141_3449	2423	3274	1	4
k141_3449	3316	4587	1	5
k141_3449	4608	5837	1	6
k141_3449	5951	7171	1	7
k141_3449	7168	8007	1	8
k141_3449	7992	8837	1	9
k141_3449	8919	10049	1	10
k141_3449	10152	10727	1	11
k141_3449	10794	11933	1	12
k141_3449	11935	12975	1	13
k141_3449	13047	13796	1	14
k141_3449	13771	14958	-1	15
k141_3449	15034	15456	-1	16
k141_3449	15884	16348	1	17
k141_3449	16602	17933	-1	18
k141_3449	18174	19328	1	19
k141_3449	19811	21568	1	20
k141_3449	21568	22803	1	21
k141_3449	22793	23197	-1	22
k141_3449	23206	24159	-1	23
k141_3449	24776	25852	-1	24
k141_3449	25928	26308	-1	25
k141_3449	26422	26511	1	26
k141_3458	2	733	-1	1
k141_3458	880	2442	-1	2
k141_3458	2439	3266	-1	3
k141_3458	3263	4144	-1	4
k141_3458	4281	4838	-1	5
k141_3458	4959	5687	-1	6
k141_3458	5710	6486	-1	7
k141_3458	6635	7132	-1	8
k141_3458	7231	8055	1	9
k141_3458	8161	9813	-1	10
k141_3458	9952	10305	-1	11
k141_3461	1	1155	-1	1
k141_3461	1164	1922	-1	2
k141_3461	1925	3322	-1	3
k141_3468	2	115	-1	1
k141_3468	458	1129	1	2
k141_3468	1262	1723	1	3
k141_3468	1725	2213	1	4
k141_3468	2274	3332	-1	5
k141_3468	3402	3956	-1	6
k141_3480	3	743	-1	1
k141_3480	743	2119	-1	2
k141_3480	2250	2555	1	3
k141_3480	2568	3986	-1	4
k141_3480	4014	6230	-1	5
k141_3480	6342	7715	-1	6
k141_3480	7733	8881	-1	7
k141_3480	8878	9861	-1	8
k141_3480	10063	11205	1	9
k141_3480	11202	11693	1	10
k141_3480	11690	12160	1	11
k141_3480	12312	13493	1	12
k141_3480	13537	14067	-1	13
k141_3480	14169	14615	-1	14
k141_3480	14679	15227	1	15
k141_3480	15224	15406	1	16
k141_3480	15403	16266	-1	17
k141_3480	16379	16858	1	18
k141_3480	16907	17260	1	19
k141_3492	223	1584	1	1
k141_3492	1686	2978	1	2
k141_3492	3055	3543	1	3
k141_3492	3583	4356	1	4
k141_3500	2	607	1	1
k141_3500	607	855	1	2
k141_3500	916	3588	-1	3
k141_3500	3709	4392	1	4
k141_3500	4394	5767	-1	5
k141_3500	5843	6196	-1	6
k141_3500	6355	7143	1	7
k141_3500	7140	8504	1	8
k141_3500	8568	9224	1	9
k141_3511	3	278	-1	1
k141_3511	275	1363	-1	2
k141_3511	1360	2931	-1	3
k141_3511	3037	3258	1	4
k141_3511	3353	3970	-1	5
k141_3511	3970	7506	-1	6
k141_3511	7621	8079	1	7
k141_3511	8232	9743	1	8
k141_3511	9740	10744	1	9
k141_3518	2	295	1	1
k141_3518	296	817	-1	2
k141_3518	875	1369	-1	3
k141_3518	1469	2134	1	4
k141_3518	2139	3164	1	5
k141_3518	3168	3767	1	6
k141_3518	3773	5083	-1	7
k141_3518	5121	5678	-1	8
k141_3518	5777	6685	1	9
k141_3518	6738	7058	-1	10
k141_3518	7106	10483	-1	11
k141_3518	10458	13430	-1	12
k141_3518	13423	13662	-1	13
k141_3522	3	488	1	1
k141_3522	613	960	1	2
k141_3522	1013	1855	-1	3
k141_3522	1939	4686	-1	4
k141_3522	4881	5150	1	5
k141_3522	5154	6011	-1	6
k141_3522	6184	6501	1	7
k141_3525	2	1060	-1	1
k141_3525	1177	1470	1	2
k141_3525	1491	2435	1	3
k141_3525	2749	3600	-1	4
k141_3525	3600	4421	-1	5
k141_3525	4480	5466	-1	6
k141_3525	5499	6494	-1	7
k141_3525	6518	7351	-1	8
k141_3525	7430	9139	-1	9
k141_3525	9258	10373	1	10
k141_3525	10456	11742	1	11
k141_3525	11746	12276	1	12
k141_3525	12273	13082	1	13
k141_3525	13140	13571	1	14
k141_3525	13584	13970	1	15
k141_3544	2	988	-1	1
k141_3544	1895	4312	-1	2
k141_3544	4439	5059	-1	3
k141_3544	5056	5379	-1	4
k141_3569	1	183	-1	1
k141_3569	281	535	1	2
k141_3569	548	1027	-1	3
k141_3569	1024	2190	-1	4
k141_3569	2177	3367	-1	5
k141_3569	3518	4531	1	6
k141_3569	4513	5502	1	7
k141_3569	5516	6889	1	8
k141_3569	6781	7035	-1	9
k141_3569	7081	7311	-1	10
k141_3603	3	338	-1	1
k141_3603	442	960	-1	2
k141_3603	957	2165	-1	3
k141_3603	2167	3009	-1	4
k141_3603	3104	3733	-1	5
k141_3603	3738	4271	-1	6
k141_3603	4262	4627	-1	7
k141_3603	4734	5405	-1	8
k141_3603	5447	6181	-1	9
k141_3603	6269	6934	-1	10
k141_3603	7056	8414	1	11
k141_3603	8414	10234	1	12
k141_3603	10242	12143	-1	13
k141_3603	12280	13083	1	14
k141_3603	13095	14066	-1	15
k141_3603	14063	14650	-1	16
k141_3603	14734	15351	-1	17
k141_3603	15488	15937	1	18
k141_3603	15955	16233	-1	19
k141_3603	16403	16960	1	20
k141_3625	3	509	-1	1
k141_3625	525	1889	-1	2
k141_3625	2497	3246	-1	3
k141_3625	3395	4141	-1	4
k141_3625	4138	4911	-1	5
k141_3625	4908	5951	-1	6
k141_3625	6048	7568	-1	7
k141_3625	7670	8350	-1	8
k141_3625	8427	9467	-1	9
k141_3625	9611	9751	1	10
k141_3625	9898	10206	1	11
k141_3625	10232	10993	-1	12
k141_3625	11156	12451	1	13
k141_3625	12448	13209	1	14
k141_3625	13299	13478	1	15
k141_3625	14113	14604	-1	16
k141_3625	14697	14843	-1	17
k141_3625	14956	16857	-1	18
k141_3625	16952	17338	1	19
k141_3625	17661	19940	-1	20
k141_3625	20030	20248	-1	21
k141_3625	20310	20516	-1	22
k141_3625	20517	20729	-1	23
k141_3625	20850	21239	1	24
k141_3625	21239	22558	1	25
k141_3625	22555	23751	1	26
k141_3625	23748	24731	1	27
k141_3625	24728	25360	1	28
k141_3625	25429	26607	1	29
k141_3625	26633	27760	-1	30
k141_3625	27781	28422	1	31
k141_3625	28449	30650	-1	32
k141_3625	30676	31116	-1	33
k141_3625	31323	32534	-1	34
k141_3625	32545	33231	-1	35
k141_3625	33363	33575	-1	36
k141_3625	33615	35393	-1	37
k141_3625	35404	35802	-1	38
k141_3633	1	2109	-1	1
k141_3633	2407	2766	-1	2
k141_3633	2775	3884	-1	3
k141_3633	4510	6582	-1	4
k141_3633	6631	6921	-1	5
k141_3633	7219	7515	-1	6
k141_3639	2	499	-1	1
k141_3639	566	1102	-1	2
k141_3639	1099	3897	-1	3
k141_3639	4246	4677	-1	4
k141_3639	4677	4979	-1	5
k141_3639	4976	5842	-1	6
k141_3639	5956	6588	1	7
k141_3653	24	344	-1	1
k141_3653	504	1736	1	2
k141_3653	1720	2658	1	3
k141_3653	2830	3039	1	4
k141_3653	3050	3535	1	5
k141_3653	3535	4281	1	6
k141_3653	4304	4810	1	7
k141_3653	4877	5242	1	8
k141_3653	5242	6186	1	9
k141_3653	6180	7919	1	10
k141_3653	7916	8140	1	11
k141_3653	8140	8220	1	12
k141_3656	106	2157	-1	1
k141_3656	2154	3140	-1	2
k141_3656	3137	3643	-1	3
k141_3656	4189	4899	-1	4
k141_3656	5463	6074	-1	5
k141_3656	6360	6776	-1	6
k141_3656	6785	7654	-1	7
k141_3656	7651	7824	-1	8
k141_3656	8560	10113	-1	9
k141_3656	10146	10385	-1	10
k141_3656	10809	11792	1	11
k141_3656	11801	12277	-1	12
k141_3657	455	625	1	1
k141_3657	630	1319	1	2
k141_3657	1336	2412	1	3
k141_3657	2409	2903	1	4
k141_3657	2903	6616	1	5
k141_3657	6770	7333	1	6
k141_3657	7413	8021	1	7
k141_3658	1	1092	-1	1
k141_3658	1225	2976	1	2
k141_3666	3	101	-1	1
k141_3666	110	433	-1	2
k141_3666	1083	1226	1	3
k141_3666	1238	2503	1	4
k141_3666	2500	2976	1	5
k141_3666	3070	4371	1	6
k141_3666	4368	4844	1	7
k141_3666	4850	5302	1	8
k141_3666	5330	6271	-1	9
k141_3666	6301	7311	-1	10
k141_3666	7308	8813	-1	11
k141_3666	8835	9776	-1	12
k141_3669	1	1287	-1	1
k141_3669	1624	3417	1	2
k141_3672	1	798	-1	1
k141_3672	960	1277	-1	2
k141_3672	1438	2199	1	3
k141_3672	2265	2504	1	4
k141_3672	2504	3541	1	5
k141_3672	3552	4220	1	6
k141_3672	4275	6020	1	7
k141_3672	6031	7170	1	8
k141_3674	2	622	1	1
k141_3674	619	1542	-1	2
k141_3674	1539	2159	-1	3
k141_3674	2222	2671	-1	4
k141_3674	2668	3498	-1	5
k141_3674	3541	4215	-1	6
k141_3688	1	675	-1	1
k141_3688	752	1837	-1	2
k141_3688	1838	3289	-1	3
k141_3688	3286	4776	-1	4
k141_3688	4803	6593	-1	5
k141_3688	6590	6943	-1	6
k141_3688	6943	7941	-1	7
k141_3688	7947	8444	-1	8
k141_3688	9140	10237	-1	9
k141_3688	10454	10669	1	10
k141_3698	1	2094	1	1
k141_3698	2106	2558	1	2
k141_3698	2640	3077	1	3
k141_3698	3081	4199	-1	4
k141_3698	4226	4792	1	5
k141_3698	4807	5775	-1	6
k141_3698	5772	6788	-1	7
k141_3698	6785	7498	-1	8
k141_3716	3	1727	-1	1
k141_3716	1756	2451	-1	2
k141_3716	2489	3145	1	3
k141_3716	3208	4632	1	4
k141_3716	4633	5574	-1	5
k141_3716	5661	6689	1	6
k141_3716	6714	7349	-1	7
k141_3717	3	188	-1	1
k141_3717	561	1508	1	2
k141_3717	1519	2988	-1	3
k141_3717	2985	3167	-1	4
k141_3717	3402	4520	1	5
k141_3717	4528	5142	-1	6
k141_3717	5294	5863	-1	7
k141_3717	5860	6465	-1	8
k141_3717	6545	7588	1	9
k141_3743	639	1130	1	1
k141_3743	1181	2467	1	2
k141_3743	2460	3170	1	3
k141_3743	3174	3848	-1	4
k141_3743	3952	4419	1	5
k141_3743	4534	5091	1	6
k141_3744	81	347	1	1
k141_3744	383	625	1	2
k141_3744	906	1064	-1	3
k141_3744	1136	1723	-1	4
k141_3744	1739	2317	-1	5
k141_3744	2417	3277	-1	6
k141_3744	3509	4009	1	7
k141_3744	3988	4482	1	8
k141_3744	4723	5415	-1	9
k141_3744	5433	5690	-1	10
k141_3745	3	650	-1	1
k141_3745	640	3054	-1	2
k141_3745	3054	3710	-1	3
k141_3745	3775	5043	-1	4
k141_3745	5095	5571	1	5
k141_3745	5683	6144	1	6
k141_3745	6469	7296	1	7
k141_3745	7355	8416	-1	8
k141_3745	8447	9913	-1	9
k141_3745	9915	10502	-1	10
k141_3745	10572	11072	-1	11
k141_3745	11090	12013	-1	12
k141_3745	12013	13167	-1	13
k141_3745	13252	13953	1	14
k141_3745	13985	15124	1	15
k141_3745	15146	15511	-1	16
k141_3745	15589	17001	-1	17
k141_3745	17152	18075	1	18
k141_3748	235	693	1	1
k141_3748	690	1427	-1	2
k141_3748	1498	2250	1	3
k141_3754	3	1328	1	1
k141_3754	1393	2193	1	2
k141_3754	2190	3056	1	3
k141_3754	3071	3709	-1	4
k141_3754	3670	3759	-1	5
k141_3755	1	321	1	1
k141_3755	404	1876	1	2
k141_3755	1892	2077	-1	3
k141_3755	2173	2595	-1	4
k141_3755	2706	4286	1	5
k141_3772	2	451	-1	1
k141_3772	606	1220	-1	2
k141_3772	1231	1458	-1	3
k141_3772	1473	1832	-1	4
k141_3777	2	646	-1	1
k141_3777	711	1457	1	2
k141_3777	1692	2252	1	3
k141_3777	2252	2593	1	4
k141_3778	3	890	-1	1
k141_3778	887	1450	-1	2
k141_3778	1522	2499	-1	3
k141_3778	2496	3740	-1	4
k141_3778	3730	4128	-1	5
k141_3778	4128	5222	-1	6
