Contig	Start	End	Strand	Pos
k83_16989	3	680	-1	1
k83_16989	673	1614	-1	2
k83_16989	1611	2165	-1	3
k83_17190	161	340	-1	1
k83_17190	499	1509	1	2
k83_17190	1543	1833	1	3
k83_26602	1	78	1	1
k83_26602	88	1509	1	2
k83_26602	1506	1964	1	3
k83_26602	1961	3172	1	4
k83_26602	3393	3641	1	5
k83_26602	3861	4052	-1	6
k83_26602	4182	4439	1	7
k83_26602	4486	5871	-1	8
k83_26602	6468	6698	1	9
k83_33329	3	140	1	1
k83_33329	137	928	1	2
k83_33329	925	2229	1	3
k83_33329	2552	2716	1	4
k83_41563	1	1044	1	1
k83_41563	1061	1855	-1	2
k83_41862	203	835	1	1
k83_41862	1047	1820	-1	2
k83_41862	1885	2025	-1	3
k83_43316	3	1604	1	1
k83_43316	1582	1953	1	2
k83_43316	2044	2457	1	3
k83_43755	523	3309	-1	1
k83_43755	3332	3547	-1	2
k83_43755	3553	3798	-1	3
k83_60058	35	2026	1	1
k83_65994	3	194	1	1
k83_65994	352	2175	1	2
k83_65994	2172	3611	-1	3
k83_65994	3693	4067	-1	4
k83_65994	4452	5567	1	5
k83_65994	5576	5989	-1	6
k83_65994	5998	6576	-1	7
k83_65994	6605	7036	-1	8
k83_65994	7033	7506	-1	9
k83_65994	7509	8039	-1	10
k83_65994	8050	8850	-1	11
k83_65994	8893	8964	-1	12
k83_73571	32	322	-1	1
k83_73571	384	983	-1	2
k83_73571	1055	1429	-1	3
k83_74479	91	2022	-1	1
k83_74479	2309	2581	-1	2
k83_74479	2671	3258	-1	3
k83_74479	3594	4043	1	4
k83_74479	4107	6593	1	5
k83_74479	6612	7328	1	6
k83_74479	7330	8382	1	7
k83_74479	8403	9200	1	8
k83_74479	9203	10483	1	9
k83_76124	3	239	1	1
k83_76124	375	701	1	2
k83_76124	765	1130	1	3
k83_76124	1317	1721	-1	4
k83_76124	2022	4682	1	5
k83_82364	2	160	1	1
k83_82364	157	1494	1	2
k83_82364	1558	1677	1	3
k83_82767	1	315	1	1
k83_82767	412	1098	1	2
k83_82767	1119	1448	1	3
k83_82767	1504	1680	1	4
k83_89965	1	258	-1	1
k83_89965	470	1600	-1	2
k83_89965	1635	1745	-1	3
k83_89965	1745	3460	-1	4
k83_91210	49	321	1	1
k83_91210	372	653	1	2
k83_91210	660	1181	1	3
k83_91210	1183	1950	1	4
k83_91210	1972	2370	1	5
k83_91644	2	544	1	1
k83_91644	780	929	1	2
k83_91644	1142	1510	1	3
k83_91701	2	964	-1	1
k83_91701	958	2295	-1	2
k83_91701	2369	3298	-1	3
k83_92796	2	70	-1	1
k83_92796	117	482	1	2
k83_92796	486	887	1	3
k83_92796	905	1294	1	4
k83_92796	1291	1794	1	5
k83_92796	1798	2181	1	6
k83_92796	2194	2535	1	7
k83_92796	2532	2993	1	8
k83_92796	2959	3117	1	9
k83_101539	1	237	-1	1
k83_101539	234	1517	-1	2
k83_103658	3	797	1	1
k83_103658	837	1736	1	2
k83_103658	1796	2074	1	3
k83_103658	2094	3095	1	4
k83_103658	3245	3565	-1	5
k83_103658	3769	4971	1	6
k83_103658	5079	5285	1	7
k83_103658	5307	5495	1	8
k83_103658	5539	6426	1	9
k83_103658	6665	7198	-1	10
k83_103658	7369	7662	-1	11
k83_103658	7686	8075	-1	12
k83_103658	8122	8253	-1	13
k83_105264	1	522	-1	1
k83_105264	626	2158	1	2
k83_105264	2321	2998	1	3
k83_111412	1	783	1	1
k83_111412	1079	2155	1	2
k83_111412	2160	3152	1	3
k83_112942	1	333	1	1
k83_112942	357	1457	-1	2
k83_112942	1460	2095	-1	3
k83_114004	58	297	-1	1
k83_114004	347	1105	-1	2
k83_114004	1235	2257	-1	3
k83_114004	2254	3129	-1	4
k83_114004	3129	3227	-1	5
k83_115302	180	680	1	1
k83_115302	640	1371	-1	2
k83_115302	1388	2161	-1	3
k83_115302	2281	3072	1	4
k83_115302	3209	5314	-1	5
k83_121224	105	1223	1	1
k83_121224	1250	2062	1	2
k83_121224	2088	2369	1	3
k83_121224	2410	3663	1	4
k83_121224	3757	4590	1	5
k83_121224	4624	5121	1	6
k83_121224	5131	5373	1	7
k83_125265	2	241	-1	1
k83_125265	447	1817	1	2
k83_125530	2	988	-1	1
k83_125530	1139	1711	-1	2
k83_125530	1742	5440	-1	3
k83_136105	3	290	-1	1
k83_136105	336	2087	-1	2
k83_137852	25	522	-1	1
k83_137852	519	1379	-1	2
k83_137852	1521	2222	-1	3
k83_145194	3	359	-1	1
k83_145194	464	1255	-1	2
k83_145194	1284	1688	-1	3
k83_146494	2	682	1	1
k83_146494	714	1109	1	2
k83_146494	1437	1607	-1	3
k83_146494	1661	3190	1	4
k83_146494	3211	3819	1	5
k83_146494	3874	4770	-1	6
k83_146494	4975	5055	1	7
k83_146764	2	259	-1	1
k83_146764	247	1164	-1	2
k83_146764	1172	1417	-1	3
k83_146764	1631	2746	-1	4
k83_146764	2739	3650	-1	5
k83_146764	3634	3945	-1	6
k83_146764	4027	4827	-1	7
k83_146764	4815	5714	-1	8
k83_149998	1	885	1	1
k83_149998	858	2693	-1	2
k83_149998	2690	3400	-1	3
k83_149998	3585	4547	1	4
k83_149998	4702	5124	1	5
k83_161015	1	324	1	1
k83_161015	410	1558	1	2
k83_161015	1635	2588	1	3
k83_161015	2598	3032	1	4
k83_161015	3084	4535	1	5
k83_161015	4564	4788	1	6
k83_176182	3	650	-1	1
k83_176182	923	2446	1	2
k83_190521	3	68	-1	1
k83_190521	65	502	-1	2
k83_190521	499	1323	-1	3
k83_190521	1335	1928	-1	4
k83_190679	3	182	-1	1
k83_190679	210	1046	-1	2
k83_190679	1183	1506	-1	3
k83_191019	1	519	1	1
k83_191019	622	1407	1	2
k83_191019	1466	2908	1	3
k83_194207	1	123	1	1
k83_194207	125	1528	1	2
k83_194207	1557	2225	1	3
k83_194207	2213	3265	1	4
k83_194207	3281	3430	1	5
k83_200726	3	224	1	1
k83_200726	211	1410	1	2
k83_200726	1407	1682	-1	3
k83_204226	222	1139	1	1
k83_204226	1145	1972	1	2
k83_206072	1	171	-1	1
k83_206072	234	1463	1	2
k83_206072	1662	1931	-1	3
k83_219233	62	679	1	1
k83_219233	741	890	1	2
k83_219233	952	1344	1	3
k83_219233	1408	1758	-1	4
k83_219558	3	260	-1	1
k83_219558	475	1614	1	2
k83_223150	1	966	-1	1
k83_223150	963	1940	-1	2
k83_223150	1918	2088	-1	3
k83_225616	603	1142	-1	1
k83_225616	1856	2143	1	2
k83_225616	2196	2795	1	3
k83_226129	1	1170	-1	1
k83_226129	1371	1805	-1	2
k83_226129	1863	2036	-1	3
k83_226129	2645	4306	-1	4
k83_226685	327	845	1	1
k83_226685	939	1397	1	2
k83_226685	1408	2418	1	3
k83_228378	3	926	1	1
k83_228378	905	1750	1	2
k83_228378	1747	2745	1	3
k83_228378	2742	3317	1	4
k83_228378	3511	3672	1	5
k83_234836	1	174	-1	1
k83_234836	171	935	-1	2
k83_234836	985	2283	-1	3
k83_234836	2293	3024	-1	4
k83_237063	2	880	-1	1
k83_237063	954	1541	-1	2
k83_237063	1567	2253	-1	3
k83_237063	2373	3101	1	4
k83_237063	3088	4023	1	5
k83_237063	4113	4211	-1	6
k83_243127	3	290	-1	1
k83_243127	295	1086	-1	2
k83_243127	1083	1967	-1	3
k83_243127	1951	3312	-1	4
k83_243127	3454	4317	-1	5
k83_243127	4335	4784	-1	6
k83_249302	3	1658	-1	1
k83_255245	1	549	1	1
k83_255245	712	1686	-1	2
k83_255245	2150	3175	1	3
k83_255245	3169	3651	-1	4
k83_255245	3846	4190	1	5
k83_255245	4180	4800	-1	6
k83_255245	5087	5188	1	7
k83_255537	145	312	1	1
k83_255537	325	1056	-1	2
k83_255537	1092	1526	-1	3
k83_260984	1	882	-1	1
k83_260984	1022	1648	-1	2
k83_266855	2	3433	-1	1
k83_266855	3927	4262	1	2
k83_273550	1	492	1	1
k83_273550	521	826	1	2
k83_273550	853	1218	1	3
k83_273550	1230	1601	1	4
k83_273550	1598	2491	1	5
k83_286047	2	202	-1	1
k83_286047	243	668	1	2
k83_286047	665	1636	-1	3
k83_286047	1608	3224	-1	4
k83_286047	3246	3701	-1	5
k83_286047	3698	5197	-1	6
k83_286047	5306	6802	-1	7
k83_286047	6819	8498	-1	8
k83_286047	8504	10006	-1	9
k83_303522	1	75	1	1
k83_303522	161	1159	1	2
k83_303522	1210	1800	1	3
k83_303522	1821	2756	1	4
k83_306780	2	592	1	1
k83_306780	700	2100	-1	2
k83_306780	2298	2552	1	3
k83_306780	2546	2869	1	4
k83_306780	3112	3297	1	5
k83_306780	3365	4144	-1	6
k83_306780	4193	4663	-1	7
k83_306780	4928	5413	-1	8
k83_306780	5429	5545	-1	9
k83_311185	2	733	1	1
k83_311185	772	1482	1	2
k83_311484	13	396	-1	1
k83_311484	403	918	-1	2
k83_311484	1057	1857	-1	3
k83_311484	2005	2373	-1	4
k83_314366	192	848	1	1
k83_314366	866	1729	1	2
k83_315152	1	579	1	1
k83_315152	1245	1610	1	2
k83_315152	1821	3686	1	3
k83_315152	3655	4281	1	4
k83_326082	33	2549	-1	1
k83_326082	2564	2824	-1	2
k83_332689	1	537	1	1
k83_332689	576	1526	1	2
k83_332689	1550	1933	1	3
k83_332689	1917	2561	1	4
k83_332689	2569	4203	1	5
k83_332689	4886	5449	1	6
k83_332689	5602	6708	1	7
k83_332689	6753	7268	-1	8
k83_334488	2	337	-1	1
k83_334488	611	976	-1	2
k83_334488	1230	1652	-1	3
k83_334488	1774	3216	-1	4
k83_334880	93	863	1	1
k83_334880	1097	1564	1	2
k83_334880	1561	1947	1	3
k83_335489	1	1827	1	1
k83_340522	28	630	1	1
k83_340522	722	1186	1	2
k83_340522	1333	1905	-1	3
k83_340522	1973	3010	-1	4
k83_340522	3022	3405	-1	5
k83_340522	3602	3904	-1	6
k83_340522	3953	4609	-1	7
k83_340522	4669	5838	-1	8
k83_340522	5835	6641	-1	9
k83_340522	6638	7909	-1	10
k83_341614	3	692	1	1
k83_341614	703	2268	1	2
k83_341614	2277	3995	1	3
k83_341614	4212	4334	1	4
k83_341614	4475	4843	-1	5
k83_341614	4884	5078	-1	6
k83_341614	5126	5638	-1	7
k83_342659	2	2230	1	1
k83_347267	235	1170	-1	1
k83_352289	3	182	-1	1
k83_352289	289	567	1	2
k83_352289	678	1427	1	3
k83_352289	1630	2994	1	4
k83_353263	3	818	-1	1
k83_353263	883	1728	-1	2
k83_353263	1883	2206	1	3
k83_365078	3	1448	-1	1
k83_365078	1780	3357	-1	2
k83_365078	3401	3781	-1	3
k83_369351	2	151	1	1
k83_369351	167	916	1	2
k83_369351	985	2109	1	3
k83_378472	3	2012	1	1
k83_378472	2179	2334	1	2
k83_378472	2574	3056	1	3
k83_378472	3018	3452	-1	4
k83_378472	3857	4516	1	5
k83_378472	4625	5359	-1	6
k83_378472	5680	7320	-1	7
k83_379237	1	906	1	1
k83_379237	1048	4287	1	2
k83_390888	1	261	1	1
k83_390888	370	2271	1	2
k83_390888	2310	3263	1	3
k83_390888	3299	4369	1	4
k83_390888	4438	5118	1	5
k83_393969	3	233	1	1
k83_393969	403	2037	1	2
k83_394098	3	965	-1	1
k83_394098	1108	2139	1	2
k83_394098	2136	2516	1	3
k83_394098	2526	3077	-1	4
k83_394098	3175	3681	-1	5
k83_400965	3	113	1	1
k83_400965	116	517	1	2
k83_400965	619	1962	-1	3
k83_404880	2	751	-1	1
k83_404880	794	1357	-1	2
k83_404880	1485	1940	-1	3
k83_405035	1	291	-1	1
k83_405035	288	1490	-1	2
k83_405035	1487	2410	-1	3
k83_408009	3	1868	1	1
k83_409103	3	911	-1	1
k83_409103	979	1770	-1	2
k83_414041	1	342	1	1
k83_414041	329	1633	1	2
k83_414041	1630	2067	1	3
k83_414041	2064	2849	1	4
k83_414041	3256	4110	1	5
k83_418719	1	84	1	1
k83_418719	274	1341	1	2
k83_418719	1347	1883	-1	3
k83_418719	1968	2618	1	4
k83_418719	2697	2912	1	5
k83_424447	112	459	-1	1
k83_424447	868	1389	1	2
k83_424447	1688	2074	1	3
k83_424447	2076	3584	-1	4
k83_424447	3606	4088	-1	5
k83_424447	4112	4414	-1	6
k83_426337	3	905	1	1
k83_426337	874	1836	1	2
k83_426337	1833	2609	1	3
k83_426337	2745	3350	1	4
k83_426337	3347	4366	1	5
k83_426337	4483	4941	1	6
k83_426337	4948	5082	-1	7
k83_426756	1	1110	-1	1
k83_426756	1119	2555	-1	2
k83_426756	2621	2713	-1	3
k83_428147	257	634	1	1
k83_428147	780	1115	1	2
k83_428147	1340	1669	1	3
k83_428819	1	528	1	1
k83_428819	723	2006	-1	2
k83_434463	2	742	1	1
k83_434463	897	1961	1	2
k83_434463	1988	2689	1	3
k83_448606	2	1051	-1	1
k83_448606	1092	1634	-1	2
k83_449358	2	214	-1	1
k83_449358	356	1288	1	2
k83_449358	1336	2127	1	3
k83_449358	2143	2967	1	4
k83_449358	3239	3874	1	5
k83_449358	4035	4166	-1	6
k83_450439	2	430	-1	1
k83_450439	427	1248	-1	2
k83_450439	1323	2105	-1	3
k83_451969	45	425	1	1
k83_451969	432	971	-1	2
k83_451969	1062	3005	-1	3
k83_453490	290	1981	1	1
k83_453490	1966	2892	1	2
k83_454684	2	223	-1	1
k83_454684	373	1086	1	2
k83_454684	1137	1601	-1	3
k83_456148	39	353	1	1
k83_456148	432	638	-1	2
k83_456148	781	1446	1	3
k83_456148	1635	2282	1	4
k83_456148	2453	3199	1	5
k83_458500	326	682	1	1
k83_458500	694	1944	1	2
k83_458500	2008	2373	1	3
k83_458500	2457	2732	1	4
k83_467220	2	616	1	1
k83_467220	643	1269	1	2
k83_467220	1384	2403	1	3
k83_467220	2435	3070	1	4
k83_467220	3118	3744	1	5
k83_467220	3769	4122	1	6
k83_467220	4129	4758	1	7
k83_471445	3	884	-1	1
k83_471445	1000	2514	-1	2
k83_471445	2677	3798	-1	3
k83_471445	3835	5673	-1	4
k83_471445	5682	6182	-1	5
k83_471445	6179	7057	-1	6
k83_476717	1	396	-1	1
k83_476717	430	1377	-1	2
k83_476717	1392	2348	-1	3
k83_476717	2345	3541	-1	4
k83_476717	3747	4196	-1	5
k83_480573	1	1044	-1	1
k83_480573	1411	1614	1	2
k83_480703	2	238	1	1
k83_480703	252	500	-1	2
k83_480703	729	1493	1	3
k83_492263	2	430	-1	1
k83_492263	550	1485	-1	2
k83_492263	1732	2154	1	3
k83_493890	30	1364	1	1
k83_493890	1361	2128	1	2
k83_495397	3	1190	1	1
k83_495397	1187	2509	1	2
k83_495397	2552	3262	1	3
k83_501442	2	892	1	1
k83_501442	913	1479	1	2
k83_501442	1781	2092	1	3
k83_501442	2102	3007	1	4
k83_501442	3004	4239	1	5
k83_501442	4247	5194	1	6
k83_501442	5231	5746	1	7
k83_501442	5761	6021	1	8
k83_501591	28	564	1	1
k83_501591	620	1045	1	2
k83_501591	1078	1752	1	3
k83_502096	3	134	-1	1
k83_502096	584	1483	-1	2
k83_502096	1480	1839	-1	3
k83_502096	1836	3044	-1	4
k83_502096	3056	3400	-1	5
k83_502096	3452	3790	-1	6
k83_502096	3804	4697	-1	7
k83_502165	1	285	-1	1
k83_502165	361	564	-1	2
k83_502165	656	832	-1	3
k83_502165	994	1308	1	4
k83_502165	1371	2192	1	5
k83_502165	2214	2678	1	6
k83_515135	3	1550	-1	1
k83_515811	1	204	-1	1
k83_515811	595	1815	1	2
k83_517037	3	458	-1	1
k83_517037	464	2137	-1	2
k83_517773	1	1233	-1	1
k83_517773	1260	2285	-1	2
k83_517773	2300	2737	-1	3
k83_519728	2	2842	1	1
k83_538675	2	865	-1	1
k83_538675	1106	1345	1	2
k83_538675	2231	3235	1	3
k83_538675	3256	3507	1	4
k83_538675	3540	4448	-1	5
k83_538675	4493	4588	1	6
k83_539326	3	593	-1	1
k83_539326	831	1322	1	2
k83_542353	118	618	1	1
k83_542353	708	1151	1	2
k83_542353	1188	2288	1	3
k83_542353	2702	3403	1	4
k83_544688	3	1964	1	1
k83_544688	1961	2614	1	2
k83_544688	2665	2913	1	3
k83_544688	2913	3023	1	4
k83_544688	3023	3430	1	5
k83_544688	3521	3913	1	6
k83_544688	4216	4452	-1	7
k83_544688	4576	5688	1	8
k83_551760	1	744	1	1
k83_551760	769	1845	-1	2
k83_551760	1907	2305	-1	3
k83_559402	3	233	1	1
k83_559402	282	806	1	2
k83_559402	721	1554	-1	3
k83_559402	1581	2381	-1	4
k83_559402	2514	3716	-1	5
k83_559402	3802	4248	1	6
k83_559402	4402	4815	1	7
k83_559402	4817	5557	1	8
k83_559402	5627	6049	1	9
k83_562013	2	949	-1	1
k83_562013	992	1654	-1	2
k83_562013	1674	2261	-1	3
k83_575525	3	965	1	1
k83_575525	1021	1938	1	2
k83_584189	180	1655	1	1
k83_584189	1664	2254	1	2
k83_590087	3	1148	-1	1
k83_590087	1249	1731	-1	2
k83_590087	1918	2439	-1	3
k83_590087	2543	3862	-1	4
k83_590087	4141	4626	-1	5
k83_590087	4648	5001	-1	6
k83_590087	5069	5629	-1	7
k83_592557	3	1157	-1	1
k83_592557	1759	2316	1	2
k83_592557	2323	2637	1	3
k83_592557	2776	3807	1	4
k83_598215	2	175	1	1
k83_598215	175	1518	1	2
k83_598215	1660	2040	1	3
k83_598215	2154	2762	1	4
k83_598215	2879	3175	-1	5
k83_609324	1	201	1	1
k83_609324	325	630	1	2
k83_609324	757	3831	1	3
k83_609324	3838	3957	-1	4
k83_611492	1	216	1	1
k83_611492	213	881	-1	2
k83_611492	927	1919	-1	3
k83_611492	1903	2481	-1	4
k83_611492	2757	3311	1	5
k83_623508	3	506	-1	1
k83_623508	985	1266	1	2
k83_623508	1432	1887	1	3
k83_623508	1901	2386	1	4
k83_623508	2427	2855	1	5
k83_623508	2885	3280	1	6
k83_623508	3370	4422	1	7
k83_623508	4477	5682	1	8
k83_623508	5912	6433	1	9
k83_628807	36	1580	1	1
k83_633576	106	1647	1	1
k83_633576	1637	2515	1	2
k83_633576	2541	3890	1	3
k83_638368	37	834	1	1
k83_638368	1004	1990	1	2
k83_638368	1998	2711	1	3
k83_638368	2716	3210	1	4
k83_638368	3274	4353	1	5
k83_638368	4358	4771	1	6
k83_646820	1	417	1	1
k83_646820	438	1583	1	2
k83_646820	1586	1846	1	3
k83_657655	1	375	-1	1
k83_657655	474	1103	1	2
k83_657655	1146	2354	-1	3
k83_657655	2359	2805	-1	4
k83_674672	41	481	1	1
k83_674672	678	1817	-1	2
k83_685980	45	626	1	1
k83_685980	647	1762	1	2
k83_685980	1797	2627	1	3
k83_685980	2639	3601	1	4
k83_685980	3613	4245	1	5
k83_685980	4285	4635	1	6
k83_685980	4669	5157	1	7
k83_685980	5157	5699	1	8
k83_685980	5722	5829	1	9
k83_689749	2	253	1	1
k83_689749	278	1039	1	2
k83_689749	1114	1431	-1	3
k83_689749	1452	2348	-1	4
k83_689749	2370	2801	-1	5
k83_692487	1	66	-1	1
k83_692487	152	1567	-1	2
k83_692487	1564	2427	-1	3
k83_702338	79	1011	-1	1
k83_702338	1013	2329	-1	2
k83_702338	2529	3170	-1	3
k83_702589	3	671	-1	1
k83_702589	851	1528	-1	2
k83_707384	3	767	-1	1
k83_707384	1114	1479	1	2
k83_707384	1621	2208	1	3
k83_710632	3	275	-1	1
k83_710632	291	590	-1	2
k83_710632	690	1613	-1	3
k83_710632	1768	2214	1	4
k83_711244	80	415	-1	1
k83_711244	435	647	-1	2
k83_711244	661	1515	-1	3
k83_711244	2990	3454	-1	4
k83_711244	3594	4718	1	5
k83_711244	4723	5325	-1	6
k83_711244	5330	5890	-1	7
k83_711244	6083	6292	-1	8
k83_711244	6353	6808	-1	9
k83_711244	6805	7323	-1	10
k83_711244	7507	7725	-1	11
k83_711244	7833	8879	-1	12
k83_711244	8921	9541	1	13
k83_711244	9592	10518	1	14
k83_711244	10660	11838	1	15
k83_711244	11822	12382	-1	16
k83_711244	12467	12841	1	17
k83_711244	12846	13790	1	18
k83_711244	13917	14090	1	19
k83_711425	2	109	-1	1
k83_711425	150	596	-1	2
k83_711425	817	1866	-1	3
k83_711425	1987	2196	-1	4
k83_711425	2379	2639	1	5
k83_714399	1	1515	-1	1
k83_716457	1	864	-1	1
k83_716457	866	3133	-1	2
k83_722239	3	671	-1	1
k83_722239	668	1978	-1	2
k83_722239	2129	3253	-1	3
k83_722239	3401	4174	-1	4
k83_722239	4171	4986	-1	5
k83_730414	1	1605	1	1
k83_732315	1	951	-1	1
k83_732315	1039	2883	-1	2
k83_732315	2930	3064	-1	3
k83_732852	2	136	-1	1
k83_732852	163	813	1	2
k83_732852	821	1738	-1	3
k83_732852	1814	2476	1	4
k83_738674	1	171	-1	1
k83_738674	390	842	-1	2
k83_738674	903	1370	-1	3
k83_738674	1324	1740	-1	4
k83_738674	1795	2124	-1	5
k83_742646	48	275	1	1
k83_742646	376	933	-1	2
k83_742646	1046	1522	1	3
k83_742646	1547	2152	-1	4
k83_742646	2290	3123	1	5
k83_742646	3154	3825	-1	6
k83_742646	4051	4365	1	7
k83_743693	41	454	-1	1
k83_743693	525	1301	1	2
k83_743693	1336	1770	1	3
k83_743693	1772	3415	1	4
k83_747902	1	744	-1	1
k83_747902	1048	4251	-1	2
k83_747902	4261	5316	-1	3
k83_747902	5428	5616	-1	4
k83_747902	5686	6309	-1	5
k83_751546	3	1631	1	1
k83_751546	1701	2024	1	2
k83_751546	2021	2983	1	3
k83_751546	2980	3735	1	4
k83_751546	3835	4533	1	5
k83_751546	4618	4887	-1	6
k83_751546	5093	5602	1	7
k83_751728	201	941	1	1
k83_751728	972	2444	1	2
k83_751728	2441	4282	1	3
k83_751728	4632	5147	1	4
k83_751728	5144	5683	1	5
k83_751728	5726	6520	1	6
k83_763463	1	2271	1	1
k83_763463	2305	2919	1	2
k83_763463	2843	3349	-1	3
k83_763463	3408	3881	1	4
k83_763463	4090	4533	1	5
k83_763463	4557	5414	1	6
k83_763463	5434	6315	1	7
k83_763463	6315	6974	1	8
k83_763463	6974	7384	1	9
k83_763463	7389	7835	1	10
k83_763463	7861	8097	1	11
k83_763463	8210	9316	1	12
k83_763463	9347	9979	-1	13
k83_771469	2	106	-1	1
k83_771469	109	576	1	2
k83_771469	599	1831	-1	3
k83_771469	1891	2082	-1	4
k83_773370	1	918	-1	1
k83_773370	948	2819	-1	2
k83_773370	2832	3722	-1	3
k83_773370	3732	3902	-1	4
k83_773471	3	524	1	1
k83_773471	683	1693	1	2
k83_773471	1686	1847	1	3
k83_786075	1	897	-1	1
k83_786075	894	1514	-1	2
k83_786075	1517	2278	-1	3
k83_788832	2	316	-1	1
k83_788832	365	1015	-1	2
k83_788832	1162	2907	-1	3
k83_788832	2895	3539	-1	4
k83_792691	2	769	-1	1
k83_792691	1106	3529	1	2
k83_792691	3894	4148	1	3
k83_792691	4160	4561	1	4
k83_792691	4513	4587	1	5
k83_799151	2	3019	-1	1
k83_800115	152	1585	-1	1
k83_800115	1650	1907	-1	2
k83_801460	1	162	1	1
k83_801460	174	725	-1	2
k83_801460	911	1591	-1	3
k83_801460	1783	3795	1	4
k83_801460	3792	4463	-1	5
k83_801460	4451	5200	-1	6
k83_802647	2	1276	1	1
k83_802647	1294	2298	1	2
k83_802647	2327	3226	1	3
k83_802647	3230	3862	1	4
k83_804697	2	862	1	1
k83_804697	893	2653	-1	2
k83_809250	3	1760	-1	1
k83_809250	1872	2411	-1	2
k83_809250	2413	2706	-1	3
k83_810851	374	571	1	1
k83_810851	643	1332	-1	2
k83_810851	1690	2040	1	3
k83_810851	2411	2788	1	4
k83_810851	3012	3947	1	5
k83_810851	3960	4562	-1	6
k83_811483	48	611	1	1
k83_811483	622	960	1	2
k83_811483	957	3569	1	3
k83_812299	3	266	-1	1
k83_812299	269	544	1	2
k83_812299	684	971	-1	3
k83_812299	1275	1832	1	4
k83_812299	1839	2480	1	5
k83_812511	1	96	1	1
k83_812511	388	717	1	2
k83_812511	798	1166	1	3
k83_812511	1923	2183	-1	4
k83_812511	2353	2964	1	5
k83_812511	2975	3490	1	6
k83_812511	3503	3889	1	7
k83_812511	3894	4316	1	8
k83_812511	4374	5240	1	9
k83_812511	5237	6634	1	10
k83_812511	6624	7817	1	11
k83_812511	8001	8228	1	12
k83_812511	8245	9471	1	13
k83_812511	9546	9923	1	14
k83_812511	9935	11035	1	15
k83_812511	11046	11543	1	16
k83_819937	2	199	-1	1
k83_819937	469	1560	1	2
k83_819937	1569	1799	1	3
k83_819937	1868	2416	1	4
k83_819937	2574	2747	1	5
k83_819937	2848	3159	-1	6
k83_823047	1	1353	1	1
k83_823047	1718	3463	-1	2
k83_823047	3555	5651	-1	3
k83_824624	103	2769	-1	1
k83_824624	2774	3106	-1	2
k83_826117	2	1114	-1	1
k83_826117	1260	1961	-1	2
k83_826117	1958	3031	-1	3
k83_826117	3057	3809	-1	4
k83_826117	3820	4443	-1	5
k83_831427	15	2303	-1	1
k83_832050	34	1416	-1	1
k83_832050	1518	1607	-1	2
k83_833402	1	327	1	1
k83_833402	738	2285	1	2
k83_833402	2371	2733	1	3
k83_833402	2771	3844	1	4
k83_833402	3859	5061	1	5
k83_833402	5072	6094	1	6
k83_833402	6094	6348	1	7
k83_833402	6330	6962	1	8
k83_838071	2	1021	-1	1
k83_838071	1049	2242	-1	2
k83_839709	2	304	-1	1
k83_839709	301	1533	-1	2
k83_839709	1772	2137	1	3
k83_846862	26	508	-1	1
k83_846862	690	2141	1	2
k83_847848	297	719	-1	1
k83_847848	755	1930	-1	2
k83_847848	1951	3633	-1	3
k83_847848	3827	4375	-1	4
k83_847848	4618	5835	1	5
k83_852148	1	600	-1	1
k83_852148	710	1765	-1	2
k83_865904	1	84	-1	1
k83_865904	158	2131	1	2
k83_867131	32	1240	1	1
k83_867131	1237	1638	1	2
k83_872588	1	459	-1	1
k83_872588	537	1385	-1	2
k83_872588	1559	1828	1	3
k83_874092	434	967	-1	1
k83_874092	1118	1528	-1	2
k83_874092	1576	1947	-1	3
k83_874092	1966	2373	-1	4
k83_874092	2391	4037	-1	5
k83_880840	2	715	1	1
k83_880840	736	2121	-1	2
k83_881716	2	280	-1	1
k83_881716	290	676	-1	2
k83_881716	753	2123	-1	3
k83_881716	2328	2747	-1	4
k83_881716	2869	3900	-1	5
k83_881716	3942	5117	-1	6
k83_881716	5102	5851	-1	7
k83_882732	3	788	-1	1
k83_882732	946	1206	1	2
k83_882732	1263	2303	1	3
k83_882732	2369	3445	1	4
k83_882732	3521	3910	1	5
k83_882732	3907	4746	1	6
k83_882732	5097	5423	1	7
k83_882732	5470	6258	1	8
k83_888297	1	648	-1	1
k83_888297	645	1250	-1	2
k83_888297	1216	1788	-1	3
k83_888297	2398	2934	-1	4
k83_892621	1	195	1	1
k83_892621	197	1045	1	2
k83_892621	1055	2518	-1	3
k83_892621	2519	3256	1	4
k83_892621	3253	4503	1	5
k83_892621	4636	5289	-1	6
k83_892621	5388	5942	-1	7
k83_892621	6251	7417	1	8
k83_892621	7630	8151	1	9
k83_893970	5	724	-1	1
k83_893970	733	2334	-1	2
k83_901225	159	1118	1	1
k83_901225	1150	3351	-1	2
k83_901225	3341	4459	-1	3
k83_901225	4499	5440	-1	4
k83_901225	5580	6881	-1	5
k83_901225	7032	8036	1	6
k83_901225	8149	9060	1	7
k83_901225	9180	9371	1	8
k83_901225	9438	9743	-1	9
k83_907936	1	1089	-1	1
k83_913873	2	1435	-1	1
k83_913873	1652	2221	1	2
k83_913873	2224	3378	1	3
k83_913873	3668	5515	1	4
k83_913873	5524	6231	-1	5
k83_913873	6240	7112	-1	6
k83_916335	1	96	-1	1
k83_916335	470	1804	1	2
k83_916335	1806	2051	1	3
k83_916873	121	909	1	1
k83_916873	916	1809	1	2
k83_916873	1821	2216	1	3
k83_917405	41	766	-1	1
k83_917405	878	1669	1	2
k83_917405	1666	2007	-1	3
k83_917654	191	994	1	1
k83_917654	998	1636	1	2
k83_917654	1646	2665	1	3
k83_917838	1	243	-1	1
k83_917838	264	1421	-1	2
k83_917838	1470	1820	-1	3
k83_917838	1874	2545	-1	4
k83_917838	2560	3570	-1	5
k83_917838	3509	4093	-1	6
k83_917838	4098	4460	-1	7
k83_922212	2	928	-1	1
k83_923353	1	1278	-1	1
k83_923353	1542	1724	-1	2
k83_930000	1	273	1	1
k83_930000	279	917	1	2
k83_930000	967	1152	1	3
k83_930000	1314	2336	1	4
k83_930000	2333	3307	1	5
k83_930000	3387	4337	1	6
k83_930000	4365	5108	1	7
k83_930000	5201	5272	1	8
k83_933251	3	1409	1	1
k83_933251	1423	2214	1	2
k83_933251	2344	2883	1	3
k83_933251	2886	3062	1	4
k83_942758	2	2005	1	1
k83_945561	3	1217	1	1
k83_945561	1231	2121	-1	2
k83_946232	4	252	-1	1
k83_946232	363	833	1	2
k83_946232	830	2185	-1	3
k83_946232	2256	2549	-1	4
k83_946766	3	1280	1	1
k83_946766	1277	2257	1	2
k83_947282	1	132	-1	1
k83_947282	160	720	-1	2
k83_947282	717	1229	-1	3
k83_947974	3	1151	1	1
k83_947974	1248	2066	-1	2
k83_947974	2296	2583	1	3
k83_947974	2642	3667	-1	4
k83_947974	3871	4473	-1	5
k83_947974	4687	4848	-1	6
k83_950699	3	2045	-1	1
k83_950699	2042	3535	-1	2
k83_950699	3532	4026	-1	3
k83_950699	3971	5377	-1	4
k83_950699	5361	5576	-1	5
k83_950699	5606	6211	-1	6
k83_956272	1	504	1	1
k83_956272	511	1611	1	2
k83_959337	2	370	1	1
k83_959337	451	627	1	2
k83_959337	742	966	1	3
k83_959337	963	1655	1	4
k83_961766	3	575	-1	1
k83_961766	572	1654	-1	2
k83_961766	1685	2263	-1	3
k83_961766	2260	2736	-1	4
k83_962179	326	1738	-1	1
k83_962179	1921	2067	-1	2
k83_962179	2137	2262	-1	3
k83_978169	588	1205	-1	1
k83_978169	1216	1959	-1	2
k83_978169	2401	3540	1	3
k83_978169	3663	4169	1	4
k83_978169	4244	4819	-1	5
k83_982067	3	494	-1	1
k83_982067	509	2158	-1	2
k83_988542	1	1230	-1	1
k83_988542	1408	1635	-1	2
k83_988542	1923	3368	1	3
k83_988542	3428	5467	1	4
k83_990657	1	1374	1	1
k83_990657	1380	2156	1	2
k83_990657	2226	2735	1	3
k83_993716	3	98	-1	1
k83_993716	383	1327	1	2
k83_993716	1272	1526	1	3
k83_1000779	1	417	1	1
k83_1000779	448	834	-1	2
k83_1000779	975	2036	-1	3
k83_1001328	2	1780	1	1
k83_1001328	1777	3081	1	2
k83_1001328	3074	3994	1	3
k83_1004052	179	1681	1	1
k83_1004052	1659	3521	1	2
k83_1004052	3742	3888	-1	3
k83_1020250	2	991	1	1
k83_1020250	984	1748	1	2
k83_1020250	1787	1951	1	3
k83_1031712	2	310	1	1
k83_1031712	383	871	1	2
k83_1031712	1750	2166	1	3
k83_1031712	2241	2864	-1	4
k83_1031712	3199	3741	-1	5
k83_1031712	3769	5493	-1	6
k83_1031712	5653	6306	-1	7
k83_1039416	2	1309	-1	1
k83_1039416	1705	2868	1	2
k83_1039416	3105	5765	1	3
k83_1039416	6066	7049	1	4
k83_1039416	7239	7352	1	5
k83_1039416	7509	7775	1	6
k83_1044105	35	1189	-1	1
k83_1044105	1186	2262	-1	2
k83_1047746	98	376	1	1
k83_1047746	546	1367	-1	2
k83_1048804	2	817	1	1
k83_1048804	833	1702	-1	2
k83_1048804	1840	2175	-1	3
k83_1050899	1	291	1	1
k83_1050899	254	685	-1	2
k83_1050899	802	1314	1	3
k83_1050899	1350	1637	1	4
k83_1059435	1	2121	-1	1
k83_1059435	2140	3081	-1	2
k83_1059435	3358	3714	1	3
k83_1065596	2	670	1	1
k83_1065596	724	1926	1	2
k83_1072326	2	526	1	1
k83_1072326	519	1442	1	2
k83_1072326	1640	2581	1	3
k83_1072326	2632	3405	1	4
k83_1072326	3408	3998	1	5
k83_1072326	4081	4449	1	6
k83_1074542	3	86	1	1
k83_1074542	183	917	1	2
k83_1074542	1052	1417	1	3
k83_1074542	1480	2022	-1	4
k83_1077061	3	1805	-1	1
k83_1077061	1906	2802	-1	2
k83_1077061	2958	5450	1	3
k83_1077061	5471	5851	1	4
k83_1077349	1	198	1	1
k83_1077349	326	2656	1	2
k83_1077349	2754	3689	1	3
k83_1083281	1	885	-1	1
k83_1083281	1019	2023	1	2
k83_1083281	2295	2594	1	3
k83_1083281	2635	3204	1	4
k83_1083746	3	878	-1	1
k83_1083746	1096	1959	1	2
k83_1083746	2128	2793	1	3
k83_1093092	3	371	1	1
k83_1093092	394	1188	-1	2
k83_1093092	1610	1852	-1	3
k83_1093092	2199	3560	-1	4
k83_1093092	3673	4860	-1	5
k83_1093526	1	1500	1	1
k83_1093526	1508	1831	-1	2
k83_1093526	1837	2478	-1	3
k83_1093526	2608	4404	1	4
k83_1093526	4401	5126	1	5
k83_1098041	1	2241	1	1
k83_1098041	2266	4395	1	2
k83_1100429	1	132	1	1
k83_1100429	265	1080	-1	2
k83_1100429	1092	2486	-1	3
k83_1100429	2573	3421	-1	4
k83_1100429	3418	4359	-1	5
k83_1100429	4694	5113	-1	6
k83_1100429	5338	5832	1	7
k83_1100429	5839	6009	1	8
k83_1104180	3	458	-1	1
k83_1104180	570	2819	-1	2
k83_1104180	2822	3070	-1	3
k83_1109533	3	1298	-1	1
k83_1109533	1308	2093	-1	2
k83_1111685	3	2090	1	1
k83_1111685	2139	3542	1	2
k83_1111685	3564	4589	-1	3
k83_1111685	4726	5289	-1	4
k83_1111685	5309	5827	-1	5
k83_1111958	2	241	-1	1
k83_1111958	362	2206	-1	2
k83_1113969	1	348	1	1
k83_1113969	297	812	-1	2
k83_1114703	2	772	-1	1
k83_1114703	946	1353	-1	2
k83_1114703	1494	2843	1	3
k83_1114703	2840	4102	1	4
k83_1118837	2	1279	1	1
k83_1118837	1356	2360	1	2
k83_1118837	2518	2949	1	3
k83_1129102	3	1106	1	1
k83_1129102	1205	1594	1	2
k83_1134301	1	426	-1	1
k83_1134301	440	1372	-1	2
k83_1134301	1438	1653	-1	3
k83_1136974	2	871	1	1
k83_1136974	963	1619	1	2
k83_1136974	1634	2812	1	3
k83_1136974	3024	4328	1	4
k83_1136974	4332	4580	-1	5
k83_1141001	1	843	1	1
k83_1141001	840	1715	1	2
k83_1141001	1721	2536	1	3
k83_1141815	3	332	-1	1
k83_1141815	718	1476	-1	2
k83_1141815	1500	2792	1	3
k83_1156454	1	429	1	1
k83_1156454	419	1093	1	2
k83_1156454	1654	2832	1	3
k83_1157487	2	448	-1	1
k83_1157487	452	1696	-1	2
k83_1157487	1767	2366	-1	3
k83_1159858	29	430	1	1
k83_1159858	427	957	1	2
k83_1159858	954	1367	1	3
k83_1159858	1364	2035	1	4
k83_1164200	53	859	-1	1
k83_1164200	910	2613	-1	2
k83_1164200	2653	3030	-1	3
k83_1165605	1	723	-1	1
k83_1165605	869	1576	-1	2
k83_1174837	273	695	-1	1
k83_1174837	1032	1811	1	2
k83_1185068	3	296	-1	1
k83_1185068	304	1479	-1	2
k83_1185068	1486	3201	-1	3
k83_1189633	41	1492	-1	1
k83_1189633	1489	1980	-1	2
k83_1189633	1992	2486	-1	3
k83_1189698	1	2037	1	1
k83_1199861	250	516	1	1
k83_1199861	576	1370	1	2
k83_1199861	1500	1601	1	3
k83_1205260	1	126	1	1
k83_1205260	279	1142	1	2
k83_1205260	1165	1920	-1	3
k83_1205260	1923	2465	-1	4
k83_1205260	2503	2844	1	5
k83_1210388	2	301	-1	1
k83_1210388	346	1158	-1	2
k83_1210388	1171	2154	-1	3
k83_1210388	2278	3111	-1	4
k83_1211163	55	639	1	1
k83_1211163	658	1980	-1	2
k83_1211163	2157	2561	1	3
k83_1211163	2620	2961	1	4
k83_1218472	3	1415	-1	1
k83_1222609	1	999	1	1
k83_1222609	1239	1604	1	2
k83_1222609	1698	2285	-1	3
k83_1222609	2426	4471	-1	4
k83_1222609	4479	4895	-1	5
k83_1222609	5001	5726	-1	6
k83_1233560	3	140	-1	1
k83_1233560	193	783	-1	2
k83_1233560	972	2501	1	3
k83_1233560	2507	2722	1	4
k83_1233560	2767	3192	1	5
k83_1233560	3203	3826	-1	6
k83_1235644	1	777	1	1
k83_1235644	850	1443	-1	2
k83_1235644	1599	1934	1	3
k83_1235644	1947	2261	1	4
k83_1235644	2425	2718	-1	5
k83_1235644	2988	3233	-1	6
k83_1240987	3	440	1	1
k83_1240987	428	1480	1	2
k83_1240987	1488	2432	1	3
k83_1240987	2477	2926	1	4
k83_1243420	110	811	-1	1
k83_1243420	1183	2595	1	2
k83_1243420	2587	4335	-1	3
k83_1243420	4351	5325	-1	4
k83_1243420	5415	7403	-1	5
k83_1243420	7989	8246	1	6
k83_1243663	1	393	-1	1
k83_1243663	574	972	1	2
k83_1243663	1108	1284	-1	3
k83_1243663	1701	2135	-1	4
k83_1243663	2557	2994	1	5
k83_1245737	2	298	1	1
k83_1245737	823	1557	1	2
k83_1245737	1557	2738	1	3
k83_1246321	174	455	-1	1
k83_1246321	625	951	-1	2
k83_1246321	1053	1562	-1	3
k83_1246321	1567	2286	-1	4
k83_1248752	3	761	-1	1
k83_1248752	1123	1644	1	2
k83_1248752	1726	2445	1	3
k83_1253216	21	203	-1	1
k83_1253216	200	1711	-1	2
k83_1254494	1	1611	1	1
k83_1254494	1632	1799	1	2
k83_1265042	1	780	-1	1
k83_1265042	792	1583	-1	2
k83_1265042	1593	2306	-1	3
k83_1268621	50	334	1	1
k83_1268621	349	2562	1	2
k83_1268911	307	1632	-1	1
k83_1270630	2	856	-1	1
k83_1270630	1000	1209	1	2
k83_1270630	1206	1595	1	3
k83_1270630	1741	2109	-1	4
k83_1270630	2207	2434	1	5
k83_1274802	1	723	1	1
k83_1274802	737	1924	1	2
k83_1278099	3	824	1	1
k83_1278099	957	1739	1	2
k83_1284947	3	578	-1	1
k83_1284947	695	1762	1	2
k83_1284947	1832	2659	-1	3
k83_1284947	2750	4291	1	4
k83_1284947	4420	4851	-1	5
k83_1284947	4848	5084	-1	6
k83_1284947	5117	5803	-1	7
k83_1290723	1	474	-1	1
k83_1290723	638	1204	-1	2
k83_1290723	1590	2039	-1	3
k83_1291161	1	918	1	1
k83_1291161	1039	1497	-1	2
k83_1291161	1617	3101	-1	3
k83_1291161	3103	3927	-1	4
k83_1291161	3920	4636	-1	5
k83_1291273	1	516	1	1
k83_1291273	513	1253	1	2
k83_1291273	1246	1602	1	3
k83_1291273	1605	2462	1	4
k83_1292694	1	285	1	1
k83_1292694	285	1112	1	2
k83_1292694	1085	2125	1	3
k83_1292694	2284	2424	1	4
k83_1293857	3	212	1	1
k83_1293857	494	901	-1	2
k83_1293857	951	2405	-1	3
k83_1293857	2409	2855	-1	4
k83_1295880	1	528	1	1
k83_1295880	713	1645	1	2
k83_1295880	1852	2652	1	3
k83_1295880	2673	3635	1	4
k83_1295880	3876	4586	1	5
k83_1295880	4930	5478	1	6
k83_1295880	5677	6393	1	7
k83_1295880	6563	6661	1	8
k83_1297087	143	1099	1	1
k83_1297087	1087	2199	1	2
k83_1297087	2196	2930	1	3
k83_1297087	2909	3739	1	4
k83_1298349	184	2220	-1	1
k83_1298349	2318	3211	1	2
k83_1298349	3223	4239	-1	3
k83_1298349	4236	5072	-1	4
k83_1303481	127	1485	1	1
k83_1303481	1596	1886	1	2
k83_1303481	2248	2547	-1	3
k83_1303481	2651	3469	-1	4
k83_1303481	3602	3949	-1	5
k83_1308295	2	1558	-1	1
k83_1308295	1558	1881	-1	2
k83_1308295	1878	2882	-1	3
k83_1308295	3171	4196	1	4
k83_1310028	3	497	-1	1
k83_1310028	579	1271	-1	2
k83_1310028	1326	3098	-1	3
k83_1310028	3099	4433	-1	4
k83_1311928	3	842	-1	1
k83_1311928	1055	1363	-1	2
k83_1311928	1378	2037	-1	3
k83_1311928	2173	2625	1	4
k83_1311928	2835	3380	-1	5
k83_1311928	3542	3862	1	6
k83_1311928	3837	4367	-1	7
k83_1311928	4554	4997	1	8
k83_1311928	5052	5378	1	9
k83_1311928	5400	5912	1	10
k83_1311928	5970	6152	-1	11
k83_1311928	6133	6381	-1	12
k83_1311928	6400	6945	-1	13
k83_1312397	3	2096	-1	1
k83_1315856	1	1203	1	1
k83_1315856	1196	3262	-1	2
k83_1315856	3240	3833	-1	3
k83_1319930	1	1395	-1	1
k83_1319930	1578	2387	-1	2
k83_1321776	1	417	-1	1
k83_1321776	414	1295	-1	2
k83_1321776	1426	1647	1	3
k83_1326451	1	840	1	1
k83_1326451	889	1482	-1	2
k83_1326451	1691	2362	1	3
k83_1326451	2464	2850	1	4
k83_1326451	2861	3742	-1	5
k83_1329589	128	1531	-1	1
k83_1329589	1637	2659	-1	2
k83_1331509	2	868	1	1
k83_1331509	865	1620	1	2
k83_1331509	1664	2128	1	3
k83_1334973	3	311	-1	1
k83_1334973	468	2951	-1	2
k83_1334973	3114	3443	-1	3
k83_1334973	3457	5664	-1	4
k83_1336599	205	1665	1	1
k83_1349890	3	761	-1	1
k83_1349890	758	1657	-1	2
k83_1349890	1654	2346	-1	3
k83_1349890	2374	2772	-1	4
k83_1349890	2769	3251	-1	5
k83_1359193	1	474	-1	1
k83_1359193	478	1605	-1	2
k83_1359193	1861	2178	1	3
k83_1361183	64	744	1	1
k83_1361183	1139	1627	-1	2
k83_1361183	2361	2804	-1	3
k83_1366144	3	173	-1	1
k83_1366144	305	472	-1	2
k83_1366144	485	1234	-1	3
k83_1366144	1231	1950	-1	4
k83_1366144	1961	5194	-1	5
k83_1366144	5431	6900	-1	6
k83_1366144	6922	7362	-1	7
k83_1374065	183	830	1	1
k83_1374065	839	1537	-1	2
k83_1374065	1654	2145	1	3
k83_1375903	3	188	-1	1
k83_1375903	274	1596	-1	2
k83_1375903	1600	2637	-1	3
k83_1375903	2694	2789	-1	4
k83_1375903	2823	3185	-1	5
k83_1377104	71	484	1	1
k83_1377104	694	1509	-1	2
k83_1377104	1598	2239	-1	3
k83_1381877	1	918	-1	1
k83_1381877	929	1474	-1	2
k83_1381877	1787	2680	-1	3
k83_1386168	418	1059	-1	1
k83_1386168	1062	1613	-1	2
k83_1386168	1610	2716	-1	3
k83_1386168	2733	2945	-1	4
k83_1386168	3076	3729	-1	5
k83_1387535	3	926	1	1
k83_1387535	941	2251	1	2
k83_1387535	2267	3757	-1	3
k83_1387535	3789	4616	-1	4
k83_1391333	1	1083	1	1
k83_1391333	1088	1498	1	2
k83_1391333	1657	2601	1	3
k83_1391333	2697	3284	1	4
k83_1391333	3509	3841	1	5
k83_1393154	1	69	1	1
k83_1393154	111	1817	1	2
k83_1393154	1890	2084	1	3
k83_1393154	2087	2296	1	4
k83_1393154	2616	2972	1	5
k83_1393154	3014	3322	-1	6
k83_1394366	3	356	-1	1
k83_1394366	540	842	-1	2
k83_1394366	845	1486	-1	3
k83_1394366	1552	1821	-1	4
k83_1394883	45	959	1	1
k83_1394883	956	1732	1	2
k83_1394883	1725	2324	-1	3
k83_1394883	2627	3838	1	4
k83_1394883	3835	3945	1	5
k83_1398157	2	835	-1	1
k83_1398157	832	2289	-1	2
k83_1398157	2418	2690	1	3
k83_1398157	2752	2976	1	4
k83_1398157	3094	3423	1	5
k83_1398157	3393	4211	-1	6
k83_1398157	4219	5112	-1	7
k83_1398157	5109	5771	-1	8
k83_1398157	5775	6992	-1	9
k83_1398157	7086	8603	-1	10
k83_1406055	1	255	1	1
k83_1406055	252	2225	1	2
k83_1406055	2426	3622	1	3
k83_1406055	3657	4067	1	4
k83_1407211	29	1606	-1	1
k83_1407211	1821	2120	-1	2
k83_1407211	2219	2503	-1	3
k83_1407211	2896	3279	-1	4
k83_1412356	3	230	1	1
k83_1412356	258	1436	1	2
k83_1412356	1487	1918	1	3
k83_1412356	1971	2417	1	4
k83_1412356	2479	3411	1	5
k83_1412356	3405	4262	-1	6
k83_1412356	4256	4444	-1	7
k83_1412356	4567	4734	-1	8
k83_1412356	4846	5460	-1	9
k83_1416887	2	133	-1	1
k83_1416887	219	824	-1	2
k83_1416887	1018	1554	-1	3
k83_1419205	44	226	-1	1
k83_1419205	379	744	1	2
k83_1419205	860	1291	-1	3
k83_1419205	1418	1804	-1	4
k83_1419205	1958	2383	1	5
k83_1419205	2418	3098	-1	6
k83_1421809	29	598	1	1
k83_1421809	622	1134	-1	2
k83_1421809	1252	1959	1	3
k83_1423968	2	730	1	1
k83_1423968	944	1936	1	2
k83_1427703	3	737	1	1
k83_1427703	756	1643	1	2
k83_1430911	2	3124	-1	1
k83_1430911	3350	4042	-1	2
k83_1430911	4032	6473	-1	3
k83_1430914	3	422	-1	1
k83_1430914	446	1390	-1	2
k83_1430914	1530	3686	-1	3
k83_1431330	1	90	-1	1
k83_1431330	169	399	-1	2
k83_1431330	436	1185	-1	3
k83_1431330	1188	1433	-1	4
k83_1433342	3	1598	1	1
k83_1433342	1602	2309	1	2
k83_1446501	38	412	-1	1
k83_1446501	534	1538	-1	2
k83_1456009	1	315	-1	1
k83_1456009	385	1926	1	2
k83_1456009	1944	2384	-1	3
k83_1456009	2446	3465	1	4
k83_1463454	3	1058	-1	1
k83_1463454	1096	1950	-1	2
k83_1463454	1950	2351	-1	3
k83_1463454	2326	2832	-1	4
k83_1463454	2829	4019	-1	5
k83_1465766	49	1377	1	1
k83_1465766	1381	1821	-1	2
k83_1465766	1818	2699	-1	3
k83_1465766	2750	3316	-1	4
k83_1465766	3435	3887	-1	5
k83_1465766	3891	4415	-1	6
k83_1465766	4424	6040	-1	7
k83_1465766	6089	6568	-1	8
k83_1468149	1	288	-1	1
k83_1468149	314	877	-1	2
k83_1468149	882	2378	-1	3
k83_1468149	2389	3048	-1	4
k83_1469234	18	401	1	1
k83_1469234	421	777	1	2
k83_1469234	790	1509	1	3
k83_1469234	1518	3338	1	4
k83_1469234	3360	3572	1	5
k83_1469234	3578	3892	-1	6
k83_1477585	3	296	1	1
k83_1477585	424	2421	1	2
k83_1486187	3	149	-1	1
k83_1486187	247	441	-1	2
k83_1486187	438	1970	-1	3
k83_1486187	1973	3700	-1	4
k83_1486187	3763	4896	-1	5
k83_1486187	4896	5318	-1	6
k83_1486187	5320	6186	-1	7
k83_1486187	6361	6999	1	8
k83_1486187	6996	7193	1	9
k83_1486494	2	139	1	1
k83_1486494	155	421	1	2
k83_1486494	445	1587	1	3
k83_1486494	1658	2026	1	4
k83_1486494	2106	2411	1	5
k83_1486494	2451	2993	1	6
k83_1486494	2997	5024	1	7
k83_1486494	5040	6806	1	8
k83_1486494	6889	7134	1	9
k83_1486494	7144	7626	1	10
k83_1486494	7656	9122	-1	11
k83_1496848	2	814	1	1
k83_1496848	811	1068	1	2
k83_1496848	1073	3001	1	3
k83_1496848	2998	4221	1	4
k83_1496848	4230	5417	1	5
k83_1496848	5410	6939	1	6
k83_1496848	6943	7110	1	7
k83_1497290	380	1189	1	1
k83_1497290	1524	3260	1	2
k83_1505902	113	535	-1	1
k83_1505902	674	2434	1	2
k83_1505902	2479	3072	1	3
k83_1531471	3	326	-1	1
k83_1531471	349	1857	-1	2
k83_1531471	1918	2586	-1	3
k83_1531471	2583	3272	-1	4
k83_1534270	3	656	1	1
k83_1534270	684	1307	1	2
k83_1534270	1318	2034	1	3
k83_1534649	3	161	-1	1
k83_1534649	286	732	-1	2
k83_1534649	820	1497	-1	3
k83_1534649	1595	1756	-1	4
k83_1536915	165	2132	1	1
k83_1536915	2227	2496	1	2
k83_1536915	2546	3067	-1	3
k83_1536915	3384	3611	1	4
k83_1536915	3729	4457	1	5
k83_1536915	4511	5557	-1	6
k83_1536915	6026	6607	-1	7
k83_1537247	7	1797	-1	1
k83_1538242	3	1631	-1	1
k83_1538242	1921	2391	1	2
k83_1538365	2	394	-1	1
k83_1538365	643	993	1	2
k83_1538365	1044	1451	1	3
k83_1538365	1506	1712	1	4
k83_1541592	1	1617	1	1
k83_1541592	1614	1796	1	2
k83_1547178	246	1595	1	1
k83_1547178	1662	1898	1	2
k83_1547178	2076	3437	1	3
k83_1547178	3772	4428	-1	4
k83_1547178	4508	4708	-1	5
k83_1549367	1	453	1	1
k83_1549367	453	1274	1	2
k83_1549367	1271	2167	1	3
k83_1551315	97	486	-1	1
k83_1551315	547	1290	-1	2
k83_1551315	1328	1792	-1	3
k83_1552401	2	1888	1	1
k83_1552401	2030	2371	1	2
k83_1554286	1	570	-1	1
k83_1554286	636	950	-1	2
k83_1554286	1227	1397	1	3
k83_1554286	1486	2259	-1	4
k83_1554286	2392	2772	-1	5
k83_1554286	2898	3128	-1	6
k83_1567087	3	1481	-1	1
k83_1567087	1465	3441	-1	2
k83_1572343	3	1262	1	1
k83_1572343	1259	1906	1	2
k83_1572343	2087	2566	1	3
k83_1572343	2603	2824	1	4
k83_1576665	1	333	1	1
k83_1576665	317	1027	1	2
k83_1576665	1036	1773	1	3
k83_1576665	1813	2220	1	4
k83_1576665	2233	2331	1	5
k83_1578467	2	3340	-1	1
k83_1578467	3389	3871	-1	2
k83_1578467	4064	4753	1	3
k83_1582755	3	323	1	1
k83_1582755	340	696	1	2
k83_1582755	707	1642	-1	3
k83_1582936	32	1384	1	1
k83_1582936	1393	2175	1	2
k83_1582936	2183	3616	1	3
k83_1587609	2	565	-1	1
k83_1587609	1751	2257	1	2
k83_1588799	2	565	-1	1
k83_1588799	749	3355	-1	2
k83_1588842	3	1028	-1	1
k83_1588842	1116	1724	-1	2
k83_1593337	1	348	1	1
k83_1593337	441	1259	1	2
k83_1593337	1287	1598	1	3
k83_1593337	1603	2037	1	4
k83_1593337	2182	2616	1	5
k83_1593337	2712	3329	-1	6
k83_1593337	3326	3757	-1	7
k83_1593337	3874	5814	1	8
k83_1596504	1	708	1	1
k83_1596504	726	1085	1	2
k83_1596504	1082	1906	1	3
k83_1598822	117	557	1	1
k83_1598822	554	1750	1	2
k83_1598822	1747	2031	1	3
k83_1606026	66	578	-1	1
k83_1606026	575	1009	-1	2
k83_1606026	1017	2405	-1	3
k83_1606026	2580	3656	-1	4
k83_1610047	1	384	1	1
k83_1610047	449	1201	1	2
k83_1610047	1288	1737	-1	3
k83_1610047	2254	2763	-1	4
k83_1610047	2811	4214	-1	5
k83_1610047	4214	5668	-1	6
k83_1626455	1	213	1	1
k83_1626455	257	421	-1	2
k83_1626455	638	1372	-1	3
k83_1626455	1414	2691	-1	4
k83_1626455	2936	3337	1	5
k83_1626455	3439	4689	-1	6
k83_1626455	4786	7110	-1	7
k83_1626455	7295	8080	-1	8
k83_1637291	310	2085	1	1
k83_1641429	3	656	1	1
k83_1641429	656	1261	1	2
k83_1641429	1299	2309	1	3
k83_1641429	2381	2692	1	4
k83_1646672	203	1561	1	1
k83_1646672	1600	2787	-1	2
k83_1646672	2817	3536	1	3
k83_1646672	3533	4009	1	4
k83_1646672	4014	4175	1	5
k83_1652001	1	183	1	1
k83_1652001	183	1121	1	2
k83_1652001	1131	1763	1	3
k83_1652001	1797	2789	1	4
k83_1652001	2802	3299	1	5
k83_1652001	3303	3935	1	6
k83_1661815	1	1089	-1	1
k83_1661815	1220	1633	1	2
k83_1661815	1778	2791	1	3
k83_1661815	2883	2999	1	4
k83_1677731	2	724	1	1
k83_1677731	803	1798	1	2
k83_1677731	1824	2591	1	3
k83_1677731	2601	3281	-1	4
k83_1677877	28	546	1	1
k83_1677877	500	2395	1	2
k83_1677877	2655	2885	1	3
k83_1680374	3	1019	1	1
k83_1680374	1077	1853	-1	2
k83_1680374	2005	2511	1	3
k83_1684977	3	1949	1	1
k83_1688820	3	737	1	1
k83_1688820	853	2109	1	2
k83_1688820	2463	2828	1	3
k83_1693997	546	1235	1	1
k83_1693997	1283	1723	1	2
k83_1693997	1767	2201	1	3
k83_1693997	2222	2869	1	4
k83_1693997	2866	3684	1	5
k83_1704487	1	84	1	1
k83_1704487	110	865	1	2
k83_1704487	964	1716	1	3
k83_1704487	1859	2581	1	4
k83_1708732	1	663	1	1
k83_1708732	660	2132	1	2
k83_1708732	2284	2925	1	3
k83_1711127	452	1471	1	1
k83_1711127	1588	2052	1	2
k83_1711127	2071	2166	-1	3
k83_1713374	3	209	-1	1
k83_1713374	264	704	-1	2
k83_1713374	1058	1468	1	3
k83_1713374	1574	2059	-1	4
k83_1717677	2	73	-1	1
k83_1717677	92	1648	-1	2
k83_1717677	1694	2638	-1	3
k83_1717677	2611	3516	-1	4
k83_1717677	3529	3630	-1	5
k83_1722134	3	776	-1	1
k83_1722134	777	1214	-1	2
k83_1722134	1368	1553	1	3
k83_1722471	3	2204	-1	1
k83_1722471	2204	3205	-1	2
k83_1726544	3	293	-1	1
k83_1726544	479	697	-1	2
k83_1726544	727	1491	-1	3
k83_1726544	1488	2144	-1	4
k83_1726544	2151	2504	-1	5
k83_1727050	140	304	1	1
k83_1727050	558	659	1	2
k83_1727050	754	1320	1	3
k83_1727050	1397	2155	1	4
k83_1731641	2	64	-1	1
k83_1731641	478	726	1	2
k83_1731641	746	1168	1	3
k83_1731641	1811	2620	1	4
k83_1731641	2629	4152	1	5
k83_1747603	3	419	-1	1
k83_1747603	561	1259	1	2
k83_1747603	1256	2185	1	3
k83_1747603	2188	2457	-1	4
k83_1747603	2626	2826	1	5
k83_1751987	3	113	-1	1
k83_1751987	88	1176	-1	2
k83_1751987	1203	3365	-1	3
k83_1753672	3	1442	1	1
k83_1753672	1458	2858	1	2
k83_1753672	2906	3103	1	3
k83_1767738	2	820	-1	1
k83_1767738	792	905	-1	2
k83_1767738	905	1309	-1	3
k83_1767738	1561	1962	-1	4
k83_1767738	1984	2538	-1	5
k83_1776250	1	813	-1	1
k83_1776250	813	1700	-1	2
k83_1790926	656	1102	1	1
k83_1790926	1139	3079	-1	2
k83_1795721	1	675	1	1
k83_1795721	678	1031	1	2
k83_1795721	1156	1662	-1	3
k83_1799320	1	759	1	1
k83_1799320	919	2166	1	2
k83_1799320	2174	2545	1	3
k83_1799320	2678	2944	1	4
k83_1800549	3	332	1	1
k83_1800549	393	1397	1	2
k83_1800549	1390	1944	1	3
k83_1808366	2	187	-1	1
k83_1808366	301	2028	-1	2
k83_1810879	1	498	-1	1
k83_1810879	1025	1606	1	2
k83_1827349	1	1812	1	1
k83_1827349	1901	2872	1	2
k83_1827349	2971	4035	1	3
k83_1827349	4036	4536	1	4
k83_1827349	4539	5036	1	5
k83_1828102	1	246	1	1
k83_1828102	251	694	1	2
k83_1828102	710	1219	-1	3
k83_1828102	1393	1581	1	4
k83_1828102	1620	2453	-1	5
k83_1828102	2621	4276	-1	6
k83_1828102	4424	5617	1	7
k83_1828102	5733	6248	-1	8
k83_1828102	6366	6707	1	9
k83_1828102	6762	6965	1	10
k83_1833212	46	342	-1	1
k83_1833212	376	1056	-1	2
k83_1833212	1091	2164	1	3
k83_1833212	2217	2423	-1	4
k83_1833212	2519	3649	-1	5
k83_1833212	3652	3918	-1	6
k83_1833212	3983	4213	1	7
k83_1833212	4223	4543	1	8
k83_1833212	4559	5218	1	9
k83_1833212	5675	6190	1	10
k83_1833212	6221	7108	-1	11
k83_1833212	7108	7548	-1	12
k83_1838604	45	326	1	1
k83_1838604	408	1091	1	2
k83_1838604	1224	1748	1	3
k83_1841167	1	1074	1	1
k83_1841167	1094	1711	1	2
k83_1841167	1778	2599	-1	3
k83_1841167	2596	3789	-1	4
k83_1841167	3837	4493	-1	5
k83_1841167	4484	4795	-1	6
k83_1841167	4821	5237	-1	7
k83_1844630	1	195	-1	1
k83_1844630	212	1489	-1	2
k83_1866536	1	285	1	1
k83_1866536	310	438	1	2
k83_1866536	435	956	1	3
k83_1866536	966	1214	1	4
k83_1866536	1344	2030	-1	5
k83_1866536	2130	2804	-1	6
k83_1866536	2823	3608	-1	7
k83_1866536	3613	4317	-1	8
k83_1866708	1	180	1	1
k83_1866708	219	431	1	2
k83_1866708	428	1099	-1	3
k83_1866708	1096	1773	-1	4
k83_1872147	1	1365	1	1
k83_1872147	1344	2759	1	2
k83_1872147	2777	3037	-1	3
k83_1872147	3383	3520	1	4
k83_1886473	3	701	1	1
k83_1886473	759	1421	1	2
k83_1886473	1494	3209	1	3
k83_1886473	3222	3983	1	4
k83_1886473	4018	4302	1	5
k83_1886473	4316	4990	1	6
k83_1886473	4975	6063	1	7
k83_1886473	6422	6517	1	8
k83_1891382	1	714	-1	1
k83_1891382	720	1793	-1	2
k83_1892297	2	937	1	1
k83_1892297	934	1719	1	2
k83_1893308	3	236	-1	1
k83_1893308	233	1081	-1	2
k83_1893308	1233	2789	-1	3
k83_1893308	2924	4390	-1	4
k83_1893308	4432	5073	-1	5
k83_1897161	1	687	1	1
k83_1897161	736	3543	1	2
k83_1897219	1	972	-1	1
k83_1897219	1151	1639	-1	2
k83_1897219	1695	2033	1	3
k83_1898168	47	451	1	1
k83_1898168	438	1298	-1	2
k83_1898168	1295	1918	-1	3
k83_1898168	2054	3097	1	4
k83_1898168	3194	4438	1	5
k83_1898168	4435	5235	1	6
k83_1898168	5465	5611	-1	7
k83_1903094	2	547	1	1
k83_1903094	696	1154	1	2
k83_1903094	1151	1489	1	3
k83_1903094	1482	2981	1	4
k83_1906722	19	1308	-1	1
k83_1906722	1305	2249	-1	2
k83_1906722	2482	2799	1	3
k83_1906722	2804	3649	-1	4
k83_1908053	2	385	-1	1
k83_1908053	382	849	-1	2
k83_1908053	846	1373	-1	3
k83_1908053	1370	3361	-1	4
k83_1908053	3376	3840	-1	5
k83_1908053	3837	4010	-1	6
k83_1908053	4007	4105	-1	7
k83_1910018	3	632	1	1
k83_1910018	633	1652	1	2
k83_1910018	1699	2244	-1	3
k83_1916691	1	963	1	1
k83_1916691	981	2462	1	2
k83_1916691	2469	3746	1	3
k83_1916691	3785	4123	1	4
k83_1925292	702	1811	1	1
k83_1925292	1921	2586	1	2
k83_1925292	3065	3304	-1	3
k83_1929200	48	587	1	1
k83_1929200	490	1164	-1	2
k83_1929200	1306	2187	-1	3
k83_1929200	2196	3404	-1	4
k83_1930204	1	468	-1	1
k83_1930204	601	1605	-1	2
k83_1931362	3	314	1	1
k83_1931362	462	1232	1	2
k83_1931362	1210	1623	1	3
k83_1931362	1710	2273	-1	4
k83_1931362	2422	2853	1	5
k83_1931362	2923	3990	1	6
k83_1931362	4006	4383	1	7
k83_1937159	3	446	-1	1
k83_1937159	571	1209	-1	2
k83_1937159	1439	2185	-1	3
k83_1937159	2236	3108	-1	4
k83_1940738	1	348	-1	1
k83_1940738	430	849	1	2
k83_1940738	719	1591	-1	3
k83_1940776	46	816	-1	1
k83_1940776	950	1186	1	2
k83_1940776	1183	1710	-1	3
k83_1940776	1735	2265	-1	4
k83_1941228	2	1336	1	1
k83_1941228	1989	3095	1	2
k83_1941228	3092	3832	1	3
k83_1941228	3846	4109	1	4
k83_1941228	4124	4486	1	5
k83_1943075	1	747	-1	1
k83_1943075	825	1919	1	2
k83_1953908	410	1594	1	1
k83_1953908	1683	2837	-1	2
k83_1953908	3095	3436	-1	3
k83_1955848	3	839	1	1
k83_1955848	1219	1653	1	2
k83_1955848	2434	2709	1	3
k83_1955848	2753	3148	-1	4
k83_1959165	105	368	-1	1
k83_1959165	512	1486	1	2
k83_1959165	1634	2182	1	3
k83_1960053	1	255	-1	1
k83_1960053	388	1407	-1	2
k83_1960053	1404	1739	-1	3
k83_1966881	30	644	1	1
k83_1966881	734	2110	1	2
k83_1966881	2107	3102	1	3
k83_1966881	3146	3511	-1	4
k83_1966881	3722	4492	1	5
k83_1966881	4568	5989	-1	6
k83_1966881	6004	6492	-1	7
k83_1966881	6506	7540	-1	8
k83_1966881	7552	8190	-1	9
k83_1969208	2	178	1	1
k83_1969208	189	653	1	2
k83_1969208	682	1056	1	3
k83_1969208	1112	1558	1	4
k83_1969208	1605	2828	-1	5
k83_1973088	170	1432	1	1
k83_1973088	1540	1860	1	2
k83_1973088	1882	2223	1	3
k83_1973088	2247	2480	1	4
k83_1973088	2819	3484	1	5
k83_1977467	47	664	1	1
k83_1977467	667	2496	1	2
k83_1980989	3	1499	-1	1
k83_1980989	1520	1642	-1	2
k83_1985838	1	1554	1	1
k83_1985838	1629	2144	1	2
k83_1985838	2212	2559	1	3
k83_1985838	2581	3489	1	4
k83_1986171	1	651	-1	1
k83_1986171	857	1390	-1	2
k83_1986171	1608	2519	1	3
k83_1986171	2630	2782	1	4
k83_1986171	2864	2992	-1	5
k83_1986171	3227	4453	-1	6
k83_1988265	1	297	1	1
k83_1988265	297	1709	1	2
k83_1988265	1706	1969	1	3
k83_1988265	2044	3306	1	4
k83_1988265	3355	4227	1	5
k83_1988265	4257	5060	1	6
k83_2000448	3	800	1	1
k83_2000448	827	1951	1	2
k83_2000448	2010	2867	1	3
k83_2004282	1	789	-1	1
k83_2004282	1103	2233	-1	2
k83_2010245	1	384	1	1
k83_2010245	534	1898	-1	2
k83_2010245	1904	2308	-1	3
k83_2010245	2373	3383	-1	4
k83_2010310	1	1764	-1	1
k83_2012089	15	272	-1	1
k83_2012089	404	1684	-1	2
k83_2012089	2109	2183	1	3
k83_2020307	1	1524	1	1
k83_2020307	1565	2179	-1	2
k83_2020322	141	1157	-1	1
k83_2020322	1365	2399	1	2
k83_2021790	3	1250	-1	1
k83_2021790	1334	1843	-1	2
k83_2022646	2	793	1	1
k83_2022646	794	2194	1	2
k83_2025322	845	1522	-1	1
k83_2027163	3	890	-1	1
k83_2027163	1445	2128	1	2
k83_2037580	2	349	-1	1
k83_2037580	577	1224	1	2
k83_2037580	1311	2642	1	3
k83_2037580	2649	3839	-1	4
k83_2037580	3815	4405	-1	5
k83_2037580	4480	4734	-1	6
k83_2037580	4769	4873	-1	7
k83_2037580	4851	5552	-1	8
k83_2037580	5739	5912	1	9
k83_2037580	6390	6758	1	10
k83_2037580	6755	7075	1	11
k83_2040928	1	1092	1	1
k83_2040928	1119	1409	1	2
k83_2040928	1409	1882	1	3
k83_2040928	1886	2830	1	4
k83_2040928	2852	3121	1	5
k83_2040928	3266	3802	1	6
k83_2047024	3	1580	1	1
k83_2047024	1919	3190	1	2
k83_2049083	3	1079	-1	1
k83_2049083	1398	1625	-1	2
k83_2049083	1636	2385	-1	3
k83_2052626	3	2048	1	1
k83_2052626	2057	2605	-1	2
k83_2052626	2694	3260	-1	3
k83_2052626	3535	3900	1	4
k83_2055875	1	1614	1	1
k83_2067030	1	723	-1	1
k83_2067030	969	2264	-1	2
k83_2067030	2840	3055	1	3
k83_2079239	2	2335	-1	1
k83_2081778	146	2371	1	1
k83_2081778	2390	3199	1	2
k83_2082508	431	688	-1	1
k83_2082508	712	3363	-1	2
k83_2082508	3376	3807	-1	3
k83_2082508	3959	4282	1	4
k83_2082508	4290	4709	1	5
k83_2082508	4706	5365	-1	6
k83_2082508	5443	5637	-1	7
k83_2082508	5688	6143	-1	8
k83_2085275	32	235	1	1
k83_2085275	254	1762	1	2
k83_2085275	1817	2380	1	3
k83_2085275	2504	2830	1	4
k83_2086861	1	1527	1	1
k83_2086861	1829	2143	1	2
k83_2086861	2328	2552	1	3
k83_2086861	2635	3045	1	4
k83_2092532	1	177	1	1
k83_2092532	203	2704	1	2
k83_2096830	1	420	-1	1
k83_2096830	496	852	-1	2
k83_2096830	989	1828	1	3
k83_2096830	1837	2022	1	4
k83_2102947	2	796	1	1
k83_2102947	789	1427	1	2
k83_2102947	1399	1662	1	3
k83_2106568	2	1117	-1	1
k83_2106568	1275	1760	-1	2
k83_2106568	1760	2200	-1	3
k83_2106568	2487	2927	-1	4
k83_2111583	137	1003	1	1
k83_2111583	1000	2277	-1	2
k83_2123296	2	751	1	1
k83_2123296	765	1802	1	2
k83_2123296	2545	3810	-1	3
k83_2123296	4556	4825	-1	4
k83_2123296	5111	5452	-1	5
k83_2123296	5495	5734	-1	6
k83_2127648	31	180	1	1
k83_2127648	229	957	1	2
k83_2127648	977	2215	1	3
k83_2127648	2225	2695	1	4
k83_2130758	2	991	-1	1
k83_2130758	1001	1978	-1	2
k83_2130758	1980	2591	-1	3
k83_2134843	3	785	1	1
k83_2134843	855	1409	1	2
k83_2134843	1406	1528	1	3
k83_2135332	175	786	1	1
k83_2135332	783	1136	1	2
k83_2135332	1117	1437	1	3
k83_2135332	1434	1976	1	4
k83_2135332	2086	2769	1	5
k83_2135332	2950	4095	1	6
k83_2135332	4219	4734	1	7
k83_2135332	4848	5354	1	8
k83_2135332	5419	6864	1	9
k83_2160110	2	757	-1	1
k83_2160110	862	1494	-1	2
k83_2160110	1530	1883	-1	3
k83_2160110	1959	2135	-1	4
k83_2160851	3	407	1	1
k83_2160851	434	2095	-1	2
k83_2164352	3	1547	-1	1
k83_2172604	1	360	1	1
k83_2172604	360	746	1	2
k83_2172604	796	1191	1	3
k83_2172604	1229	1585	1	4
k83_2172604	1656	1979	1	5
k83_2172604	1990	3960	-1	6
k83_2172604	4050	4160	-1	7
k83_2172604	4395	4835	1	8
k83_2174584	41	1057	1	1
k83_2174584	1054	1758	1	2
k83_2174584	1691	2098	-1	3
k83_2174584	2338	2943	-1	4
k83_2174584	3008	3715	-1	5
k83_2174584	3729	4592	-1	6
k83_2180167	15	1028	-1	1
k83_2180167	1085	1588	-1	2
k83_2182123	3	98	-1	1
k83_2182123	290	1159	-1	2
k83_2182123	1276	1503	1	3
k83_2183896	1	189	1	1
k83_2183896	344	688	-1	2
k83_2183896	863	1414	-1	3
k83_2183896	2454	2591	1	4
k83_2199046	2	172	1	1
k83_2199046	216	1085	1	2
k83_2199046	1173	2132	1	3
k83_2199046	2122	2724	-1	4
k83_2199046	2840	3205	1	5
k83_2199569	40	447	-1	1
k83_2199569	449	922	-1	2
k83_2199569	933	2321	-1	3
k83_2199836	5	481	-1	1
k83_2199836	574	816	-1	2
k83_2199836	843	1373	-1	3
k83_2199836	1542	1955	1	4
k83_2200151	1	111	-1	1
k83_2200151	308	1366	1	2
k83_2200151	1613	2392	1	3
k83_2200151	2379	2678	-1	4
k83_2206756	2	343	1	1
k83_2206756	360	1187	-1	2
k83_2206756	1212	2585	-1	3
k83_2206756	2590	3966	-1	4
k83_2206756	3989	5077	-1	5
k83_2206756	5237	7168	1	6
k83_2207074	28	300	1	1
k83_2207074	314	466	1	2
k83_2207074	463	1038	1	3
k83_2207074	1596	2348	1	4
k83_2207074	2355	2693	-1	5
k83_2207074	2697	3260	-1	6
k83_2207074	3387	3725	-1	7
k83_2207074	3758	4471	-1	8
k83_2210054	2	1090	1	1
k83_2210054	1116	1763	1	2
k83_2214505	2	1015	-1	1
k83_2214505	1107	1661	1	2
k83_2214505	1689	1937	1	3
k83_2214505	1959	2462	-1	4
k83_2214505	2687	2863	1	5
k83_2221248	1	387	-1	1
k83_2221248	455	1246	1	2
k83_2221248	1224	1490	-1	3
k83_2221248	1650	2420	-1	4
k83_2221420	1	333	1	1
k83_2221420	394	699	-1	2
k83_2221420	799	1404	1	3
k83_2221420	1419	1805	1	4
k83_2222092	4	420	-1	1
k83_2222092	663	1337	1	2
k83_2222092	1346	1786	1	3
k83_2222092	1851	1946	-1	4
k83_2222092	1979	2731	-1	5
k83_2222092	2728	2826	-1	6
k83_2226844	37	1731	1	1
k83_2226844	2022	2450	1	2
k83_2226844	2496	3062	1	3
k83_2226844	3068	4018	-1	4
k83_2226844	4095	4469	-1	5
k83_2227617	768	1697	1	1
k83_2227617	1729	2643	1	2
k83_2228342	3	233	-1	1
k83_2228342	220	1461	-1	2
k83_2228342	1464	2324	-1	3
k83_2230081	3	509	1	1
k83_2230081	506	1984	1	2
k83_2232578	3	557	-1	1
k83_2232578	566	1540	-1	2
k83_2232578	1540	1968	-1	3
k83_2238448	3	593	-1	1
k83_2238448	755	1579	-1	2
k83_2241267	3	785	-1	1
k83_2241267	830	1468	-1	2
k83_2241267	1586	2032	-1	3
k83_2241267	2145	2408	1	4
k83_2241267	2405	3799	-1	5
k83_2241267	3938	4594	1	6
k83_2241267	4644	4937	1	7
k83_2241267	4943	5536	-1	8
k83_2241267	5553	6473	-1	9
k83_2241267	6693	7109	1	10
k83_2241267	7171	8160	1	11
k83_2241267	8169	8465	-1	12
k83_2241267	8462	8875	-1	13
k83_2241267	8893	9243	-1	14
k83_2241267	9254	9637	-1	15
k83_2241267	9769	9978	1	16
k83_2245172	64	1650	1	1
k83_2245172	1717	2634	1	2
k83_2245172	2612	3028	1	3
k83_2250746	1	135	1	1
k83_2250746	233	1315	1	2
k83_2250746	1322	2143	1	3
k83_2250746	2140	2268	1	4
k83_2267000	3	1271	-1	1
k83_2267000	1402	2181	-1	2
k83_2267000	2178	3773	-1	3
k83_2267031	3	1517	1	1
k83_2267031	1540	2007	1	2
k83_2267296	44	604	-1	1
k83_2267296	582	1178	-1	2
k83_2267296	1522	1956	-1	3
k83_2267812	3	686	1	1
k83_2267812	984	1247	1	2
k83_2267812	1298	1897	-1	3
k83_2267812	2268	4307	1	4
k83_2267812	4431	4904	1	5
k83_2270683	40	225	-1	1
k83_2270683	269	1351	-1	2
k83_2270683	1507	2514	1	3
k83_2286554	36	695	-1	1
k83_2286554	712	1203	-1	2
k83_2286554	1207	2040	-1	3
k83_2288509	3	263	-1	1
k83_2288509	260	994	-1	2
k83_2288509	997	2127	-1	3
k83_2288509	2124	2543	-1	4
k83_2296913	3	359	-1	1
k83_2296913	514	720	-1	2
k83_2296913	750	1517	-1	3
k83_2296913	1945	2799	-1	4
k83_2328954	1	504	1	1
k83_2328954	534	1268	1	2
k83_2328954	1358	1669	1	3
k83_2328954	2024	2674	-1	4
k83_2328954	2695	3180	-1	5
k83_2328954	3180	3884	-1	6
k83_2328954	3889	4914	-1	7
k83_2328954	5065	5691	-1	8
k83_2355026	162	2975	1	1
k83_2355026	2972	3508	1	2
k83_2355026	3542	4417	-1	3
k83_2355026	4700	5398	1	4
k83_2355026	5546	5734	1	5
k83_2355416	245	664	1	1
k83_2355416	713	1063	1	2
k83_2355416	1065	1598	1	3
k83_2355416	1682	1990	1	4
k83_2355416	2056	2418	1	5
k83_2355416	2468	2788	-1	6
k83_2366943	1	498	1	1
k83_2366943	491	1309	1	2
k83_2366943	1309	1485	1	3
k83_2372078	1	291	1	1
k83_2372078	266	883	1	2
k83_2372078	908	1357	1	3
k83_2372078	1354	1944	1	4
k83_2372078	2125	2547	1	5
k83_2372078	2564	2971	-1	6
k83_2379484	2	463	-1	1
k83_2379484	478	2253	-1	2
k83_2379484	2256	3980	-1	3
k83_2379484	3977	4405	-1	4
k83_2383122	3	203	1	1
k83_2383122	382	495	-1	2
k83_2383122	905	2761	-1	3
k83_2383122	2840	3094	-1	4
k83_2383122	3212	3970	-1	5
k83_2383122	4125	5630	1	6
k83_2383122	5877	6038	1	7
k83_2383762	2	457	-1	1
k83_2383762	471	1331	-1	2
k83_2383762	1497	3359	-1	3
k83_2383762	3729	4556	1	4
k83_2383762	4745	6055	-1	5
k83_2383781	48	248	1	1
k83_2383781	312	1124	1	2
k83_2383781	1156	2406	1	3
k83_2383781	2403	2675	1	4
k83_2383781	2678	2917	1	5
k83_2383781	3011	3133	1	6
k83_2400441	15	236	-1	1
k83_2400441	405	629	-1	2
k83_2400441	787	1011	-1	3
k83_2400441	1067	1582	-1	4
k83_2401298	85	486	-1	1
k83_2401298	508	1152	-1	2
k83_2401298	1184	2680	-1	3
k83_2402900	2	358	1	1
k83_2402900	360	815	-1	2
k83_2402900	830	2239	-1	3
k83_2402900	2233	2523	-1	4
k83_2403778	2	982	-1	1
k83_2403778	1103	1759	-1	2
k83_2404768	2	679	-1	1
k83_2404768	842	1504	1	2
k83_2407480	2	529	-1	1
k83_2407480	622	1242	-1	2
k83_2407480	1278	1655	-1	3
k83_2407480	1682	2017	-1	4
k83_2407480	2014	2268	-1	5
k83_2413824	1	243	1	1
k83_2413824	262	1626	1	2
k83_2431336	1	414	1	1
k83_2431336	425	1060	1	2
k83_2431336	1079	1726	1	3
k83_2431336	1833	2954	1	4
k83_2436569	576	1658	-1	1
k83_2455092	3	692	1	1
k83_2455092	721	1110	1	2
k83_2455092	1114	1884	1	3
k83_2462204	3	758	-1	1
k83_2462204	759	1760	-1	2
k83_2462204	1763	2449	-1	3
k83_2463570	71	589	-1	1
k83_2463570	850	1926	-1	2
k83_2463570	2161	2427	-1	3
k83_2464472	2	568	-1	1
k83_2464472	789	2126	-1	2
k83_2464472	2132	2740	-1	3
k83_2465794	1	516	1	1
k83_2465794	520	2298	1	2
k83_2476227	1	444	-1	1
k83_2476227	499	1359	-1	2
k83_2476227	1393	2553	-1	3
k83_2476227	3434	3967	-1	4
k83_2476227	4160	4627	1	5
k83_2523341	1	1506	-1	1
k83_2523341	1524	1745	-1	2
k83_2523341	1883	2323	-1	3
k83_2525603	1	1086	1	1
k83_2525603	1139	1276	1	2
k83_2525603	1283	1474	-1	3
k83_2525603	1481	1573	-1	4
k83_2533067	1	840	-1	1
k83_2533067	886	1635	-1	2
k83_2533836	203	1042	-1	1
k83_2533836	1142	1594	-1	2
k83_2533836	1723	2082	1	3
k83_2533836	2120	2293	1	4
k83_2533836	2290	3522	-1	5
k83_2533836	3562	3810	1	6
k83_2533836	3911	4564	-1	7
k83_2540839	2	91	-1	1
k83_2540839	147	845	-1	2
k83_2540839	842	1501	-1	3
k83_2540839	1553	2629	-1	4
k83_2548610	2	181	1	1
k83_2548610	263	982	1	2
k83_2548610	948	2588	-1	3
k83_2554021	3	1142	-1	1
k83_2554021	1419	1814	1	2
k83_2555200	11	277	-1	1
k83_2555200	345	818	1	2
k83_2555200	839	3016	-1	3
k83_2555200	3024	4721	-1	4
k83_2557812	3	548	1	1
k83_2557812	603	1070	1	2
k83_2557812	1076	1531	1	3
k83_2557812	1692	2351	1	4
k83_2565359	1	999	-1	1
k83_2565359	1063	2511	-1	2
k83_2565359	2546	2896	-1	3
k83_2566876	410	1594	-1	1
k83_2566876	1608	3557	-1	2
k83_2566876	3611	3730	-1	3
k83_2566876	3727	4740	-1	4
k83_2566876	4756	5958	-1	5
k83_2566876	5979	6635	-1	6
k83_2566876	6693	7136	-1	7
k83_2566876	7150	7908	-1	8
k83_2566876	7917	8303	-1	9
k83_2568324	2	313	1	1
k83_2568324	346	1410	1	2
k83_2568324	1464	1862	1	3
k83_2572055	69	1253	-1	1
k83_2572055	1250	2749	-1	2
k83_2572055	2917	3687	1	3
k83_2572055	3792	4157	1	4
k83_2572860	72	1172	-1	1
k83_2572860	1238	1528	-1	2
k83_2572860	1561	1734	1	3
k83_2574682	2	847	-1	1
k83_2574682	1342	1527	1	2
k83_2575276	187	678	1	1
k83_2575276	717	1034	1	2
k83_2575276	1080	1424	1	3
k83_2575276	1430	2284	1	4
k83_2575276	2360	2869	1	5
k83_2575276	2922	4073	1	6
k83_2575276	4098	5123	1	7
k83_2575351	1	345	1	1
k83_2575351	347	616	1	2
k83_2575351	623	3757	1	3
k83_2575351	3918	4919	1	4
k83_2575351	5011	6498	1	5
k83_2575351	6563	7279	1	6
k83_2575351	7310	7552	1	7
k83_2576344	2	1057	1	1
k83_2576344	1077	1415	1	2
k83_2576344	1448	2176	1	3
k83_2598186	3	200	1	1
k83_2598186	219	1328	1	2
k83_2598186	1300	1578	-1	3
k83_2599682	2	1708	-1	1
k83_2599682	2019	3017	-1	2
k83_2599682	3104	3646	-1	3
k83_2601316	2	76	-1	1
k83_2601316	104	475	-1	2
k83_2601316	472	774	-1	3
k83_2601316	1111	1689	1	4
k83_2607478	1	858	1	1
k83_2607478	968	1561	1	2
k83_2607478	1995	2162	1	3
k83_2607478	2292	3296	-1	4
k83_2607478	3657	4268	-1	5
k83_2607478	4298	5824	-1	6
k83_2607478	5821	6909	-1	7
k83_2607478	7088	8464	1	8
k83_2607478	8517	9062	-1	9
k83_2607478	9148	10107	-1	10
k83_2607478	10326	10964	1	11
k83_2607478	10974	11615	1	12
k83_2607478	11748	12977	1	13
k83_2607478	12974	13978	1	14
k83_2609688	2	1048	-1	1
k83_2609688	1045	2241	-1	2
k83_2617639	3	422	-1	1
k83_2617639	452	715	-1	2
k83_2617639	728	2152	-1	3
k83_2619700	28	1290	1	1
k83_2619700	1407	1910	1	2
k83_2622879	1	321	-1	1
k83_2622879	318	722	-1	2
k83_2622879	735	1688	-1	3
k83_2622879	1685	3130	-1	4
k83_2622879	3130	3567	-1	5
k83_2622879	3568	4116	-1	6
k83_2622879	4113	4562	-1	7
k83_2622879	4594	5043	-1	8
k83_2626536	210	512	1	1
k83_2626536	509	3157	1	2
k83_2627536	1	1752	-1	1
k83_2630557	1	219	1	1
k83_2630557	216	1445	1	2
k83_2630557	1455	3851	1	3
k83_2633167	2	1648	-1	1
k83_2633167	1673	3109	-1	2
k83_2633167	3151	4212	-1	3
k83_2633167	4428	4994	-1	4
k83_2637385	26	307	1	1
k83_2637385	304	1113	1	2
k83_2637385	1106	1777	1	3
k83_2637385	1786	2316	1	4
k83_2637385	2368	2574	-1	5
k83_2642183	3	1073	1	1
k83_2642183	1087	1875	1	2
k83_2654025	2	952	1	1
k83_2654025	949	3618	1	2
k83_2657916	3	146	1	1
k83_2657916	249	1457	1	2
k83_2657916	1589	2119	1	3
k83_2657916	2122	2580	1	4
k83_2657916	2577	3914	1	5
k83_2657916	3914	4708	1	6
k83_2657916	4732	5253	1	7
k83_2658595	2	703	1	1
k83_2658595	731	1000	1	2
k83_2658595	997	1410	1	3
k83_2658595	1470	2516	1	4
k83_2658595	2540	2872	1	5
k83_2660833	1	162	1	1
k83_2660833	211	489	1	2
k83_2660833	516	1334	1	3
k83_2660833	1331	2197	1	4
k83_2660833	2194	2721	1	5
k83_2661084	1	1005	1	1
k83_2661084	1008	1574	1	2
k83_2681310	19	108	-1	1
k83_2681310	173	625	-1	2
k83_2681310	630	905	-1	3
k83_2681310	954	1205	-1	4
k83_2681310	1239	1622	-1	5
k83_2681310	1762	2568	1	6
k83_2681310	2565	3314	1	7
k83_2681310	3433	3810	1	8
k83_2686999	3	65	-1	1
k83_2686999	77	421	-1	2
k83_2686999	596	1231	-1	3
k83_2686999	1279	1632	-1	4
k83_2686999	1713	2123	-1	5
k83_2695854	2	67	1	1
k83_2695854	82	1356	1	2
k83_2695854	1365	1949	1	3
k83_2695943	2	1138	1	1
k83_2695943	1140	1760	1	2
k83_2695943	1757	2440	1	3
k83_2695943	2452	3216	1	4
k83_2712637	3	377	1	1
k83_2712637	374	1657	1	2
k83_2712637	1654	2262	1	3
k83_2712637	2403	2468	1	4
k83_2714356	3	473	1	1
k83_2714356	470	1993	1	2
k83_2714356	1998	3377	1	3
k83_2720460	3	698	-1	1
k83_2720460	833	1612	1	2
k83_2720460	1638	2270	-1	3
k83_2720460	2395	2577	1	4
k83_2726067	2	193	-1	1
k83_2726067	463	1089	1	2
k83_2726067	1400	2074	1	3
k83_2726067	2187	2381	1	4
k83_2726067	2425	3000	1	5
k83_2730995	3	296	-1	1
k83_2730995	299	2035	-1	2
k83_2730995	2341	2649	-1	3
k83_2735767	2	106	1	1
k83_2735767	100	927	-1	2
k83_2735767	1276	1536	1	3
k83_2735767	2301	2861	-1	4
k83_2735767	2937	3341	1	5
k83_2735767	3358	3567	-1	6
k83_2745759	3	1637	-1	1
k83_2745759	1714	1908	-1	2
k83_2758150	297	1220	1	1
k83_2758150	1229	2197	1	2
k83_2758150	2194	2955	1	3
k83_2758150	3076	4194	1	4
k83_2758150	4349	5371	1	5
k83_2758150	5431	6267	1	6
k83_2758150	6331	7620	-1	7
k83_2760018	144	869	1	1
k83_2760018	927	1727	-1	2
k83_2760018	1917	2546	1	3
k83_2760110	29	211	-1	1
k83_2760110	241	858	-1	2
k83_2760110	955	1947	-1	3
k83_2760110	2155	3045	1	4
k83_2760110	3145	3888	-1	5
k83_2760110	3894	4451	-1	6
k83_2760110	4448	5092	-1	7
k83_2760110	5238	6152	-1	8
k83_2760110	6231	7664	-1	9
k83_2762749	3	953	-1	1
k83_2762749	960	1352	-1	2
k83_2762749	1399	2319	-1	3
k83_2766641	2	547	-1	1
k83_2766641	636	1067	-1	2
k83_2766641	1424	1840	-1	3
k83_2766641	2071	2586	-1	4
k83_2766641	2602	2913	-1	5
k83_2770035	1	423	1	1
k83_2770035	619	1446	1	2
k83_2770035	1513	1875	1	3
k83_2770035	1897	2637	1	4
k83_2795064	3	1952	-1	1
k83_2804405	2	1039	1	1
k83_2804405	1036	1479	-1	2
k83_2804405	1476	2156	-1	3
k83_2806994	2	1795	-1	1
k83_2820485	3	1979	1	1
k83_2820485	2012	2893	1	2
k83_2824354	1	1047	-1	1
k83_2824354	1077	1439	-1	2
k83_2824354	1470	2327	-1	3
k83_2824354	2369	2869	-1	4
k83_2824354	2873	3574	-1	5
k83_2824354	3617	3772	-1	6
k83_2824354	3857	4330	-1	7
k83_2824354	4358	4603	-1	8
k83_2824354	5115	5672	-1	9
k83_2830780	2	970	1	1
k83_2830780	967	1083	1	2
k83_2830780	1080	1730	1	3
k83_2830780	1785	2654	1	4
k83_2832747	1	396	-1	1
k83_2832747	399	4859	-1	2
k83_2837001	2	76	1	1
k83_2837001	121	1134	1	2
k83_2837001	1173	1766	1	3
k83_2837001	1844	2431	1	4
k83_2837001	2529	2876	-1	5
k83_2837522	151	1413	-1	1
k83_2837522	1437	1904	-1	2
k83_2842660	114	344	1	1
k83_2842660	446	1060	1	2
k83_2842660	1057	1545	-1	3
k83_2842660	1590	1790	-1	4
k83_2842660	1935	2645	1	5
k83_2850296	2	577	-1	1
k83_2850296	582	2072	-1	2
k83_2852012	50	694	1	1
k83_2852012	697	1440	1	2
k83_2852012	1442	1633	1	3
k83_2863920	1	531	-1	1
k83_2863920	546	3068	-1	2
k83_2863920	3146	4048	1	3
k83_2863920	3987	4715	-1	4
k83_2870689	3	188	1	1
k83_2870689	185	1579	-1	2
k83_2879480	197	1324	-1	1
k83_2879480	1550	1927	1	2
k83_2879702	1	1278	1	1
k83_2879702	1285	2145	-1	2
k83_2879702	2142	3176	-1	3
k83_2879702	3304	4344	-1	4
k83_2879702	4513	5700	-1	5
k83_2879702	6003	6518	1	6
k83_2879702	6570	7067	1	7
k83_2879702	7163	7525	-1	8
k83_2879702	7537	8085	-1	9
k83_2879702	8134	8523	-1	10
k83_2879702	8725	9585	-1	11
k83_2884064	3	1331	-1	1
k83_2884064	1328	2032	-1	2
k83_2889994	30	1154	1	1
k83_2889994	1262	1996	1	2
k83_2889994	1996	3231	1	3
k83_2889994	3308	4522	-1	4
k83_2899899	1	1281	-1	1
k83_2899899	1405	1749	-1	2
k83_2899899	1763	2434	-1	3
k83_2899899	2439	3221	-1	4
k83_2899899	3215	3733	-1	5
k83_2908262	27	455	-1	1
k83_2908262	486	857	-1	2
k83_2908262	979	3186	-1	3
k83_2916595	31	1095	1	1
k83_2916595	1108	2286	1	2
k83_2921102	2	790	-1	1
k83_2921102	881	1876	1	2
k83_2921102	1920	2588	1	3
k83_2921845	2	418	-1	1
k83_2921845	418	1089	-1	2
k83_2921845	1198	2508	-1	3
k83_2922728	1	1335	1	1
k83_2922728	1336	3474	1	2
k83_2922728	3577	3651	1	3
k83_2930639	190	396	-1	1
k83_2930639	518	2257	-1	2
k83_2936355	2	169	1	1
k83_2936355	401	1558	1	2
k83_2936355	1654	2124	1	3
k83_2936355	2121	2984	-1	4
k83_2936355	3028	3897	-1	5
k83_2936355	3900	4100	1	6
k83_2947707	220	1500	1	1
k83_2959987	3	1079	1	1
k83_2959987	1153	1398	1	2
k83_2959987	1488	1718	1	3
k83_2959987	1670	1759	1	4
k83_2960572	137	1012	-1	1
k83_2960572	1468	1635	1	2
k83_2975193	138	698	1	1
k83_2975193	718	951	-1	2
k83_2975193	1000	3765	1	3
k83_2975193	3769	4647	1	4
k83_2975193	4651	5511	1	5
k83_2975193	5522	6310	1	6
k83_2975193	6409	6963	1	7
k83_2975193	7030	7098	1	8
k83_2977776	2	658	1	1
k83_2977776	655	1578	1	2
k83_2977776	1637	1957	-1	3
k83_2977776	2381	2713	1	4
k83_2977776	2846	3880	1	5
k83_2977776	4030	4473	1	6
k83_2997347	412	738	1	1
k83_2997347	809	1126	1	2
k83_2997347	1132	1731	-1	3
k83_2997347	1728	3029	-1	4
k83_2997347	3046	3630	-1	5
k83_2997347	3790	4512	1	6
k83_2997347	4588	5253	1	7
k83_2997376	37	345	-1	1
k83_2997376	490	807	1	2
k83_2997376	789	1526	-1	3
k83_2998086	3	1142	1	1
k83_2998086	1156	1692	1	2
k83_2998086	1695	2378	1	3
k83_2998086	2394	2819	1	4
k83_2998086	2794	3414	1	5
k83_2998086	3415	3990	1	6
k83_3017319	2	325	1	1
k83_3017319	551	1303	1	2
k83_3017319	1321	1950	-1	3
k83_3017319	2105	2590	1	4
k83_3017319	2616	3350	-1	5
k83_3017319	3347	3469	-1	6
k83_3022183	1	120	1	1
k83_3022183	158	1480	1	2
k83_3027751	35	160	1	1
k83_3027751	209	2422	1	2
k83_3038179	1	888	-1	1
k83_3038179	1033	2991	1	2
k83_3038179	3004	3744	1	3
k83_3038179	3741	4718	1	4
k83_3046851	1	1995	-1	1
k83_3046851	2003	3151	-1	2
k83_3053866	1	1224	-1	1
k83_3053866	1262	2290	-1	2
k83_3053866	2293	2967	-1	3
k83_3053866	3141	3209	-1	4
k83_3060033	3	338	1	1
k83_3060033	410	1960	1	2
k83_3061948	598	858	1	1
k83_3061948	1016	1270	1	2
k83_3061948	1391	2011	1	3
k83_3061948	2026	2808	1	4
k83_3074020	41	670	-1	1
k83_3074020	676	2706	-1	2
k83_3075583	3	1121	-1	1
k83_3075583	1277	2074	1	2
k83_3075583	2210	3706	-1	3
k83_3081270	1	1539	1	1
k83_3081270	1589	1729	1	2
k83_3094225	124	534	-1	1
k83_3094225	658	1005	-1	2
k83_3094225	1076	2644	-1	3
k83_3094225	2840	3580	-1	4
k83_3095846	2	1669	-1	1
k83_3095846	1700	1912	-1	2
k83_3095846	1914	2021	-1	3
k83_3098358	29	1093	1	1
k83_3098358	1103	2053	1	2
k83_3099071	3	386	1	1
k83_3099071	373	2058	-1	2
k83_3104828	78	638	1	1
k83_3104828	750	1454	1	2
k83_3104828	1478	1645	1	3
k83_3104828	1653	2045	1	4
k83_3104828	2253	3089	1	5
k83_3104828	3513	4370	-1	6
k83_3104828	4523	5242	-1	7
k83_3104828	5327	5587	-1	8
k83_3113069	3	728	-1	1
k83_3113069	1026	1682	-1	2
k83_3113069	1636	4944	-1	3
k83_3122196	3	791	-1	1
k83_3122196	918	2036	-1	2
k83_3128658	272	1711	1	1
k83_3147453	62	1426	1	1
k83_3147453	1439	1522	1	2
k83_3149564	2	610	-1	1
k83_3149564	607	1416	-1	2
k83_3151480	82	330	-1	1
k83_3151480	373	1413	-1	2
k83_3151480	1566	2009	1	3
k83_3151480	2009	2239	1	4
k83_3156948	2	184	1	1
k83_3156948	207	1598	1	2
k83_3161411	1	96	1	1
k83_3161411	283	1809	1	2
k83_3161411	2075	2734	1	3
k83_3161411	2773	3366	-1	4
k83_3161411	3392	3874	-1	5
k83_3161411	3895	4005	1	6
k83_3161411	4238	4615	-1	7
k83_3161411	5318	6586	-1	8
k83_3161411	6711	7019	-1	9
k83_3161411	7602	7802	-1	10
k83_3167770	144	1472	1	1
k83_3167770	1971	2498	-1	2
k83_3167770	2857	4089	1	3
k83_3167770	4140	5405	-1	4
k83_3167770	5511	6464	-1	5
k83_3167770	6612	7220	1	6
k83_3167770	7474	8310	1	7
k83_3167770	8626	8820	1	8
k83_3167770	8775	8954	1	9
k83_3167770	9144	9608	1	10
k83_3167770	9605	10321	1	11
k83_3167770	10481	10813	1	12
k83_3167770	10955	11506	1	13
k83_3172397	3	944	-1	1
k83_3172397	941	1339	-1	2
k83_3172397	1436	1567	1	3
k83_3177543	3	257	-1	1
k83_3177543	315	1136	-1	2
k83_3177543	1334	1606	1	3
k83_3191521	20	1672	-1	1
k83_3192639	1	480	-1	1
k83_3192639	964	1545	-1	2
k83_3192639	1629	2108	-1	3
k83_3192639	2120	2533	-1	4
k83_3195849	3	380	-1	1
k83_3195849	856	2169	1	2
k83_3214108	1	480	-1	1
k83_3214108	1214	2521	-1	2
k83_3216242	3	1808	1	1
k83_3216242	1983	5465	1	2
k83_3237350	1	1203	1	1
k83_3237350	1213	1599	1	2
k83_3237350	1619	2146	1	3
k83_3237350	2209	2652	1	4
k83_3237350	2671	3825	-1	5
k83_3237637	1	339	1	1
k83_3237637	378	785	1	2
k83_3237637	775	1092	1	3
k83_3237637	1095	2525	1	4
k83_3237637	2558	3304	1	5
k83_3240618	1	78	-1	1
k83_3240618	476	2059	1	2
k83_3249795	3	89	-1	1
k83_3249795	96	1487	-1	2
k83_3249795	1568	2125	-1	3
k83_3257760	3	386	-1	1
k83_3257760	388	1164	-1	2
k83_3257760	1161	1910	-1	3
k83_3263295	167	1345	1	1
k83_3263295	1360	1590	1	2
k83_3266552	3	2876	1	1
k83_3266552	2883	3548	1	2
k83_3269270	1	603	1	1
k83_3269270	617	2203	1	2
k83_3273753	2	820	1	1
k83_3273753	820	1725	1	2
k83_3273753	1779	3131	1	3
k83_3281274	2	1126	-1	1
k83_3281274	1123	1557	-1	2
k83_3281274	1954	2193	1	3
k83_3281274	2203	2526	1	4
k83_3281274	2637	3041	-1	5
k83_3281274	3197	3931	-1	6
k83_3281274	3953	4717	-1	7
k83_3281274	4721	5413	-1	8
k83_3281274	5420	5491	-1	9
k83_3296606	2	847	1	1
k83_3296606	860	1798	-1	2
k83_3334289	3	239	1	1
k83_3334289	276	1271	1	2
k83_3334289	1424	2131	1	3
k83_3334289	2115	3311	-1	4
k83_3334289	3319	3561	-1	5
k83_3343483	3	1571	-1	1
k83_3343483	1610	2098	-1	2
k83_3343966	283	1527	1	1
k83_3343966	1531	2097	1	2
k83_3351274	3	446	1	1
k83_3351274	526	1893	1	2
k83_3355004	45	425	1	1
k83_3355004	498	1292	-1	2
k83_3355004	1382	1726	1	3
k83_3359818	3	1754	1	1
k83_3359818	1953	2030	1	2
k83_3363148	30	725	1	1
k83_3363148	972	1529	1	2
k83_3363148	1640	1879	1	3
k83_3363148	1888	2184	1	4
k83_3363148	2262	2558	1	5
k83_3369118	3	77	1	1
k83_3369118	154	1353	1	2
k83_3369118	1397	1540	1	3
k83_3379250	48	752	1	1
k83_3379250	975	1526	-1	2
k83_3380411	19	1110	-1	1
k83_3380411	1116	2207	-1	2
k83_3380411	2506	2691	1	3
k83_3382438	1	117	1	1
k83_3382438	127	648	1	2
k83_3382438	652	954	1	3
k83_3382438	956	2932	1	4
k83_3387286	30	629	1	1
k83_3387286	695	1357	1	2
k83_3387286	1560	2663	1	3
k83_3387286	2702	4381	-1	4
k83_3387286	4547	4765	-1	5
k83_3389141	1	2160	1	1
k83_3389141	2396	2665	1	2
k83_3389141	2662	3171	1	3
k83_3389559	28	1569	1	1
k83_3398103	48	311	1	1
k83_3398103	335	853	1	2
k83_3398103	1050	2546	1	3
k83_3398103	2604	2780	1	4
k83_3398103	2820	3317	1	5
k83_3398103	3330	5084	1	6
k83_3398103	5216	5686	-1	7
k83_3398103	5732	6208	-1	8
k83_3398103	6446	8785	-1	9
k83_3398103	8871	8993	-1	10
k83_3400768	2	538	1	1
k83_3400768	685	1092	1	2
k83_3400768	1113	1562	1	3
k83_3400768	1566	1871	1	4
k83_3400768	1908	2537	1	5
k83_3406373	1	309	1	1
k83_3406373	405	1739	1	2
k83_3407829	2	1549	-1	1
k83_3407829	1543	1974	-1	2
k83_3407829	2391	2495	1	3
k83_3417865	1	1161	-1	1
k83_3417865	1303	1635	-1	2
k83_3417865	1700	2170	-1	3
k83_3417865	2348	3097	-1	4
k83_3417865	3110	3481	-1	5
k83_3423101	69	506	-1	1
k83_3423101	636	1271	-1	2
k83_3423101	1268	2347	-1	3
k83_3423101	2734	4290	1	4
k83_3431210	18	329	-1	1
k83_3431210	332	532	-1	2
k83_3431210	681	1058	1	3
k83_3431210	1133	1615	1	4
k83_3431210	1630	2925	1	5
k83_3431210	2912	3652	1	6
k83_3434892	261	812	-1	1
k83_3434892	814	1059	-1	2
k83_3434892	1063	1467	-1	3
k83_3434892	1511	1627	-1	4
k83_3441624	3	911	1	1
k83_3441624	908	1663	1	2
k83_3441624	1706	2560	1	3
k83_3441624	2557	3057	1	4
k83_3455498	28	363	1	1
k83_3455498	394	780	1	2
k83_3455498	780	1883	1	3
k83_3455498	1899	2414	-1	4
k83_3470454	30	851	1	1
k83_3470454	1418	2128	-1	2
k83_3470568	41	217	1	1
k83_3470568	214	876	1	2
k83_3470568	1547	2506	-1	3
k83_3470568	2572	2841	1	4
k83_3472044	1	165	1	1
k83_3472044	195	875	1	2
k83_3472044	929	1291	1	3
k83_3472044	1296	2024	1	4
k83_3472604	261	620	-1	1
k83_3472604	664	1080	-1	2
k83_3472604	1086	2795	-1	3
k83_3472604	3056	3529	1	4
k83_3472604	3826	4431	1	5
k83_3476710	1	996	1	1
k83_3476710	1025	1771	1	2
k83_3476926	3	242	-1	1
k83_3476926	285	1661	-1	2
k83_3486439	101	1513	-1	1
k83_3486439	1619	2323	1	2
k83_3486439	2320	2736	-1	3
k83_3486439	2867	2998	1	4
k83_3495526	3	812	1	1
k83_3495526	1264	1998	1	2
k83_3495526	2039	2401	1	3
k83_3495526	2441	2938	1	4
k83_3495526	3041	4270	1	5
k83_3499713	10	570	-1	1
k83_3499713	730	1446	1	2
k83_3499713	1429	2154	-1	3
k83_3499713	2221	2634	1	4
k83_3509603	3	167	1	1
k83_3509603	227	1177	-1	2
k83_3509603	1203	2051	-1	3
k83_3509603	2048	2863	-1	4
k83_3509603	2950	3408	-1	5
k83_3509603	3480	4022	-1	6
k83_3509603	4041	4262	-1	7
k83_3513372	20	304	-1	1
k83_3513372	326	526	-1	2
k83_3513372	717	1034	-1	3
k83_3513372	1143	1895	-1	4
k83_3513372	1903	2421	-1	5
k83_3515186	134	415	1	1
k83_3515186	473	1699	1	2
k83_3515186	1702	2220	1	3
k83_3515186	2228	2887	1	4
k83_3515186	2890	3408	1	5
k83_3515461	1	99	1	1
k83_3515461	323	1570	1	2
k83_3518015	3	1082	-1	1
k83_3518015	1079	1711	-1	2
k83_3518015	1803	2330	1	3
k83_3527490	1	1464	-1	1
k83_3529854	27	512	1	1
k83_3529854	514	1905	1	2
k83_3530101	3	2258	-1	1
k83_3530101	2382	3371	-1	2
k83_3530101	3371	4336	-1	3
k83_3530101	4329	4448	-1	4
k83_3537054	3	821	1	1
k83_3537054	823	1233	1	2
k83_3537054	1226	1336	1	3
k83_3537054	1345	1896	-1	4
k83_3537054	2030	2260	1	5
k83_3537054	2458	3741	-1	6
k83_3537054	4009	4257	1	7
k83_3537054	4367	4918	-1	8
k83_3537054	4934	5344	-1	9
k83_3537054	5569	5694	1	10
k83_3555484	2	364	-1	1
k83_3555484	656	2941	-1	2
k83_3555484	2978	3265	-1	3
k83_3559906	45	194	1	1
k83_3559906	403	1290	1	2
k83_3559906	1290	2078	1	3
k83_3559906	2255	2899	1	4
k83_3559906	2945	3343	-1	5
k83_3559906	3378	3650	1	6
k83_3563445	3	575	1	1
k83_3563445	589	1233	1	2
k83_3563445	1230	1610	1	3
k83_3573021	41	1015	-1	1
k83_3573021	1016	1570	-1	2
k83_3573021	1908	2993	1	3
k83_3573021	3018	3548	1	4
k83_3573021	3584	4228	-1	5
k83_3573021	4556	4738	1	6
k83_3573522	28	612	1	1
k83_3573522	609	1700	1	2
k83_3573522	1891	2400	1	3
k83_3573522	2408	3166	1	4
k83_3573522	3346	4704	-1	5
k83_3573522	4701	5267	-1	6
k83_3589426	1	288	-1	1
k83_3589426	493	1038	-1	2
k83_3589426	1307	1699	-1	3
k83_3589426	1719	2735	-1	4
k83_3589930	1	174	-1	1
k83_3589930	181	1821	-1	2
k83_3592161	1	309	-1	1
k83_3592161	406	2385	-1	2
k83_3593712	1	339	-1	1
k83_3593712	349	1203	-1	2
k83_3593712	1214	1432	-1	3
k83_3593712	1528	1896	-1	4
k83_3614201	1	780	1	1
k83_3614201	974	1525	-1	2
k83_3614201	1563	2444	-1	3
k83_3614201	2441	3343	-1	4
k83_3614201	3340	4401	-1	5
k83_3614201	4708	4917	1	6
k83_3624735	3	239	1	1
k83_3624735	256	474	-1	2
k83_3624735	493	1320	-1	3
k83_3624735	1340	3277	-1	4
k83_3638952	3	281	1	1
k83_3638952	278	1603	1	2
k83_3638952	1591	2301	1	3
k83_3652367	2	475	1	1
k83_3652367	480	1646	1	2
k83_3652367	1749	2273	1	3
k83_3660397	3	1709	-1	1
k83_3660397	1810	2475	-1	2
k83_3660397	2573	3349	-1	3
k83_3662313	2	439	1	1
k83_3662313	456	932	1	2
k83_3662313	934	1524	1	3
k83_3666896	3	116	-1	1
k83_3666896	499	1755	-1	2
k83_3666896	1878	2150	-1	3
k83_3666896	2207	2620	-1	4
k83_3666896	3096	3485	1	5
k83_3692819	3	488	-1	1
k83_3692819	677	1627	-1	2
k83_3694474	126	2627	1	1
k83_3694474	2576	2746	1	2
k83_3695126	3	158	1	1
k83_3695126	164	1096	1	2
k83_3695126	1089	1595	1	3
k83_3695126	1934	3565	1	4
k83_3708295	317	718	-1	1
k83_3708295	1055	1609	1	2
k83_3719327	90	239	1	1
k83_3719327	475	1899	-1	2
k83_3719327	1957	2325	-1	3
k83_3719327	2325	2489	-1	4
k83_3719327	2506	3369	-1	5
k83_3719327	3388	3483	-1	6
k83_3719327	3822	4301	1	7
k83_3719327	4336	4536	1	8
k83_3719946	28	603	1	1
k83_3719946	658	1620	1	2
k83_3719946	1624	3171	-1	3
k83_3726820	1	540	-1	1
k83_3726820	798	1823	1	2
k83_3726820	2001	2675	-1	3
k83_3744268	405	587	1	1
k83_3744268	615	1631	1	2
k83_3744268	1649	2347	1	3
k83_3767349	2	2722	1	1
k83_3768308	22	237	-1	1
k83_3768308	234	1466	-1	2
k83_3768308	1463	2320	-1	3
k83_3785173	235	903	1	1
k83_3785173	900	2465	1	2
k83_3785173	2473	4302	1	3
k83_3785173	4457	4744	1	4
k83_3785173	4785	5057	1	5
k83_3787554	152	1024	-1	1
k83_3787554	1021	2028	-1	2
k83_3788013	29	733	1	1
k83_3788013	730	2256	1	2
k83_3795974	1	576	-1	1
k83_3795974	874	1794	-1	2
k83_3795974	1794	2015	-1	3
k83_3796276	3	290	1	1
k83_3796276	323	1906	1	2
k83_3796276	1903	2451	1	3
k83_3796276	2438	2662	1	4
k83_3801136	1	489	1	1
k83_3801136	516	1370	1	2
k83_3801136	1367	2095	1	3
k83_3801136	2092	2640	-1	4
k83_3801136	2725	4143	1	5
k83_3801136	4210	4425	1	6
k83_3810545	48	1700	-1	1
k83_3814802	30	233	1	1
k83_3814802	230	1195	1	2
k83_3814802	1218	1799	1	3
k83_3815759	1	1179	1	1
k83_3815759	1231	2526	-1	2
k83_3819642	2	706	-1	1
k83_3819642	733	2082	-1	2
k83_3819642	2075	2947	-1	3
k83_3819642	3132	3596	-1	4
k83_3821806	3	1358	1	1
k83_3821806	1445	1813	-1	2
k83_3821806	2209	2652	1	3
k83_3823091	3	1580	-1	1
k83_3823091	1683	2486	-1	2
k83_3823091	2490	2813	-1	3
k83_3823091	2831	3457	-1	4
k83_3825276	2	874	-1	1
k83_3825276	912	1916	-1	2
k83_3825276	1970	2596	-1	3
k83_3848666	81	464	1	1
k83_3848666	531	1499	-1	2
k83_3848666	1496	1675	-1	3
k83_3865147	1	1260	1	1
k83_3865147	1262	1519	1	2
k83_3870183	2	442	1	1
k83_3870183	553	2115	1	2
k83_3870183	2099	2227	1	3
k83_3870183	2187	2411	-1	4
k83_3870183	2756	3019	1	5
k83_3870183	3044	3205	1	6
k83_3870183	3313	3531	1	7
k83_3874005	3	1160	-1	1
k83_3874005	1238	1846	-1	2
k83_3894386	1	69	-1	1
k83_3894386	38	676	-1	2
k83_3894386	747	2069	-1	3
k83_3894386	2394	2456	1	4
