Hmm	ORF	tlen	qlen	Eval	score	start	end	Acc	Pos	Cov_seq	Cov_hmm	strand
2OG_1_CAS-I-II-III-IV-V-VI	k83_1610047_2	251	94	2.1e-06	25.8	449	1201	k83_1610047	2	0.36254980079681276	0.9468085106382979	1
2OG_1_CAS-I-II-III-IV-V-VI	k83_2548610_3	547	94	0.00034	18.8	948	2588	k83_2548610	3	0.15539305301645337	0.5851063829787234	-1
AbiEii_0_CAS-III	k83_1233560_3	510	284	0.0044	14.0	972	2501	k83_1233560	3	0.15490196078431373	0.20774647887323944	1
AbiEii_0_CAS-III	k83_1349890_3	231	284	9e-05	19.6	1654	2346	k83_1349890	3	0.23809523809523808	0.19014084507042253	-1
AbiEii_0_CAS-III	k83_1398157_10	506	284	0.00032	17.8	7086	8603	k83_1398157	10	0.28063241106719367	0.3415492957746479	-1
AbiEii_0_CAS-III	k83_1486187_4	576	284	0.028	11.4	1973	3700	k83_1486187	4	0.13020833333333334	0.2676056338028169	-1
AbiEii_0_CAS-III	k83_149998_5	141	284	2.2e-06	24.9	4702	5124	k83_149998	5	0.41134751773049644	0.20774647887323944	1
AbiEii_0_CAS-III	k83_1576665_3	246	284	8.7e-07	26.2	1036	1773	k83_1576665	3	0.36585365853658536	0.30985915492957744	1
AbiEii_0_CAS-III	k83_16989_1	226	284	3.4e-05	21.0	3	680	k83_16989	1	0.4247787610619469	0.30985915492957744	-1
AbiEii_0_CAS-III	k83_1747603_2	233	284	0.00054	17.0	561	1259	k83_1747603	2	0.44635193133047213	0.352112676056338	1
AbiEii_0_CAS-III	k83_1866536_7	262	284	0.0025	14.9	2823	3608	k83_1866536	7	0.38549618320610685	0.3485915492957746	-1
AbiEii_0_CAS-III	k83_1886473_7	363	284	4.1e-05	20.7	4975	6063	k83_1886473	7	0.162534435261708	0.20422535211267606	1
AbiEii_0_CAS-III	k83_1985838_4	303	284	0.0042	14.1	2581	3489	k83_1985838	4	0.40924092409240925	0.397887323943662	1
AbiEii_0_CAS-III	k83_2214505_5	59	284	0.024	11.6	2687	2863	k83_2214505	5	0.2542372881355932	0.0528169014084507	1
AbiEii_0_CAS-III	k83_2232578_2	325	284	0.00013	19.1	566	1540	k83_2232578	2	0.22153846153846155	0.25	-1
AbiEii_0_CAS-III	k83_2288509_2	245	284	3.8e-05	20.8	260	994	k83_2288509	2	0.49387755102040815	0.4225352112676056	-1
AbiEii_0_CAS-III	k83_2540839_3	220	284	0.02	11.9	842	1501	k83_2540839	3	0.10454545454545454	0.08098591549295775	-1
AbiEii_0_CAS-III	k83_2695943_2	207	284	0.011	12.8	1140	1760	k83_2695943	2	0.22705314009661837	0.1619718309859155	1
AbiEii_0_CAS-III	k83_2726067_1	64	284	2.8e-05	21.3	2	193	k83_2726067	1	0.625	0.14084507042253522	-1
AbiEii_0_CAS-III	k83_2758150_2	323	284	0.00011	19.3	1229	2197	k83_2758150	2	0.18575851393188855	0.20774647887323944	1
AbiEii_0_CAS-III	k83_2889994_2	245	284	0.0065	13.5	1262	1996	k83_2889994	2	0.3673469387755102	0.29577464788732394	1
AbiEii_0_CAS-III	k83_3122196_1	263	284	0.0033	14.5	3	791	k83_3122196	1	0.07984790874524715	0.07394366197183098	-1
AbiEii_0_CAS-III	k83_3195849_1	126	284	0.003	14.6	3	380	k83_3195849	1	0.15079365079365079	0.06690140845070422	-1
AbiEii_0_CAS-III	k83_3257760_3	250	284	0.0013	15.8	1161	1910	k83_3257760	3	0.32	0.2112676056338028	-1
AbiEii_0_CAS-III	k83_3387286_4	560	284	0.00029	17.9	2702	4381	k83_3387286	4	0.1375	0.2852112676056338	-1
AbiEii_0_CAS-III	k83_3518015_2	211	284	0.016	12.2	1079	1711	k83_3518015	2	0.24170616113744076	0.1795774647887324	-1
AbiEii_0_CAS-III	k83_3660397_1	569	284	0.018	12.1	3	1709	k83_3660397	1	0.28646748681898065	0.4295774647887324	-1
AbiEii_0_CAS-III	k83_3726820_3	225	284	0.00026	18.1	2001	2675	k83_3726820	3	0.3333333333333333	0.25	-1
AbiEii_0_CAS-III	k83_3787554_1	291	284	2.2e-05	21.6	152	1024	k83_3787554	1	0.29553264604810997	0.2852112676056338	-1
AbiEii_0_CAS-III	k83_449358_3	264	284	9.6e-08	29.4	1336	2127	k83_449358	3	0.3560606060606061	0.31338028169014087	1
AbiEii_0_CAS-III	k83_65994_2	608	284	3.1e-11	40.8	352	2175	k83_65994	2	0.29769736842105265	0.3767605633802817	1
AbiEii_0_CAS-III	k83_685980_3	277	284	0.00043	17.4	1797	2627	k83_685980	3	0.2563176895306859	0.24647887323943662	1
AbiEii_0_CAS-III	k83_888297_1	216	284	0.00018	18.6	1	648	k83_888297	1	0.3333333333333333	0.24295774647887325	-1
AbiEii_0_CAS-III	k83_917405_1	242	284	6e-05	20.2	41	766	k83_917405	1	0.24380165289256198	0.19014084507042253	-1
AbiEii_1_CAS-III-A	k83_1866536_7	262	335	0.0029	14.2	2823	3608	k83_1866536	7	0.2786259541984733	0.2298507462686567	-1
AbiEii_1_CAS-III-A	k83_65994_2	608	335	0.006	13.2	352	2175	k83_65994	2	0.17927631578947367	0.24776119402985075	1
AbiEii_2_CAS-III-C	k83_149998_5	141	440	0.013	12.2	4702	5124	k83_149998	5	0.2978723404255319	0.09545454545454546	1
AbiEii_2_CAS-III-C	k83_3787554_1	291	440	0.00012	18.8	152	1024	k83_3787554	1	0.40893470790378006	0.26590909090909093	-1
AbiEii_2_CAS-III-C	k83_449358_3	264	440	0.016	11.9	1336	2127	k83_449358	3	0.2916666666666667	0.17272727272727273	1
Cas10-like_2_IVC	k83_2657916_4	153	578	0.0077	12.0	2122	2580	k83_2657916	4	0.46405228758169936	0.12283737024221453	1
Cas10_1_CAS-III	k83_2267000_3	532	654	0.00077	15.6	2178	3773	k83_2267000	3	0.08646616541353383	0.0779816513761468	-1
Cas10_1_CAS-III	k83_3398103_5	166	654	0.041	9.9	2820	3317	k83_3398103	5	0.3855421686746988	0.08409785932721713	1
Cas11_2_IVC	k83_2402900_4	97	154	0.0091	13.1	2233	2523	k83_2402900	4	0.5773195876288659	0.3116883116883117	-1
Cas12c_0_CAS-V-C	k83_394098_1	321	1272	0.014	10.4	3	965	k83_394098	1	0.21495327102803738	0.05581761006289308	-1
Cas12e_1_CAS-V-E	k83_1093092_3	81	986	0.014	10.6	1610	1852	k83_1093092	3	0.5308641975308642	0.0436105476673428	-1
Cas12f2_1_CAS-V-F	k83_1547178_2	79	422	0.0011	15.6	1662	1898	k83_1547178	2	0.5316455696202531	0.0924170616113744	1
Cas12f2_1_CAS-V-F	k83_1554286_3	57	422	0.0077	12.8	1227	1397	k83_1554286	3	0.5789473684210527	0.06635071090047394	1
Cas12f3_0_CAS-V-F	k83_901225_2	734	496	0.036	10.4	1150	3351	k83_901225	2	0.11035422343324251	0.16733870967741934	-1
Cas12m_0_V-M	k83_1554286_5	127	577	0.05	9.4	2392	2772	k83_1554286	5	0.5511811023622047	0.12305025996533796	-1
Cas1_0_CAS-I-II-III-IV-V-VI	k83_738674_4	139	317	0.0054	13.3	1324	1740	k83_738674	4	0.39568345323741005	0.17350157728706625	-1
Cas1_0_I-II-III-V	k83_738674_4	139	315	0.005	13.2	1324	1740	k83_738674	4	0.37410071942446044	0.17777777777777778	-1
Cas1_1_CAS-I-II-III-IV-V-VI	k83_738674_4	139	261	0.011	12.5	1324	1740	k83_738674	4	0.4244604316546763	0.23371647509578544	-1
Cas1_7_CAS-I-II-III-IV-V-VI	k83_738674_4	139	328	0.0028	14.2	1324	1740	k83_738674	4	0.39568345323741005	0.1798780487804878	-1
Cas1_8_CAS-I-II-III-IV-V-VI	k83_738674_4	139	283	0.0037	13.9	1324	1740	k83_738674	4	0.4244604316546763	0.21201413427561838	-1
Cas3HD_0_CAS-I	k83_2267000_3	532	203	3.3e-05	21.3	2178	3773	k83_2267000	3	0.2706766917293233	0.8029556650246306	-1
Cas3HD_0_CAS-I	k83_2889994_4	405	203	0.0046	14.2	3308	4522	k83_2889994	4	0.19012345679012346	0.3842364532019704	-1
Cas3HD_0_CAS-I	k83_3398103_5	166	203	0.12	9.6	2820	3317	k83_3398103	5	0.2710843373493976	0.2660098522167488	1
Cas3HD_0_CAS-I	k83_3614201_1	260	203	0.00065	17.0	1	780	k83_3614201	1	0.28846153846153844	0.43842364532019706	1
Cas3HD_0_CAS-I	k83_451969_1	127	203	0.0071	13.6	45	425	k83_451969	1	0.6220472440944882	0.4433497536945813	1
Cas3HD_0_CAS-I	k83_811483_3	871	203	0.0014	16.0	957	3569	k83_811483	3	0.05855338691159587	0.24630541871921183	1
Cas3HD_0_CAS-I	k83_978169_3	380	203	0.00013	19.3	2401	3540	k83_978169	3	0.4052631578947368	0.7438423645320197	1
Cas3_0_CAS-I	k83_1578467_1	1113	353	2.1e-10	37.7	2	3340	k83_1578467	1	0.18957771787960467	0.6118980169971672	-1
Cas3_0_CAS-I	k83_1827349_3	355	353	0.00012	18.7	2971	4035	k83_1827349	3	0.19154929577464788	0.19263456090651557	1
Cas3_0_CAS-I	k83_1844630_2	426	353	1.1e-05	22.2	212	1489	k83_1844630	2	0.5446009389671361	0.660056657223796	-1
Cas3_0_CAS-I	k83_2027163_1	296	353	0.029	10.9	3	890	k83_2027163	1	0.3716216216216216	0.3087818696883853	-1
Cas3_0_CAS-I	k83_551760_2	359	353	1.3e-07	28.5	769	1845	k83_551760	2	0.26740947075208915	0.2776203966005666	-1
Cas3_0_CAS-I	k83_751546_1	543	353	2.8e-08	30.7	3	1631	k83_751546	1	0.2523020257826888	0.3626062322946176	1
Cas3_0_CAS-I-D	k83_1844630_2	426	626	7.7e-08	28.4	212	1489	k83_1844630	2	0.4953051643192488	0.31150159744408945	-1
Cas3_0_CAS-I-D	k83_551760_2	359	626	1.3e-05	21.0	769	1845	k83_551760	2	0.1977715877437326	0.10862619808306709	-1
Cas3_0_I	k83_1578467_1	1113	358	2.6e-08	30.7	2	3340	k83_1578467	1	0.21473495058400718	0.6089385474860335	-1
Cas3_0_I	k83_1827349_3	355	358	0.00085	15.9	2971	4035	k83_1827349	3	0.18309859154929578	0.18156424581005587	1
Cas3_0_I	k83_1844630_2	426	358	2.8e-05	20.8	212	1489	k83_1844630	2	0.47417840375586856	0.5810055865921788	-1
Cas3_0_I	k83_2027163_1	296	358	0.017	11.7	3	890	k83_2027163	1	0.3716216216216216	0.30446927374301674	-1
Cas3_0_I	k83_551760_2	359	358	3.7e-09	33.6	769	1845	k83_551760	2	0.28133704735376047	0.2877094972067039	-1
Cas3_0_I	k83_751546_1	543	358	1.8e-08	31.3	3	1631	k83_751546	1	0.26703499079189685	0.40782122905027934	1
Cas3_0_ID	k83_751546_1	543	357	0.00087	15.9	3	1631	k83_751546	1	0.18047882136279927	0.2661064425770308	1
Cas3_1_CAS-I	k83_1477585_2	666	745	0.017	10.9	424	2421	k83_1477585	2	0.16216216216216217	0.1476510067114094	1
Cas3_1_CAS-I	k83_1827349_3	355	745	0.014	11.1	2971	4035	k83_1827349	3	0.18591549295774648	0.08993288590604027	1
Cas3_1_CAS-I	k83_1844630_2	426	745	0.0015	14.3	212	1489	k83_1844630	2	0.38497652582159625	0.2389261744966443	-1
Cas3_1_CAS-I	k83_551760_2	359	745	3.6e-05	19.7	769	1845	k83_551760	2	0.15598885793871867	0.08053691275167785	-1
Cas3_1_CAS-I	k83_751546_1	543	745	4.5e-05	19.4	3	1631	k83_751546	1	0.13996316758747698	0.10335570469798658	1
Cas3_1_CAS-I-D	k83_1844630_2	426	353	0.011	12.3	212	1489	k83_1844630	2	0.12206572769953052	0.1274787535410765	-1
Cas3_1_CAS-I-D	k83_751546_1	543	353	3.7e-05	20.4	3	1631	k83_751546	1	0.2283609576427256	0.34844192634560905	1
Cas3_1_I	k83_2267000_3	532	178	0.49	7.8	2178	3773	k83_2267000	3	0.15977443609022557	0.6292134831460674	-1
Cas3_1_I	k83_3398103_5	166	178	0.23	8.9	2820	3317	k83_3398103	5	0.27710843373493976	0.30337078651685395	1
Cas3_1_I	k83_3614201_1	260	178	0.012	13.1	1	780	k83_3614201	1	0.3038461538461538	0.5168539325842697	1
Cas3_1_I	k83_811483_3	871	178	0.0049	14.3	957	3569	k83_811483	3	0.05166475315729047	0.24157303370786518	1
Cas3_1_I	k83_978169_3	380	178	0.0066	13.9	2401	3540	k83_978169	3	0.41842105263157897	0.8089887640449438	1
Cas3_2_CAS-I	k83_1844630_2	426	967	0.014	10.9	212	1489	k83_1844630	2	0.34976525821596244	0.14788004136504654	-1
Cas3_2_CAS-I	k83_2383122_3	619	967	0.00017	17.3	905	2761	k83_2383122	3	0.2617124394184168	0.16959669079627715	-1
Cas3_2_CAS-I	k83_751546_1	543	967	6e-05	18.7	3	1631	k83_751546	1	0.16574585635359115	0.0889348500517063	1
Cas3d_1_CAS-I-D	k83_2383122_3	619	627	0.009	11.7	905	2761	k83_2383122	3	0.1680129240710824	0.16108452950558214	-1
Cas5f_3_CAS-I-F	k83_501591_1	179	293	0.021	11.6	28	564	k83_501591	1	0.21787709497206703	0.13310580204778158	1
Cas6_0_CAS-I-A-III-D	k83_638368_3	238	246	0.015	12.0	1998	2711	k83_638368	3	0.18067226890756302	0.17886178861788618	1
Cas6_0_CAS-III-B-I-B	k83_839709_2	411	235	0.018	11.9	301	1533	k83_839709	2	0.1192214111922141	0.20851063829787234	-1
Cas6_14_CAS-I-II-III-IV-V-VI	k83_1986171_6	409	190	0.017	12.6	3227	4453	k83_1986171	6	0.2860635696821516	0.6052631578947368	-1
Cas8a1_1_IB	k83_394098_2	344	571	0.029	10.2	1108	2139	k83_394098	2	0.14825581395348839	0.07355516637478109	1
Cas8b1_1_CAS-I-B	k83_394098_2	344	563	0.034	10.2	1108	2139	k83_394098	2	0.09593023255813954	0.0586145648312611	1
Cas8u1_1_CAS-I-U	k83_3423101_3	360	312	0.0049	13.7	1268	2347	k83_3423101	3	0.19166666666666668	0.21153846153846154	-1
Cas9_0_II-C2	k83_1311928_5	182	967	6.8e-12	41.8	2835	3380	k83_1311928	5	0.510989010989011	0.09307135470527404	-1
Cas9_0_II-D	k83_1311928_5	182	853	5.9e-15	52.2	2835	3380	k83_1311928	5	0.34615384615384615	0.07268464243845252	-1
CasR_0_CAS-I-II-III-IV-V-VI	k83_1430911_2	231	198	0.0019	15.3	3350	4042	k83_1430911	2	0.3593073593073593	0.43434343434343436	-1
CasR_0_CAS-I-II-III-IV-V-VI	k83_1554286_2	105	198	0.0003	17.9	636	950	k83_1554286	2	0.5333333333333333	0.2878787878787879	-1
CasR_0_CAS-I-II-III-IV-V-VI	k83_1931362_2	257	198	0.002	15.2	462	1232	k83_1931362	2	0.17120622568093385	0.23232323232323232	1
CasR_0_CAS-I-II-III-IV-V-VI	k83_1960053_1	85	198	0.00086	16.4	1	255	k83_1960053	1	0.5176470588235295	0.2222222222222222	-1
CasR_0_CAS-I-II-III-IV-V-VI	k83_2102947_2	213	198	0.00086	16.4	789	1427	k83_2102947	2	0.24413145539906103	0.2727272727272727	1
CasR_0_CAS-I-II-III-IV-V-VI	k83_2804405_3	227	198	0.022	11.8	1476	2156	k83_2804405	3	0.1762114537444934	0.21212121212121213	-1
CasR_0_CAS-I-II-III-IV-V-VI	k83_3113069_2	219	198	0.001	16.2	1026	1682	k83_3113069	2	0.3972602739726027	0.4494949494949495	-1
CasR_0_CAS-I-II-III-IV-V-VI	k83_3161411_3	220	198	0.00012	19.2	2075	2734	k83_3161411	3	0.22272727272727272	0.23737373737373738	1
CasR_0_CAS-I-II-III-IV-V-VI	k83_3555484_3	96	198	0.019	12.1	2978	3265	k83_3555484	3	0.3541666666666667	0.17676767676767677	-1
CasR_0_CAS-I-II-III-IV-V-VI	k83_393969_1	77	198	0.00064	16.8	3	233	k83_393969	1	0.5324675324675324	0.21717171717171718	1
CasR_0_CAS-I-II-III-IV-V-VI	k83_41862_1	211	198	0.0014	15.7	203	835	k83_41862	1	0.24170616113744076	0.25252525252525254	1
CasR_0_CAS-I-II-III-IV-V-VI	k83_792691_4	134	198	0.0064	13.6	4160	4561	k83_792691	4	0.41044776119402987	0.2676767676767677	1
CasR_0_CAS-III-B	k83_1966881_9	213	480	0.0018	14.5	7552	8190	k83_1966881	9	0.2300469483568075	0.09791666666666667	-1
CasR_0_CAS-III-B-III-D	k83_611492_5	185	255	2.3e-05	21.5	2757	3311	k83_611492	5	0.31891891891891894	0.23137254901960785	1
CasR_1_CAS-I-II-III-IV-V-VI	k83_1430911_2	231	218	0.0016	15.1	3350	4042	k83_1430911	2	0.1774891774891775	0.19724770642201836	-1
CasR_1_CAS-I-II-III-IV-V-VI	k83_1554286_2	105	218	0.00073	16.2	636	950	k83_1554286	2	0.5142857142857142	0.25229357798165136	-1
CasR_1_CAS-I-II-III-IV-V-VI	k83_1572343_2	216	218	0.00029	17.5	1259	1906	k83_1572343	2	0.18981481481481483	0.19724770642201836	1
CasR_1_CAS-I-II-III-IV-V-VI	k83_1931362_2	257	218	0.0012	15.4	462	1232	k83_1931362	2	0.17509727626459143	0.21559633027522937	1
CasR_1_CAS-I-II-III-IV-V-VI	k83_1960053_1	85	218	0.001	15.7	1	255	k83_1960053	1	0.5294117647058824	0.20642201834862386	-1
CasR_1_CAS-I-II-III-IV-V-VI	k83_2102947_2	213	218	8.8e-06	22.5	789	1427	k83_2102947	2	0.25821596244131456	0.26146788990825687	1
CasR_1_CAS-I-II-III-IV-V-VI	k83_3113069_2	219	218	0.0014	15.3	1026	1682	k83_3113069	2	0.1963470319634703	0.20642201834862386	-1
CasR_1_CAS-I-II-III-IV-V-VI	k83_3161411_3	220	218	6e-05	19.8	2075	2734	k83_3161411	3	0.21818181818181817	0.21100917431192662	1
CasR_1_CAS-I-II-III-IV-V-VI	k83_3423101_2	212	218	0.02	11.5	636	1271	k83_3423101	2	0.20754716981132076	0.21100917431192662	-1
CasR_1_CAS-I-II-III-IV-V-VI	k83_393969_1	77	218	0.00071	16.2	3	233	k83_393969	1	0.5194805194805194	0.1926605504587156	1
CasR_1_CAS-I-II-III-IV-V-VI	k83_41862_1	211	218	0.0021	14.7	203	835	k83_41862	1	0.23222748815165878	0.22018348623853212	1
CasR_1_CAS-I-II-III-IV-V-VI	k83_792691_4	134	218	0.018	11.7	4160	4561	k83_792691	4	0.41044776119402987	0.24311926605504589	1
CasR_1_CAS-III-B	k83_2899899_5	173	173	0.016	12.5	3215	3733	k83_2899899	5	0.7225433526011561	0.653179190751445	-1
Cmr3_0_IIIB	k83_1336599_1	487	346	0.024	11.2	205	1665	k83_1336599	1	0.27720739219712526	0.23699421965317918	1
Cmr3gr5_0_CAS-III-B-III-C	k83_1157487_1	149	373	0.0028	13.8	2	448	k83_1157487	1	0.28859060402684567	0.11528150134048257	-1
Cmr3gr5_3_CAS-III-B-III-C	k83_1336599_1	487	329	0.022	11.5	205	1665	k83_1336599	1	0.1704312114989733	0.23404255319148937	1
Cmr4_1_IIIB	k83_456148_2	69	281	0.0037	14.3	432	638	k83_456148	2	0.463768115942029	0.11387900355871886	-1
CorA_0_CAS-III-B-III-D	k83_1582755_3	312	551	0.0005	16.3	707	1642	k83_1582755	3	0.15064102564102563	0.08348457350272233	-1
CorA_1_CAS-III-B	k83_451969_1	127	125	0.28	8.6	45	425	k83_451969	1	0.5275590551181102	0.52	1
Csa3_1_CAS-I-II-III-IV-V-VI	k83_1554286_2	105	118	7.1e-23	78.6	636	950	k83_1554286	2	0.8	0.7966101694915254	-1
Csa3_1_CAS-I-II-III-IV-V-VI	k83_2726067_5	192	118	0.014	13.3	2425	3000	k83_2726067	5	0.5052083333333334	0.5508474576271186	1
Csa3_1_CAS-I-II-III-IV-V-VI	k83_41862_1	211	118	2.1e-06	25.6	203	835	k83_41862	1	0.41706161137440756	0.7033898305084746	1
Csa5gr11_5_CAS-I-A	k83_2040928_2	97	127	0.0099	13.5	1119	1409	k83_2040928	2	0.7216494845360825	0.5511811023622047	1
Csa5gr11_9_CAS-I-A	k83_2270683_2	361	115	0.025	11.8	269	1351	k83_2270683	2	0.30193905817174516	0.7565217391304347	-1
Csf4_0_IVA	k83_1844630_2	426	666	8.4e-06	22.0	212	1489	k83_1844630	2	0.323943661971831	0.19519519519519518	-1
Csf4_3_IVE	k83_551760_2	359	648	0.0065	12.6	769	1845	k83_551760	2	0.12813370473537605	0.07407407407407407	-1
Csm2gr11_4_CAS-III-A	k83_544688_1	654	142	0.1	10.1	3	1964	k83_544688	1	0.13761467889908258	0.6197183098591549	1
Csm2gr11_7_CAS-III-A	k83_3660397_1	569	110	0.053	12.0	3	1709	k83_3660397	1	0.28471001757469244	0.5727272727272728	-1
Csn2_7_CAS-II-A	k83_16989_1	226	372	0.039	10.4	3	680	k83_16989	1	0.15486725663716813	0.09408602150537634	-1
Csn2_7_CAS-II-A	k83_3787554_1	291	372	0.0009	15.7	152	1024	k83_3787554	1	0.3161512027491409	0.2446236559139785	-1
Csx16_2_CAS-I-III	k83_1044105_2	359	90	0.02	12.7	1186	2262	k83_1044105	2	0.14484679665738162	0.6111111111111112	-1
Csx16_3_CAS-I-III	k83_1044105_2	359	91	0.0031	15.2	1186	2262	k83_1044105	2	0.1309192200557103	0.5494505494505495	-1
Csx18_0_CAS-I-III	k83_105264_3	226	96	0.084	10.3	2321	2998	k83_105264	3	0.22123893805309736	0.3958333333333333	1
Csx1_20_CAS-III	k83_3537054_1	273	379	6.1e-37	124.7	3	821	k83_3537054	1	0.8901098901098901	0.6437994722955145	1
Csx1_20_CAS-III	k83_611492_5	185	379	4.8e-11	39.5	2757	3311	k83_611492	5	0.8864864864864865	0.40897097625329815	1
Csx1_4_CAS-III	k83_3537054_1	273	380	7.3e-30	101.4	3	821	k83_3537054	1	0.8937728937728938	0.6394736842105263	1
Csx1_4_CAS-III	k83_611492_5	185	380	1.8e-07	27.7	2757	3311	k83_611492	5	0.8540540540540541	0.3973684210526316	1
Csx1_7_CAS-III	k83_3061948_3	207	309	0.25	8.3	1391	2011	k83_3061948	3	0.6618357487922706	0.3559870550161812	1
Csx1_9_CAS-III	k83_3537054_1	273	378	6.7e-37	124.7	3	821	k83_3537054	1	0.8864468864468864	0.6349206349206349	1
Csx1_9_CAS-III	k83_611492_5	185	378	1.5e-09	34.7	2757	3311	k83_611492	5	0.8810810810810811	0.41005291005291006	1
Csx3_2_CAS-I-III	k83_260984_2	209	277	0.0015	15.2	1022	1648	k83_260984	2	0.2966507177033493	0.1624548736462094	-1
Csx3_2_CAS-I-III	k83_3573021_4	177	277	0.0036	13.9	3018	3548	k83_3573021	4	0.15819209039548024	0.10108303249097472	1
CysH_0_IVB	k83_1893308_3	519	249	0.00027	18.1	1233	2789	k83_1893308	3	0.1464354527938343	0.3132530120481928	-1
CysH_0_IVB	k83_1897219_3	113	249	0.0034	14.5	1695	2033	k83_1897219	3	0.6017699115044248	0.24899598393574296	1
CysH_0_IVB	k83_2206756_2	276	249	0.031	11.4	360	1187	k83_2206756	2	0.12681159420289856	0.14056224899598393	-1
CysH_0_IVB	k83_3104828_2	235	249	0.0093	13.1	750	1454	k83_3104828	2	0.2425531914893617	0.2289156626506024	1
CysH_0_IVB	k83_74479_6	239	249	3.2e-21	73.6	6612	7328	k83_74479	6	0.8158995815899581	0.7590361445783133	1
CysH_0_IVB	k83_74479_8	266	249	2.9e-17	60.6	8403	9200	k83_74479	8	0.6015037593984962	0.6305220883534136	1
DEDDh_0_CAS-I-II-III-IV-V-VI	k83_2681310_6	269	160	0.0027	15.3	1762	2568	k83_2681310	6	0.38661710037174724	0.56875	1
HEAT_CxxC_PDDEXK_0_CAS-I-C	k83_1020250_1	330	288	3.5e-05	20.5	2	991	k83_1020250	1	0.4666666666666667	0.3263888888888889	1
HEAT_CxxC_PDDEXK_0_CAS-I-C	k83_1020250_2	255	288	2.6e-09	34.1	984	1748	k83_1020250	2	0.7254901960784313	0.2986111111111111	1
HEAT_CxxC_PDDEXK_0_CAS-I-C	k83_1211163_1	195	288	0.0014	15.3	55	639	k83_1211163	1	0.37435897435897436	0.2708333333333333	1
HEAT_CxxC_PDDEXK_0_CAS-I-C	k83_1393154_3	65	288	0.0095	12.5	1890	2084	k83_1393154	3	0.5230769230769231	0.11805555555555555	1
HEAT_CxxC_PDDEXK_0_CAS-I-C	k83_2010245_2	455	288	7.1e-10	35.9	534	1898	k83_2010245	2	0.5802197802197803	0.3090277777777778	-1
HEAT_CxxC_PDDEXK_0_CAS-I-C	k83_2270683_2	361	288	1.2e-07	28.6	269	1351	k83_2270683	2	0.7146814404432132	0.2708333333333333	-1
HEAT_CxxC_PDDEXK_0_CAS-I-C	k83_2402900_3	470	288	1.1e-09	35.3	830	2239	k83_2402900	3	0.49148936170212765	0.2673611111111111	-1
HEAT_CxxC_PDDEXK_0_CAS-I-C	k83_2413824_2	455	288	1.2e-05	22.1	262	1626	k83_2413824	2	0.6307692307692307	0.2777777777777778	1
HEAT_CxxC_PDDEXK_0_CAS-I-C	k83_2726067_5	192	288	1.1e-05	22.2	2425	3000	k83_2726067	5	0.4114583333333333	0.3090277777777778	1
HEAT_CxxC_PDDEXK_0_CAS-I-C	k83_559402_3	278	288	0.00011	18.9	721	1554	k83_559402	3	0.7122302158273381	0.2638888888888889	-1
HEAT_CxxC_PDDEXK_0_CAS-I-C	k83_65994_5	372	288	0.00015	18.4	4452	5567	k83_65994	5	0.271505376344086	0.2708333333333333	1
HTH_0_CAS-I-D	k83_1020250_2	255	65	0.0011	16.2	984	1748	k83_1020250	2	0.1803921568627451	0.3384615384615385	1
HTH_0_CAS-I-D	k83_2726067_5	192	65	0.17	9.3	2425	3000	k83_2726067	5	0.3020833333333333	0.4153846153846154	1
HTH_0_CAS-III-A	k83_426337_4	202	364	0.02	11.5	2745	3350	k83_426337	4	0.22277227722772278	0.12637362637362637	1
HTH_0_CAS-III-B	k83_2837001_3	198	217	0.0091	13.1	1173	1766	k83_2837001	3	0.2777777777777778	0.2534562211981567	1
Mem_DnaJ_0_CAS-III-AM	k83_467220_3	340	284	0.00016	18.6	1384	2403	k83_467220	3	0.16470588235294117	0.20774647887323944	1
Mem_DnaJ_0_CAS-III-AM	k83_657655_2	210	284	0.00036	17.4	474	1103	k83_657655	2	0.24285714285714285	0.19718309859154928	1
Mem_DnaJ_0_CAS-III-AM	k83_792691_1	256	284	5.4e-05	20.1	2	769	k83_792691	1	0.21484375	0.19718309859154928	-1
RecD_0_IVD	k83_1567087_1	493	763	0.0033	13.0	3	1481	k83_1567087	1	0.11561866125760649	0.06815203145478375	-1
RecD_0_IVD	k83_1827349_3	355	763	0.0001	18.0	2971	4035	k83_1827349	3	0.3126760563380282	0.14154652686762778	1
RecD_0_IVD	k83_2730995_2	579	763	0.017	10.7	299	2035	k83_2730995	2	0.10362694300518134	0.06815203145478375	-1
RecD_0_IVD	k83_751546_1	543	763	0.02	10.4	3	1631	k83_751546	1	0.12154696132596685	0.07863695937090433	1
SSgr11_0_CAS-III-F	k83_3660397_1	569	197	0.0027	14.9	3	1709	k83_3660397	1	0.22144112478031636	0.649746192893401	-1
TPR_0_CAS-III-A	k83_2206756_6	644	435	0.0033	13.9	5237	7168	k83_2206756	6	0.16304347826086957	0.15862068965517243	1
TPR_0_CAS-III-A	k83_3573021_2	185	435	0.021	11.3	1016	1570	k83_3573021	2	0.31351351351351353	0.1310344827586207	-1
TPR_0_CAS-III-B	k83_121224_2	271	488	6.9e-07	25.8	1250	2062	k83_121224	2	0.44280442804428044	0.26024590163934425	1
TPR_0_CAS-III-B	k83_190521_3	275	488	4.399999999999999e-24	82.5	499	1323	k83_190521	3	0.76	0.375	-1
TPR_0_CAS-III-B	k83_2548610_3	547	488	0.0022	14.2	948	2588	k83_2548610	3	0.1846435100548446	0.36270491803278687	-1
TPR_0_CAS-III-B	k83_311484_2	172	488	0.0026	14.0	403	918	k83_311484	2	0.6744186046511628	0.2725409836065574	-1
TPR_1_CAS-III-A	k83_1000779_1	139	462	0.0034	13.6	1	417	k83_1000779	1	0.4244604316546763	0.12337662337662338	1
TPR_1_CAS-III-A	k83_1677731_1	241	462	9.6e-05	18.7	2	724	k83_1677731	1	0.6265560165975104	0.2987012987012987	1
TPR_1_CAS-III-A	k83_2123296_2	346	462	0.00014	18.1	765	1802	k83_2123296	2	0.2976878612716763	0.15584415584415584	1
TPR_1_CAS-III-A	k83_2123296_3	422	462	0.00057	16.1	2545	3810	k83_2123296	3	0.31516587677725116	0.23809523809523808	-1
TPR_1_CAS-III-B	k83_1284947_7	229	537	0.00065	16.0	5117	5803	k83_1284947	7	0.6244541484716157	0.2011173184357542	-1
TPR_1_CAS-III-B	k83_1387535_1	308	537	0.0037	13.5	3	926	k83_1387535	1	0.37987012987012986	0.22346368715083798	1
TPR_1_CAS-III-B	k83_190521_3	275	537	1.7e-09	34.4	499	1323	k83_190521	3	0.5163636363636364	0.2532588454376164	-1
TPR_1_CAS-III-B	k83_2548610_3	547	537	1.9e-06	24.3	948	2588	k83_2548610	3	0.396709323583181	0.4338919925512104	-1
TPR_1_CAS-III-B	k83_311484_2	172	537	3.2e-05	20.3	403	918	k83_311484	2	0.7325581395348837	0.2532588454376164	-1
TniQ_0_CAS-I-F	k83_1708732_3	214	139	0.0048	15.3	2284	2925	k83_1708732	3	0.35046728971962615	0.5323741007194245	1
Unk_03_0_CAS-III-B	k83_2760110_4	297	186	0.00015	19.4	2155	3045	k83_2760110	4	0.31986531986531985	0.5053763440860215	1
htpX_0_CAS-III-B	k83_2135332_6	382	343	0.004	13.8	2950	4095	k83_2135332	6	0.16230366492146597	0.1836734693877551	1
htpX_0_CAS-III-B	k83_2241267_9	307	343	2.7000000000000002e-27	93.2	5553	6473	k83_2241267	9	0.6123778501628665	0.5597667638483965	-1
