Contig	Start	End	Strand	Pos
k141_94	3	341	1	1
k141_94	338	1561	-1	2
k141_94	1595	1993	-1	3
k141_94	1960	2370	-1	4
k141_94	2495	2929	1	5
k141_505	3	365	1	1
k141_505	369	2051	1	2
k141_772	3	1913	-1	1
k141_772	2059	2685	1	2
k141_772	2663	4405	-1	3
k141_772	4412	4585	-1	4
k141_772	4622	4948	-1	5
k141_772	5024	5350	1	6
k141_772	5352	6383	1	7
k141_1036	2	217	1	1
k141_1036	240	1265	1	2
k141_1036	1258	1686	-1	3
k141_1036	1850	3964	-1	4
k141_1036	3951	4313	-1	5
k141_1975	1	477	1	1
k141_1975	511	663	1	2
k141_1975	664	1110	-1	3
k141_1975	1111	2886	-1	4
k141_1975	3044	4249	-1	5
k141_1975	4294	4665	-1	6
k141_2913	1	381	-1	1
k141_2913	443	1075	-1	2
k141_2913	1122	1640	-1	3
k141_2913	1702	2163	1	4
k141_2913	2150	2473	-1	5
k141_4224	78	1001	1	1
k141_4224	1041	1280	-1	2
k141_4224	1500	2552	1	3
k141_4224	2552	3604	1	4
k141_4857	29	2065	1	1
k141_4857	2062	3660	-1	2
k141_4857	3752	4198	1	3
k141_4857	4182	4643	1	4
k141_4857	4633	4935	-1	5
k141_4857	4932	5708	-1	6
k141_4857	5748	5918	1	7
k141_4857	5919	6383	1	8
k141_4857	6418	6900	1	9
k141_4857	6902	7408	-1	10
k141_4857	7526	8182	1	11
k141_4857	8183	9049	1	12
k141_4857	9052	9681	-1	13
k141_4857	9736	10035	-1	14
k141_4857	10075	10587	-1	15
k141_4857	10667	10984	1	16
k141_4877	3	230	-1	1
k141_4877	284	502	-1	2
k141_4877	496	735	-1	3
k141_4877	768	1016	-1	4
k141_4877	1723	1821	1	5
k141_6190	3	563	-1	1
k141_6190	691	1023	-1	2
k141_6190	1079	1501	1	3
k141_6747	2	163	-1	1
k141_6747	144	1274	-1	2
k141_6747	1284	2330	-1	3
k141_6747	2464	2961	1	4
k141_6747	2958	3305	1	5
k141_6747	3342	3695	1	6
k141_6747	3836	4381	1	7
k141_6747	4600	4773	1	8
k141_8157	3	953	-1	1
k141_8157	1037	1519	1	2
k141_8423	3	980	-1	1
k141_8423	1066	1734	-1	2
k141_8423	1741	2031	1	3
k141_8423	2058	2789	1	4
k141_8423	2885	3094	-1	5
k141_8423	3095	3859	-1	6
k141_8423	3940	4899	-1	7
k141_8423	4896	5141	-1	8
k141_8423	5237	5536	-1	9
k141_8423	5542	5922	-1	10
k141_8423	5976	6530	-1	11
k141_8423	6527	7192	-1	12
k141_8423	7310	8341	1	13
k141_8423	8338	8676	-1	14
k141_8423	8791	9423	1	15
k141_8423	9430	10416	1	16
k141_8423	10574	10741	-1	17
k141_8423	10920	11243	1	18
k141_8423	11220	11615	-1	19
k141_8423	11648	12112	-1	20
k141_8423	12496	13098	1	21
k141_8423	13139	13549	1	22
k141_8423	13676	14368	1	23
k141_8423	14358	14717	1	24
k141_9305	1	1098	-1	1
k141_9305	1106	1507	-1	2
k141_9305	1521	1721	-1	3
k141_9305	1726	1941	-1	4
k141_9305	1941	2318	-1	5
k141_9305	2382	3728	-1	6
k141_9305	3748	4455	-1	7
k141_9305	4576	4908	1	8
k141_10504	2	259	1	1
k141_10504	259	690	1	2
k141_10504	699	1169	-1	3
k141_10504	1266	1733	1	4
k141_10504	1798	2277	1	5
k141_10504	2291	2863	-1	6
k141_10504	2912	3769	-1	7
k141_10504	3845	4231	-1	8
k141_10504	4266	4694	-1	9
k141_10504	4816	4941	1	10
k141_10504	4944	5513	1	11
k141_10504	5563	6372	-1	12
k141_10504	6486	8006	1	13
k141_10504	8067	8486	1	14
k141_10504	8597	9106	1	15
k141_12209	3	1124	-1	1
k141_12209	1167	1850	-1	2
k141_12209	1850	2365	-1	3
k141_12209	2420	3829	-1	4
k141_12209	4126	4854	1	5
k141_12209	4890	5579	1	6
k141_12209	5576	6727	1	7
k141_12209	6720	8219	-1	8
k141_12209	8357	8695	1	9
k141_12209	8749	9468	1	10
k141_12209	9511	9717	-1	11
k141_12209	9939	12383	1	12
k141_12209	12425	14155	-1	13
k141_12209	14622	15011	1	14
k141_12209	15013	15510	1	15
k141_12209	15570	16223	1	16
k141_12209	16292	17119	1	17
k141_12209	17186	18751	1	18
k141_12209	18989	20275	-1	19
k141_12209	20494	21144	1	20
k141_12209	21215	22258	-1	21
k141_12209	22378	22971	1	22
k141_12601	3	92	1	1
k141_12601	100	570	-1	2
k141_12601	623	1057	1	3
k141_12601	1112	1873	1	4
k141_12601	2015	2311	-1	5
k141_12896	3	413	-1	1
k141_12896	438	1517	-1	2
k141_12896	1629	1745	-1	3
k141_12896	1977	2528	1	4
k141_12896	2663	3544	-1	5
k141_12896	3656	4042	1	6
k141_12896	4393	5205	-1	7
k141_12896	5373	6023	-1	8
k141_12896	6143	6505	-1	9
k141_12896	6596	6985	-1	10
k141_14136	1	222	1	1
k141_14136	256	492	1	2
k141_14136	509	1153	1	3
k141_14136	1169	1279	-1	4
k141_14136	1422	1985	-1	5
k141_14136	2015	2404	1	6
k141_14136	2399	3076	-1	7
k141_14136	3078	4283	-1	8
k141_14136	4280	4864	-1	9
k141_14136	4997	5377	1	10
k141_14136	5379	6926	-1	11
k141_14136	6928	7320	-1	12
k141_14136	7354	8652	-1	13
k141_14136	8649	9359	-1	14
k141_14136	9352	10542	-1	15
k141_14136	10660	11565	1	16
k141_14136	11593	11748	1	17
k141_15599	124	807	1	1
k141_15599	800	1267	-1	2
k141_15599	1381	1803	1	3
k141_15599	1803	2678	1	4
k141_15599	2681	3334	1	5
k141_15599	3320	3781	-1	6
k141_15599	3789	4181	-1	7
k141_15599	4488	4613	1	8
k141_15735	3	500	-1	1
k141_15735	497	1627	-1	2
k141_15735	1630	2172	-1	3
k141_16260	2	1483	-1	1
k141_16260	1540	2319	-1	2
k141_16260	2408	3196	1	3
k141_16260	3241	4095	1	4
k141_16260	4101	4181	-1	5
k141_16701	3	479	-1	1
k141_16701	563	1345	-1	2
k141_16701	1460	1942	1	3
k141_16701	1939	2391	-1	4
k141_16701	2444	2728	1	5
k141_16701	2758	3075	1	6
k141_16701	3064	3759	-1	7
k141_17765	1	1098	1	1
k141_17765	1095	2291	1	2
k141_17765	2362	3531	1	3
k141_17765	3586	3837	1	4
k141_17765	3868	5349	1	5
k141_17765	5364	5594	-1	6
k141_17765	5677	6177	1	7
k141_17765	6283	6972	1	8
k141_17765	6975	7235	-1	9
k141_17765	7362	7745	1	10
k141_17765	7858	8094	-1	11
k141_17765	8300	9322	-1	12
k141_17765	9395	9619	1	13
k141_17765	9576	9680	1	14
k141_17765	9655	10167	1	15
k141_18565	1	189	-1	1
k141_18565	243	575	-1	2
k141_18565	677	1378	1	3
k141_18565	1381	1995	1	4
k141_18565	2056	3555	-1	5
k141_20069	1	402	-1	1
k141_20069	517	891	1	2
k141_20069	935	1450	1	3
k141_20069	1456	2055	1	4
k141_20069	2058	3194	1	5
k141_20069	3196	4140	1	6
k141_20850	3	770	1	1
k141_20850	794	1240	-1	2
k141_20850	1243	1401	-1	3
k141_20850	1450	2046	-1	4
k141_20850	2084	2851	1	5
k141_20850	2865	3815	1	6
k141_20850	4015	4620	1	7
k141_21139	2	154	1	1
k141_21139	236	1255	-1	2
k141_21139	1339	1992	1	3
k141_21139	1989	3239	1	4
k141_21139	3284	4267	1	5
k141_21139	4264	4575	1	6
k141_21139	4744	5412	-1	7
k141_21139	5431	5964	1	8
k141_21139	5959	6579	-1	9
k141_21139	7085	7381	1	10
k141_21139	7378	7977	-1	11
k141_21139	8006	8794	-1	12
k141_21139	8913	9224	1	13
k141_21139	9213	9860	-1	14
k141_21139	9961	11169	1	15
k141_21139	11162	11491	-1	16
k141_21139	11492	11569	-1	17
k141_22280	1	486	1	1
k141_22280	490	1467	1	2
k141_22280	1493	1639	1	3
k141_22280	1636	2016	-1	4
k141_22595	14	1177	-1	1
k141_22595	1249	1659	1	2
k141_22595	1656	2312	-1	3
k141_22931	3	434	1	1
k141_22931	415	1215	1	2
k141_22931	1216	1482	-1	3
k141_22931	1561	3159	1	4
k141_22931	3137	3367	-1	5
k141_23320	3	425	1	1
k141_23320	452	1882	1	2
k141_23320	1914	2381	1	3
k141_23320	2378	3196	-1	4
k141_23369	1	753	-1	1
k141_23369	750	1664	-1	2
k141_23369	1756	2139	1	3
k141_23369	2136	3470	1	4
k141_23369	3488	4417	-1	5
k141_23369	4426	4920	1	6
k141_23369	4944	5249	-1	7
k141_23369	5283	5429	-1	8
k141_23369	5431	6063	-1	9
k141_23369	6068	7453	-1	10
k141_23369	7450	9144	-1	11
k141_24469	1	1821	1	1
k141_24469	1822	2826	1	2
k141_24469	2859	3059	1	3
k141_24469	3056	3529	-1	4
k141_24469	3530	3799	-1	5
k141_24469	3796	4149	-1	6
k141_24491	90	374	-1	1
k141_24491	386	829	-1	2
k141_24491	807	1160	-1	3
k141_24491	1278	1472	1	4
k141_24491	1456	1557	1	5
k141_24491	1662	2132	1	6
k141_24491	2119	3222	-1	7
k141_24491	3203	5044	-1	8
k141_24491	5034	5603	-1	9
k141_24491	5600	6397	-1	10
k141_24491	6415	6726	-1	11
k141_24491	6765	7061	-1	12
k141_24491	7061	7486	-1	13
k141_24491	7543	7686	-1	14
k141_24491	7910	8404	1	15
k141_24491	8475	9635	1	16
k141_24491	9773	10261	1	17
k141_25641	11	589	-1	1
k141_25641	715	1104	-1	2
k141_25641	1142	1894	1	3
k141_25641	1896	5270	1	4
k141_25641	5267	6589	-1	5
k141_25641	6711	8420	1	6
k141_25641	8463	8744	1	7
k141_25641	8741	10201	-1	8
k141_25641	10258	10809	1	9
k141_25641	10809	11087	1	10
k141_25641	11362	12102	1	11
k141_25641	12196	12414	-1	12
k141_25641	12708	13466	-1	13
k141_25641	13441	14769	-1	14
k141_25641	14766	15302	-1	15
k141_25641	15375	15923	1	16
k141_25641	15920	16312	1	17
k141_25641	16389	17108	-1	18
k141_25641	17110	18009	-1	19
k141_25641	18006	18947	-1	20
k141_25641	18948	19820	-1	21
k141_25641	19866	20591	-1	22
k141_25641	20623	21768	-1	23
k141_25641	21805	22299	-1	24
k141_25641	22352	23380	1	25
k141_25641	23363	23857	-1	26
k141_25641	23953	24429	1	27
k141_25641	24574	25290	1	28
k141_25641	25467	25988	1	29
k141_25641	25975	26409	-1	30
k141_25641	26545	26709	-1	31
k141_25641	26751	26999	-1	32
k141_25641	27074	27304	-1	33
k141_25641	27526	28005	1	34
k141_25641	28008	28901	1	35
k141_25641	29295	29774	-1	36
k141_25641	29908	30351	1	37
k141_25641	30363	31256	1	38
k141_25641	31289	31618	1	39
k141_25641	31615	32073	-1	40
k141_25641	32070	33149	-1	41
k141_25641	33234	33800	1	42
k141_25641	33833	34876	1	43
k141_26331	2	430	1	1
k141_26331	509	1075	1	2
k141_26331	1112	2110	1	3
k141_26331	2114	2440	-1	4
k141_26331	2738	2809	1	5
k141_26898	3	983	-1	1
k141_26898	1099	1311	1	2
k141_26898	1461	1763	1	3
k141_26898	1782	3287	-1	4
k141_26898	3284	3844	-1	5
k141_26898	3919	5112	1	6
k141_26898	5114	6094	1	7
k141_26898	6088	6414	-1	8
k141_26898	6491	6904	1	9
k141_27498	245	1099	1	1
k141_27498	1126	2070	1	2
k141_27498	2151	3236	1	3
k141_27498	3244	3579	1	4
k141_27782	1	294	-1	1
k141_27782	415	786	1	2
k141_27782	783	1055	-1	3
k141_27782	1064	1546	-1	4
k141_27782	1593	1688	1	5
k141_29372	4	360	-1	1
k141_29372	465	1415	1	2
k141_29372	1412	1756	-1	3
k141_29372	1791	2213	-1	4
k141_29615	3	116	1	1
k141_29615	121	627	-1	2
k141_29615	731	2443	1	3
k141_31447	1	1845	-1	1
k141_31447	1835	2428	-1	2
k141_31641	1	1092	-1	1
k141_31641	1136	1501	-1	2
k141_31641	1570	1725	-1	3
k141_31684	2	328	-1	1
k141_31684	360	2819	-1	2
k141_31870	1	411	1	1
k141_31870	413	1921	-1	2
k141_31870	2026	2487	1	3
k141_31870	2551	2724	1	4
k141_31870	2786	3151	1	5
k141_31870	3166	3804	1	6
k141_31870	3810	4250	-1	7
k141_31870	4395	4553	-1	8
k141_31870	4729	4821	-1	9
k141_32735	1	435	1	1
k141_32735	440	1921	1	2
k141_32735	1939	2790	-1	3
k141_32735	2994	3632	1	4
k141_32735	3934	4539	-1	5
k141_32735	4590	5675	1	6
k141_32735	5658	6746	-1	7
k141_32735	6832	7332	1	8
k141_32735	7363	7584	1	9
k141_32735	7585	8415	-1	10
k141_32735	8421	10205	-1	11
k141_32735	10563	12035	-1	12
k141_32735	12442	12828	-1	13
k141_32735	12947	14614	1	14
k141_32735	14611	15582	1	15
k141_32735	15579	16232	1	16
k141_32735	16347	16598	1	17
k141_32735	16632	17102	-1	18
k141_32735	17103	18407	-1	19
k141_32827	152	328	-1	1
k141_32827	520	2157	1	2
k141_32827	2161	2976	1	3
k141_32827	2966	3145	-1	4
k141_33191	1	1581	1	1
k141_33191	1596	1850	-1	2
k141_33191	2055	2222	1	3
k141_33191	2223	2558	-1	4
k141_33446	272	2392	1	1
k141_33446	2440	3099	1	2
k141_33446	3255	3668	-1	3
k141_35070	2	607	-1	1
k141_35070	678	1946	-1	2
k141_35070	1948	3309	-1	3
k141_35070	3425	4774	1	4
k141_35070	4803	5777	1	5
k141_35070	5774	7051	-1	6
k141_35070	7243	8142	1	7
k141_35070	8139	8741	-1	8
k141_35070	8954	9403	1	9
k141_35070	9390	9935	1	10
k141_35070	9932	10594	-1	11
k141_35070	10736	11125	1	12
k141_35279	2	1063	-1	1
k141_35279	1110	1397	-1	2
k141_35279	1447	1812	-1	3
k141_35874	2	835	1	1
k141_35874	1086	1643	-1	2
k141_35874	1715	2272	1	3
k141_35874	2275	2673	-1	4
k141_35874	2674	4263	-1	5
k141_35874	4268	5182	-1	6
k141_35874	5225	5638	-1	7
k141_35874	5631	8117	-1	8
k141_35879	3	1676	-1	1
k141_35879	1754	2347	1	2
k141_35879	2354	2569	1	3
k141_35970	30	929	-1	1
k141_35970	926	1327	-1	2
k141_35970	1411	1695	1	3
k141_35970	1692	2087	1	4
k141_35970	2119	2397	1	5
k141_35970	2394	3896	-1	6
k141_35970	4002	4535	1	7
k141_35970	4539	7088	1	8
k141_35970	7180	7842	1	9
k141_35970	7987	10485	-1	10
k141_35970	10807	10887	1	11
k141_36233	2	1168	-1	1
k141_36233	1314	2246	-1	2
k141_37413	1	726	-1	1
k141_37413	808	1815	1	2
k141_37413	1808	2725	1	3
k141_37521	84	1226	-1	1
k141_37521	1231	2310	1	2
k141_37521	2432	3193	-1	3
k141_37521	3177	4115	-1	4
k141_37521	4191	5585	1	5
k141_37521	5582	8023	-1	6
k141_37522	1	1341	1	1
k141_37522	1556	3556	1	2
k141_38536	1	978	1	1
k141_38536	975	1133	-1	2
k141_38536	1136	1936	-1	3
k141_38536	1972	2505	-1	4
k141_38536	2567	3922	1	5
k141_38536	3919	4548	-1	6
k141_38536	4664	5719	-1	7
k141_38536	5755	6180	-1	8
k141_38810	1	240	1	1
k141_38810	605	883	-1	2
k141_38810	938	1669	-1	3
k141_38810	1763	3967	1	4
k141_38810	4000	5280	1	5
k141_38810	5301	5750	1	6
k141_39309	3	182	1	1
k141_39309	223	1029	1	2
k141_39309	1019	1480	-1	3
k141_39309	1529	2683	1	4
k141_39309	2696	3055	1	5
k141_39309	3128	3223	1	6
k141_39702	3	200	1	1
k141_39702	204	998	1	2
k141_39702	983	1606	-1	3
k141_39702	1661	2797	1	4
k141_39702	2789	3385	-1	5
k141_39702	3382	4062	-1	6
k141_39702	4100	4531	-1	7
k141_39702	4632	5510	1	8
k141_40491	3	398	-1	1
k141_40491	431	910	-1	2
k141_40491	916	1119	-1	3
k141_40491	1284	2156	-1	4
k141_40491	2189	2575	-1	5
k141_40491	2826	4109	1	6
k141_40491	4181	4543	1	7
k141_40491	4534	4809	-1	8
k141_40491	5012	5488	1	9
k141_40491	5544	6470	-1	10
k141_40491	6542	7705	1	11
k141_40491	7823	8740	1	12
k141_40491	8737	9807	-1	13
k141_40491	9907	10158	1	14
k141_40491	10184	10546	1	15
k141_40585	3	254	1	1
k141_40585	276	1676	1	2
k141_40585	1673	1990	1	3
k141_40585	1993	3234	1	4
k141_40585	3231	3665	1	5
k141_40689	3	2189	-1	1
k141_41316	3	383	1	1
k141_41316	380	1021	-1	2
k141_41316	1098	1472	1	3
k141_41316	1463	2185	-1	4
k141_41436	1	1731	-1	1
k141_41436	1845	1973	1	2
k141_41436	1965	2735	-1	3
k141_41436	2776	3132	1	4
k141_42543	3	212	1	1
k141_42543	259	411	1	2
k141_42543	535	1476	1	3
k141_43092	251	673	1	1
k141_43092	675	1673	-1	2
k141_43092	2134	3054	-1	3
k141_43092	3092	3871	-1	4
k141_43299	1	786	-1	1
k141_43299	884	1687	-1	2
k141_43299	1750	2442	-1	3
k141_43299	2456	2794	1	4
k141_43299	2797	3972	-1	5
k141_44949	2	166	-1	1
k141_44949	280	450	1	2
k141_44949	511	1056	-1	3
k141_44949	1537	1644	1	4
k141_46368	3	503	1	1
k141_46368	557	1216	1	2
k141_46368	1209	1946	1	3
k141_46527	1	450	1	1
k141_46527	474	2300	1	2
k141_46527	2325	3419	1	3
k141_47488	1	72	1	1
k141_47488	56	613	1	2
k141_47488	585	1610	-1	3
k141_47488	1997	2524	1	4
k141_49766	310	678	1	1
k141_49766	778	1668	1	2
k141_49766	1706	1993	1	3
k141_49766	2048	3148	-1	4
k141_49766	3193	3552	-1	5
k141_49766	3623	4186	1	6
k141_49766	4176	5237	1	7
k141_49766	5234	5638	-1	8
k141_49766	5681	6466	-1	9
k141_49766	6566	6760	-1	10
k141_50572	2	376	1	1
k141_50572	637	921	1	2
k141_50572	956	1267	1	3
k141_50572	1253	2350	-1	4
k141_50572	2425	3051	-1	5
k141_50572	3250	3924	-1	6
k141_51883	3	1115	-1	1
k141_51883	1341	2153	1	2
k141_51883	2309	2449	-1	3
k141_53813	164	259	-1	1
k141_53813	572	2764	-1	2
k141_53813	2834	3073	-1	3
k141_53823	2	325	-1	1
k141_53823	411	617	1	2
k141_53823	614	1000	-1	3
k141_53823	1031	1276	-1	4
k141_53823	1278	2714	-1	5
k141_54704	3	1094	-1	1
k141_54704	1161	2546	1	2
k141_54704	2561	2869	1	3
k141_54704	2909	3130	1	4
k141_54704	3321	3731	-1	5
k141_54704	3791	3973	-1	6
k141_54704	4014	4523	1	7
k141_55058	2	2245	1	1
k141_55058	2296	3387	1	2
k141_55058	3480	4238	-1	3
k141_55058	4235	5005	-1	4
k141_55058	4993	6006	-1	5
k141_55058	6174	7361	1	6
k141_55058	7373	7540	1	7
k141_55058	7589	8398	1	8
k141_55058	8399	8647	-1	9
k141_55058	8732	9787	1	10
k141_55058	9791	10591	1	11
k141_55058	10588	11772	1	12
k141_55058	11759	12178	1	13
k141_55058	12297	13475	1	14
k141_55058	13480	13647	1	15
k141_55058	13644	14489	1	16
k141_55058	14491	15621	1	17
k141_55058	15621	16655	1	18
k141_55058	16693	17307	1	19
k141_55058	17304	17981	-1	20
k141_55058	18026	19174	-1	21
k141_55058	19284	19634	-1	22
k141_55058	19712	20473	-1	23
k141_55058	20507	21607	-1	24
k141_55260	47	685	-1	1
k141_55260	746	961	1	2
k141_55260	973	1689	1	3
k141_55260	1761	2090	1	4
k141_55260	2100	2291	1	5
k141_55425	2	85	-1	1
k141_55425	309	482	1	2
k141_55425	681	1061	1	3
k141_55425	1093	2355	1	4
k141_55425	2348	2731	1	5
k141_55425	2751	3404	1	6
k141_55425	3434	5341	1	7
k141_56117	1	1029	-1	1
k141_56117	1326	1562	-1	2
k141_57628	2	502	1	1
k141_57628	549	1220	1	2
k141_57628	1232	2194	1	3
k141_57628	2191	2643	1	4
k141_57803	1	447	-1	1
k141_57803	444	2519	-1	2
k141_57803	2516	3028	-1	3
k141_57803	3148	4101	1	4
k141_57803	4269	4805	-1	5
k141_57803	4926	5426	-1	6
k141_57803	5553	6218	1	7
k141_57803	6211	7464	-1	8
k141_57803	7563	7979	1	9
k141_57803	8012	8413	1	10
k141_57803	8404	9231	-1	11
k141_57867	3	377	-1	1
k141_57867	1040	3310	-1	2
k141_57867	3476	4111	1	3
k141_57867	4108	4326	-1	4
k141_57867	4371	4934	-1	5
k141_57867	4958	5197	-1	6
k141_57867	5245	5652	-1	7
k141_57867	5896	7533	-1	8
k141_57867	7524	8930	-1	9
k141_57867	8983	10095	1	10
k141_57867	10092	10373	1	11
k141_57867	10370	10681	-1	12
k141_57867	10760	11230	-1	13
k141_57867	11255	11593	-1	14
k141_57901	2	154	1	1
k141_57901	151	498	-1	2
k141_57901	657	1493	-1	3
k141_57901	1495	2106	-1	4
k141_58285	3	2066	-1	1
k141_58325	3	890	1	1
k141_58325	937	1299	-1	2
k141_58325	1409	1573	1	3
k141_59106	3	902	1	1
k141_59106	935	1477	1	2
k141_59106	1512	2453	1	3
k141_59106	2495	2842	-1	4
k141_59106	2884	2991	1	5
k141_59125	1	1287	-1	1
k141_59125	1496	2164	-1	2
k141_59903	12	584	-1	1
k141_59903	581	1306	-1	2
k141_59903	1299	2258	-1	3
k141_59903	2255	3088	-1	4
k141_59903	3085	3237	-1	5
k141_61592	194	1147	1	1
k141_61592	1397	2752	1	2
k141_62284	1	303	1	1
k141_62284	300	1067	-1	2
k141_62284	1149	2198	-1	3
k141_62933	1	1308	1	1
k141_62933	1326	1865	-1	2
k141_62933	2023	2322	1	3
k141_62933	2371	2727	1	4
k141_62933	2775	3179	1	5
k141_62933	3407	3661	-1	6
k141_63741	3	806	-1	1
k141_63741	892	1353	1	2
k141_63741	1350	1631	-1	3
k141_63741	1705	1914	1	4
k141_63741	1946	2587	1	5
k141_63741	2683	2970	1	6
k141_63741	2967	3056	-1	7
k141_63741	3137	3658	1	8
k141_63832	1	234	1	1
k141_63832	228	407	-1	2
k141_63832	407	754	-1	3
k141_63832	838	1395	1	4
k141_63832	1388	2668	-1	5
k141_63832	2782	3798	1	6
k141_63832	3831	4253	1	7
k141_63832	4250	4684	-1	8
k141_63832	4684	5385	-1	9
k141_63832	5441	6778	-1	10
k141_63832	6825	8153	1	11
k141_63832	8136	8540	-1	12
k141_63832	8540	9394	-1	13
k141_63832	9391	10761	-1	14
k141_63832	10764	11858	-1	15
k141_63832	11892	13160	-1	16
k141_63832	13150	14001	-1	17
k141_63832	14002	14817	-1	18
k141_63832	14817	15485	-1	19
k141_63832	15486	16541	-1	20
k141_63832	16528	17316	-1	21
k141_63832	17416	18534	1	22
k141_63832	18535	19980	-1	23
k141_63832	20295	20672	-1	24
k141_63832	20768	20932	1	25
k141_63843	1	456	1	1
k141_63843	690	971	1	2
k141_63843	1003	3147	1	3
k141_64125	2	601	1	1
k141_64125	598	1398	-1	2
k141_64125	1477	2592	1	3
k141_64125	2600	3760	1	4
k141_64125	3757	4080	1	5
k141_64125	4102	4404	1	6
k141_64125	4500	6047	1	7
k141_64125	6028	7545	1	8
k141_64125	7518	8060	1	9
k141_64125	8064	8261	-1	10
k141_65389	3	305	-1	1
k141_65389	307	1152	-1	2
k141_65389	1239	2057	1	3
k141_65389	2047	2556	1	4
k141_65389	2708	3466	-1	5
k141_65389	3469	4152	-1	6
k141_65389	4177	4404	-1	7
k141_66441	2	658	1	1
k141_66441	651	1325	-1	2
k141_66441	1325	2293	-1	3
k141_66441	2284	2475	-1	4
k141_66441	2475	2705	-1	5
k141_66441	2776	3222	-1	6
k141_67268	1	387	1	1
k141_67268	391	879	1	2
k141_67268	880	1596	1	3
k141_67268	1602	2120	1	4
k141_67268	2117	2293	1	5
k141_67268	2301	2693	1	6
k141_67268	2683	3240	1	7
k141_67268	3579	3827	1	8
k141_67268	4327	4824	1	9
k141_67268	4915	5136	1	10
k141_67268	5231	5488	-1	11
k141_67919	1	255	1	1
k141_67919	349	1203	-1	2
k141_67919	1260	1679	1	3
k141_67919	1676	3250	-1	4
k141_67919	3377	3862	1	5
k141_67919	3859	4557	1	6
k141_67919	4554	5420	-1	7
k141_67919	5491	6042	-1	8
k141_67919	6122	7543	1	9
k141_67919	7536	8741	-1	10
k141_67919	9199	9585	1	11
k141_67919	9582	9740	-1	12
k141_67919	9908	10036	-1	13
k141_68155	1	345	-1	1
k141_68155	385	870	-1	2
k141_68155	872	1198	1	3
k141_68155	1195	1644	-1	4
k141_68155	1693	1869	-1	5
k141_68155	1895	2047	-1	6
k141_68683	1	114	1	1
k141_68683	151	711	1	2
k141_68683	716	2239	1	3
k141_68683	2279	2656	1	4
k141_68683	2653	2748	-1	5
k141_68687	36	965	1	1
k141_68687	1063	2229	-1	2
k141_69526	1	327	-1	1
k141_69526	311	940	-1	2
k141_69526	1324	2370	-1	3
k141_70069	1	399	1	1
k141_70069	396	1796	1	2
k141_70069	1793	2059	1	3
k141_70069	2121	3980	1	4
k141_70069	4024	5250	-1	5
k141_70069	5319	5666	-1	6
k141_70069	5718	6020	1	7
k141_70069	6017	6250	-1	8
k141_70069	6281	6835	-1	9
k141_70069	6792	6929	-1	10
k141_70069	6994	7530	1	11
k141_70510	3	92	-1	1
k141_70510	101	520	-1	2
k141_70510	850	1470	-1	3
k141_70510	1560	1670	1	4
k141_72395	3	806	-1	1
k141_72395	846	1289	-1	2
k141_72395	1344	2171	1	3
k141_72395	2166	3323	-1	4
k141_72395	3332	3574	-1	5
k141_72395	3685	4338	1	6
k141_72395	4370	4489	1	7
k141_72395	4446	4889	1	8
k141_72855	2	223	1	1
k141_72855	220	990	1	2
k141_72855	987	2018	1	3
k141_72872	1	663	-1	1
k141_72872	660	1472	-1	2
k141_72872	1469	2395	-1	3
k141_72872	2392	3111	-1	4
k141_72942	1	1443	1	1
k141_72942	1483	2712	1	2
k141_73305	1	1149	-1	1
k141_73305	1264	1593	1	2
k141_73305	1637	3934	1	3
k141_73305	3931	4299	1	4
k141_73850	3	629	-1	1
k141_73850	678	1295	-1	2
k141_73850	1377	1781	1	3
k141_73850	1907	3181	-1	4
k141_73850	3296	3970	-1	5
k141_73850	4006	4077	-1	6
k141_73871	3	299	1	1
k141_73871	625	2379	-1	2
k141_73871	2408	2881	1	3
k141_73871	2988	3206	-1	4
k141_73871	3310	4059	1	5
k141_73871	4090	4416	1	6
k141_73871	4441	5106	1	7
k141_74487	2	1489	1	1
k141_74487	1500	1985	1	2
k141_74487	1985	2971	1	3
k141_74551	2	124	1	1
k141_74551	209	1114	-1	2
k141_74551	1266	2138	1	3
k141_74551	2108	3274	1	4
k141_74551	3610	3717	-1	5
k141_75844	2	298	1	1
k141_75844	295	1272	1	2
k141_75844	1284	1868	1	3
k141_75844	1868	2206	1	4
k141_76715	1	615	-1	1
k141_76715	648	1805	-1	2
k141_76715	1842	3113	-1	3
k141_77611	1	918	1	1
k141_77611	958	1746	1	2
k141_77751	1	2058	-1	1
k141_78365	184	1233	1	1
k141_78365	1234	2175	-1	2
k141_78365	2251	3588	-1	3
k141_78365	3691	4071	1	4
k141_78365	4405	4743	-1	5
k141_78365	4787	5146	-1	6
k141_78365	5193	5768	-1	7
k141_78365	5830	6153	-1	8
k141_78365	6143	6256	-1	9
k141_79248	1	396	1	1
k141_79248	393	1328	1	2
k141_79248	1325	2068	1	3
k141_79248	2065	2856	1	4
k141_79784	2	871	-1	1
k141_79784	968	1288	-1	2
k141_79784	1346	1639	1	3
k141_79784	1700	1894	1	4
k141_79784	1891	2187	-1	5
k141_79784	2222	2557	1	6
k141_80331	3	203	-1	1
k141_80331	333	566	1	2
k141_80331	570	1499	1	3
k141_80427	3	1511	1	1
k141_80427	1688	1972	-1	2
k141_80427	2203	2553	-1	3
k141_80427	2717	2917	-1	4
k141_80427	3071	3955	1	5
k141_80693	3	242	1	1
k141_80693	239	1144	1	2
k141_80693	1185	1667	1	3
k141_80693	1669	2352	1	4
k141_80693	2358	2825	1	5
k141_80693	2827	3249	1	6
k141_80693	3242	4672	1	7
k141_80693	4650	5237	1	8
k141_80693	5241	5858	1	9
k141_80693	5861	6421	1	10
k141_80693	6418	7413	1	11
k141_80693	7410	7847	1	12
k141_80693	7901	8974	1	13
k141_80693	9303	10586	1	14
k141_80693	10641	10922	1	15
k141_80693	10917	11876	-1	16
k141_80693	12115	14019	1	17
k141_80693	14009	14965	1	18
k141_80693	15020	15454	1	19
k141_80693	15447	15977	-1	20
k141_80693	16016	16567	-1	21
k141_80693	16598	17353	-1	22
k141_80693	17427	18695	1	23
k141_80693	18695	19177	1	24
k141_80693	19213	20619	1	25
k141_80693	20619	21191	1	26
k141_80693	21188	21943	-1	27
k141_80693	21900	22346	-1	28
k141_80693	22343	22789	-1	29
k141_80693	22782	23129	-1	30
k141_80693	23168	23833	-1	31
k141_80693	23899	24585	1	32
k141_80693	24582	25265	1	33
k141_80693	25268	26002	1	34
k141_80693	25999	26808	1	35
k141_80693	26809	27021	1	36
k141_80693	27008	27253	1	37
k141_80693	27276	27647	1	38
k141_80693	27672	27815	1	39
k141_80975	3	494	-1	1
k141_80975	1191	1550	1	2
k141_81039	3	593	-1	1
k141_81039	1123	1785	1	2
k141_81039	1849	2322	-1	3
k141_81039	2553	2840	1	4
k141_81039	2843	4063	1	5
k141_81039	4060	5232	1	6
k141_81039	5281	5475	1	7
k141_81039	5512	6225	1	8
k141_81039	6222	6776	1	9
k141_81039	6812	7066	1	10
k141_81039	7063	7737	-1	11
k141_81039	7738	8652	-1	12
k141_81039	8652	9410	-1	13
k141_81378	18	1208	-1	1
k141_81378	1247	1540	-1	2
k141_81415	1	390	-1	1
k141_81415	390	1589	-1	2
k141_81415	1800	2669	1	3
k141_81415	2705	3394	1	4
k141_81415	3442	3642	-1	5
k141_82258	3	851	-1	1
k141_82258	856	1572	-1	2
k141_82477	1	798	-1	1
k141_82477	1038	2525	-1	2
k141_82477	2987	5005	-1	3
k141_82477	5217	6065	1	4
k141_82477	6091	6255	-1	5
k141_82477	6340	7626	-1	6
k141_82477	7574	8242	-1	7
k141_82477	8328	9281	-1	8
k141_82477	9317	9577	-1	9
k141_85714	3	1064	-1	1
k141_85714	1330	2190	1	2
k141_85714	2177	2737	1	3
k141_85714	2723	3988	-1	4
k141_85714	4077	7265	1	5
k141_85714	7322	7651	1	6
k141_85714	7684	8367	1	7
k141_85990	1	309	1	1
k141_85990	471	956	1	2
k141_85990	993	1379	1	3
k141_85990	1376	1789	-1	4
k141_86048	83	1096	1	1
k141_86048	1133	1918	1	2
k141_86048	1921	2316	-1	3
k141_86048	2327	2617	-1	4
k141_86048	2771	3988	-1	5
k141_86048	4020	5141	-1	6
k141_86048	5225	5932	1	7
k141_86048	5935	7065	1	8
k141_86048	7062	7736	1	9
k141_86048	7717	8349	-1	10
k141_86048	8441	9595	1	11
k141_86048	9592	9966	1	12
k141_86048	9952	10566	-1	13
k141_86048	10553	10996	-1	14
k141_86048	11013	12941	-1	15
k141_86048	13040	13453	1	16
k141_86048	13455	14045	1	17
k141_86048	14080	14802	1	18
k141_86048	14795	15562	1	19
k141_86048	15546	16286	-1	20
k141_86048	16393	17043	1	21
k141_86048	17179	18636	-1	22
k141_86048	18672	18926	-1	23
k141_86746	1	210	-1	1
k141_86746	262	588	1	2
k141_86746	589	1350	-1	3
k141_86746	1351	1698	-1	4
k141_86746	1700	2131	-1	5
k141_86746	2131	2481	-1	6
k141_86811	76	978	1	1
k141_86811	1011	1274	1	2
k141_86811	1324	1674	1	3
k141_87687	1	1287	-1	1
k141_87687	1385	1663	1	2
k141_87687	1660	1860	1	3
k141_87687	1830	2021	-1	4
k141_87811	38	244	-1	1
k141_87811	321	701	1	2
k141_87811	687	1919	-1	3
k141_87853	3	353	1	1
k141_87853	479	1645	1	2
k141_87853	1670	1825	1	3
k141_87853	1822	2028	-1	4
k141_88138	412	1737	1	1
k141_88138	1779	2201	1	2
k141_88138	2237	3514	1	3
k141_88138	3623	3763	1	4
k141_88138	3786	4052	-1	5
k141_88138	4158	4334	-1	6
k141_88138	4331	4516	-1	7
k141_88138	4708	5118	1	8
k141_88925	166	1011	1	1
k141_88925	1030	1524	-1	2
k141_88925	1637	2014	1	3
k141_88929	1	156	1	1
k141_88929	148	594	-1	2
k141_88929	683	850	1	3
k141_88929	918	1715	1	4
k141_88929	1708	1959	-1	5
k141_88929	2009	2281	-1	6
k141_88929	2353	2706	-1	7
k141_88929	2857	4296	-1	8
k141_88929	4354	4860	-1	9
k141_88929	4857	5222	-1	10
k141_88929	5231	5623	-1	11
k141_89575	3	809	-1	1
k141_89575	894	1247	1	2
k141_89575	1263	1868	1	3
k141_89579	1	1383	-1	1
k141_89579	1409	2383	-1	2
k141_89579	2483	3676	-1	3
k141_89966	3	146	-1	1
k141_89966	115	1422	-1	2
k141_89966	1712	1885	-1	3
k141_89966	1936	2118	1	4
k141_90487	3	1058	-1	1
k141_90487	1196	1432	-1	2
k141_90487	1625	2515	1	3
k141_90487	2505	2687	-1	4
k141_90487	2684	3808	-1	5
k141_90487	3949	4509	1	6
k141_90487	4515	4838	-1	7
k141_90487	4958	5644	1	8
k141_90487	5671	6096	1	9
k141_90487	6098	7297	1	10
k141_90487	7335	8507	1	11
k141_90487	8533	9702	1	12
k141_90487	9699	10949	1	13
k141_90487	10950	12296	1	14
k141_90487	12333	12437	1	15
k141_90487	12598	12942	1	16
k141_90487	12964	13689	1	17
k141_90487	13711	14718	1	18
k141_90487	14757	15956	1	19
k141_90487	15998	16327	1	20
k141_90487	16368	17942	1	21
k141_90487	17939	19540	1	22
k141_90487	19542	19742	1	23
k141_90487	19762	20592	1	24
k141_90487	20628	20771	1	25
k141_90487	20792	20965	1	26
k141_90487	21151	21678	1	27
k141_90487	21746	22942	-1	28
k141_90487	23180	23470	1	29
k141_90487	23564	23875	1	30
k141_90487	23872	24159	-1	31
k141_90487	24197	24433	-1	32
k141_90487	24600	25382	-1	33
k141_90487	25395	25853	1	34
k141_90487	25879	26259	-1	35
k141_90807	3	209	-1	1
k141_90807	283	555	-1	2
k141_90807	772	2067	1	3
k141_90807	2242	2613	1	4
k141_90807	2649	2885	-1	5
k141_90807	2921	4252	-1	6
k141_90807	4249	4581	-1	7
k141_90807	4599	4976	-1	8
k141_91104	3	434	1	1
k141_91104	526	1170	-1	2
k141_91104	1261	1719	1	3
k141_91104	1713	2375	-1	4
k141_91104	2388	3953	-1	5
k141_91104	4039	4215	1	6
k141_91104	4449	5324	-1	7
k141_91104	5673	5978	1	8
k141_91104	6015	6671	1	9
k141_91104	6664	7020	-1	10
k141_92134	2	631	-1	1
k141_92134	668	856	-1	2
k141_92134	963	1109	-1	3
k141_92134	1268	1792	-1	4
k141_92134	2066	2395	1	5
k141_92229	2	679	-1	1
k141_92229	676	1506	-1	2
k141_93480	37	825	-1	1
k141_93480	825	1337	-1	2
k141_93480	1380	3521	-1	3
k141_93480	3600	4088	-1	4
k141_93982	2	292	1	1
k141_93982	276	1550	-1	2
k141_95678	2	874	1	1
k141_95678	1207	1767	-1	2
k141_95678	1998	2135	-1	3
k141_95679	3	1040	1	1
k141_95679	1037	1627	1	2
k141_95679	1621	2250	1	3
k141_96071	26	1018	-1	1
k141_96071	1195	2007	-1	2
k141_96071	2014	2751	-1	3
k141_96071	2804	3220	1	4
k141_96071	3213	3731	-1	5
k141_96071	4056	4739	-1	6
k141_96161	3	638	1	1
k141_96161	698	1132	1	2
k141_96161	1394	2137	1	3
k141_96161	2173	2382	1	4
k141_96161	2384	3196	1	5
k141_96161	3193	3705	-1	6
k141_96161	3742	4284	-1	7
k141_96161	4287	4931	-1	8
k141_96161	5004	5156	-1	9
k141_96161	5688	6710	-1	10
k141_96161	6827	7462	1	11
k141_96161	7470	9404	1	12
k141_96161	9496	9921	-1	13
k141_96161	9957	11075	-1	14
k141_96161	11085	11363	-1	15
k141_96161	11904	12968	1	16
k141_96268	2	925	1	1
k141_96268	922	1311	-1	2
k141_96268	1363	1662	-1	3
k141_96268	1769	2374	-1	4
k141_96268	2404	3555	1	5
k141_96268	3550	3810	-1	6
k141_96268	3885	4526	1	7
k141_96268	4523	5581	-1	8
k141_96268	5654	6151	1	9
k141_96268	6152	6304	-1	10
k141_96268	6337	6870	-1	11
k141_96268	6914	7195	1	12
k141_96268	7196	7492	1	13
k141_96268	7532	8275	1	14
k141_96268	8309	9712	1	15
k141_96268	9740	11167	1	16
k141_96268	11194	11967	1	17
k141_96268	11964	12047	-1	18
k141_96840	1	612	1	1
k141_96840	677	1612	1	2
k141_96920	3	110	-1	1
k141_96920	386	952	1	2
k141_96920	1032	1568	1	3
k141_96920	1646	1915	-1	4
k141_96920	2024	2353	-1	5
k141_96920	2465	2914	1	6
k141_96920	2914	4335	1	7
k141_96920	4304	4540	1	8
k141_96920	4540	5802	1	9
k141_96920	5838	6452	1	10
k141_96920	6458	6886	1	11
k141_96920	7034	8494	1	12
k141_97417	3	236	1	1
k141_97417	237	581	-1	2
k141_97417	891	1733	1	3
k141_98950	3	941	-1	1
k141_98950	1046	1600	1	2
k141_98950	1607	2023	1	3
k141_98950	2020	2214	-1	4
k141_98950	2256	2468	-1	5
k141_99209	2	217	1	1
k141_99209	312	1247	1	2
k141_99209	1244	2062	-1	3
k141_99209	2096	2284	-1	4
k141_99209	2285	2890	-1	5
k141_99209	3123	4205	1	6
k141_99209	4206	4694	1	7
k141_99209	4792	5331	1	8
k141_99209	5400	5528	1	9
k141_99408	3	686	1	1
k141_99408	768	1727	-1	2
k141_99661	1	225	-1	1
k141_99661	394	687	-1	2
k141_99661	785	1576	1	3
k141_99661	1603	1974	-1	4
k141_100219	160	858	-1	1
k141_100219	872	1489	-1	2
k141_100219	1486	1968	-1	3
k141_100410	1	144	-1	1
k141_100410	337	672	1	2
k141_100410	665	1318	-1	3
k141_100410	1405	2508	-1	4
k141_100410	2513	3244	-1	5
k141_100410	3326	3421	1	6
k141_100410	3413	4543	-1	7
k141_100410	4527	5501	-1	8
k141_100410	5567	6871	-1	9
k141_100410	6947	7627	1	10
k141_100410	7617	8156	-1	11
k141_100410	8184	9578	-1	12
k141_100410	9582	9701	-1	13
k141_100410	9698	10258	-1	14
k141_100410	10267	10446	-1	15
k141_102388	1	849	-1	1
k141_102388	846	1535	-1	2
k141_102399	2	223	1	1
k141_102399	216	1424	-1	2
k141_102399	1659	1922	-1	3
k141_103108	3	1145	-1	1
k141_103108	1200	1556	-1	2
k141_103108	1546	1689	-1	3
k141_104498	3	188	-1	1
k141_104498	169	681	-1	2
k141_104498	674	1174	-1	3
k141_104498	1175	1669	-1	4
k141_105006	1	1089	1	1
k141_105006	1200	1379	-1	2
k141_105006	1435	1695	-1	3
k141_105006	1745	2131	1	4
k141_105006	2118	2525	-1	5
k141_105006	2527	3561	-1	6
k141_105557	1	1140	-1	1
k141_105557	1213	2574	1	2
k141_105557	2567	3388	-1	3
k141_106877	1	387	-1	1
k141_106877	389	934	-1	2
k141_106877	973	1335	-1	3
k141_106877	1437	1907	-1	4
k141_107076	2	457	1	1
k141_107076	469	852	-1	2
k141_107076	1133	1360	-1	3
k141_107076	1517	2827	1	4
k141_107076	2837	3103	1	5
k141_107076	3104	3910	1	6
k141_107155	2	493	1	1
k141_107155	604	1020	1	2
k141_107155	1071	2000	1	3
k141_107155	2210	3202	-1	4
k141_107774	2	1144	1	1
k141_107774	1341	3497	1	2
k141_108142	1	183	-1	1
k141_108142	229	621	-1	2
k141_108142	658	2274	-1	3
k141_108142	2298	2594	-1	4
k141_108142	2719	3612	1	5
k141_108142	3671	5563	1	6
k141_108142	5601	5948	-1	7
k141_108142	6082	7107	-1	8
k141_108142	7390	8196	1	9
k141_108142	8264	8581	-1	10
k141_108142	8591	9079	-1	11
k141_108142	9157	10428	1	12
k141_108142	10432	10836	1	13
k141_108142	10870	11214	1	14
k141_108142	11219	11536	1	15
k141_108142	11533	11955	-1	16
k141_109390	3	227	1	1
k141_109390	253	1560	-1	2
k141_109390	1716	2633	1	3
k141_109390	2635	3261	1	4
k141_109390	3264	3998	1	5
k141_109390	4317	6668	-1	6
k141_109390	6727	7227	-1	7
k141_109815	1	378	1	1
k141_109815	379	945	-1	2
k141_109815	995	1621	-1	3
k141_109815	1651	2157	-1	4
k141_110865	56	433	1	1
k141_110865	422	1000	-1	2
k141_110865	1039	1482	-1	3
k141_110865	1904	2131	1	4
k141_110865	2133	2675	-1	5
k141_110901	46	1434	-1	1
k141_110901	1444	2217	-1	2
k141_110901	2252	2554	-1	3
k141_110901	2629	3870	1	4
k141_110901	3908	5554	1	5
k141_110901	5511	5825	1	6
k141_111006	2	1339	-1	1
k141_111006	1410	2318	1	2
k141_111006	2302	3114	1	3
k141_111006	3179	4909	1	4
k141_111006	4945	5127	1	5
k141_111006	5351	5512	1	6
k141_111006	5547	5741	1	7
k141_111006	5797	6177	1	8
k141_111006	6309	7307	1	9
k141_111006	7349	7651	1	10
k141_111006	7651	7977	1	11
k141_111006	7995	8561	1	12
k141_111006	8548	9249	1	13
k141_111006	9233	9763	1	14
k141_111006	9752	10786	-1	15
k141_111006	10873	11619	1	16
k141_111006	11793	11954	1	17
k141_111006	12017	12187	1	18
k141_111006	12177	12749	-1	19
k141_111767	1	426	1	1
k141_111767	542	1087	1	2
k141_111767	1118	1783	1	3
k141_111767	1803	2216	-1	4
k141_112085	3	1466	1	1
k141_112085	1660	2526	1	2
k141_112085	2548	3144	1	3
k141_112085	3141	3428	-1	4
k141_112085	3468	5225	-1	5
k141_112085	5432	6301	1	6
k141_112085	6335	7255	1	7
k141_112207	1	456	1	1
k141_112207	457	1443	-1	2
k141_112207	1456	2229	-1	3
k141_112207	2233	3069	-1	4
k141_112207	3206	5008	1	5
k141_112207	4996	5793	1	6
k141_112207	5794	6930	-1	7
k141_112207	7040	8392	1	8
k141_113357	1	186	1	1
k141_113357	294	1232	1	2
k141_113357	1268	1984	1	3
k141_113357	1985	2599	1	4
k141_114515	3	356	-1	1
k141_114515	816	1436	1	2
k141_114515	1417	1737	-1	3
k141_114515	1734	2672	-1	4
k141_114515	2675	2821	-1	5
k141_114515	2854	2976	-1	6
k141_114563	1	189	-1	1
k141_114563	315	797	1	2
k141_114563	990	2018	1	3
k141_114563	2048	2578	1	4
k141_115733	1	2523	1	1
k141_115733	2520	5366	1	2
k141_115733	5407	6417	1	3
k141_115733	6439	7689	-1	4
k141_115733	7754	8911	-1	5
k141_115733	8987	9658	-1	6
k141_115733	9728	10045	1	7
k141_115733	10242	10841	-1	8
k141_115733	10845	11282	-1	9
k141_115733	11287	11745	-1	10
k141_115733	11795	12103	-1	11
k141_115733	12253	13425	-1	12
k141_115733	13469	17257	-1	13
k141_115733	17258	20605	-1	14
k141_115733	20606	20878	-1	15
k141_115733	21036	21878	1	16
k141_115733	21942	22853	1	17
k141_115733	22927	23760	1	18
k141_115733	23883	24677	-1	19
k141_115733	24674	25879	-1	20
k141_115733	25998	26906	1	21
k141_115733	26941	27711	1	22
k141_115733	27698	28420	-1	23
k141_115733	28498	30066	1	24
k141_115733	30113	30445	-1	25
k141_115733	30472	30660	-1	26
k141_115733	30790	31230	1	27
k141_115733	31199	32059	-1	28
k141_115733	32199	32525	-1	29
k141_115733	32556	33767	-1	30
k141_115733	33789	36653	-1	31
k141_115733	36767	38125	1	32
k141_115733	38168	38668	1	33
k141_115733	38661	38954	-1	34
k141_115733	38963	40297	-1	35
k141_115733	40284	41894	-1	36
k141_115733	41994	42587	1	37
k141_115733	42599	43138	1	38
k141_115733	43185	44945	1	39
k141_115733	44932	45996	-1	40
k141_115733	45997	46611	-1	41
k141_115733	46608	47255	-1	42
k141_115733	47485	48078	1	43
k141_115733	48213	48449	1	44
k141_115733	48451	49689	1	45
k141_115733	49699	50322	1	46
k141_115733	50323	51153	1	47
k141_115733	51150	52106	1	48
k141_115733	52151	52891	1	49
k141_115733	52893	53528	1	50
k141_115733	53528	54502	1	51
k141_115733	54504	56210	1	52
k141_115733	56218	57081	1	53
k141_115733	57112	57420	1	54
k141_115733	57468	57740	1	55
k141_115733	57766	58506	1	56
k141_117525	2	349	1	1
k141_117525	505	1347	1	2
k141_117525	1442	2305	1	3
k141_117525	2302	3645	1	4
k141_117525	3696	4289	1	5
k141_117525	4286	4759	-1	6
k141_117525	4756	5766	-1	7
k141_118806	2	709	1	1
k141_118806	711	1166	-1	2
k141_118806	1251	2402	-1	3
k141_118806	2553	3104	1	4
k141_118806	3116	3553	1	5
k141_119695	3	1007	-1	1
k141_119695	1086	1553	1	2
k141_120087	2	298	1	1
k141_120087	295	1104	1	2
k141_120087	1101	1367	1	3
k141_120087	1406	1801	1	4
k141_120087	1807	2265	1	5
k141_120087	2268	2993	1	6
k141_120140	1	264	1	1
k141_120140	233	1180	1	2
k141_120140	1235	1636	1	3
k141_120140	1633	1941	-1	4
k141_120140	1928	2326	-1	5
k141_120140	2323	2799	-1	6
k141_120380	1	132	1	1
k141_120380	129	1163	-1	2
k141_120380	1388	2227	-1	3
k141_120380	2472	3200	1	4
k141_120591	1	90	1	1
k141_120591	140	937	1	2
k141_120591	937	2502	1	3
k141_120591	2595	2813	1	4
k141_120930	1	438	1	1
k141_120930	435	647	-1	2
k141_120930	742	1068	1	3
k141_120930	1053	1439	-1	4
k141_120930	1491	1661	1	5
k141_123727	51	671	-1	1
k141_123727	796	3066	1	2
k141_123939	3	389	-1	1
k141_123939	660	2423	1	2
k141_123939	2588	3736	1	3
k141_123939	3729	4079	-1	4
k141_124083	2	271	1	1
k141_124083	274	708	1	2
k141_124083	695	1417	-1	3
k141_124083	1614	1877	1	4
k141_124083	1874	2374	-1	5
k141_124083	2475	3050	1	6
k141_124672	1	1305	1	1
k141_124672	1354	1665	-1	2
k141_124672	1854	1946	1	3
k141_124672	2035	2298	-1	4
k141_125961	41	859	-1	1
k141_125961	918	1826	1	2
k141_126086	3	2975	-1	1
k141_126086	3045	3821	-1	2
k141_126086	3818	4831	-1	3
k141_126086	5063	5758	-1	4
k141_126086	5807	6253	-1	5
k141_126086	6342	6656	1	6
k141_126086	6694	7086	1	7
k141_127751	40	2205	-1	1
k141_127751	2202	2882	-1	2
k141_127751	3002	3415	1	3
k141_127751	3535	3936	1	4
k141_127751	3933	4091	1	5
k141_127751	4116	4895	1	6
k141_127751	4936	5112	1	7
k141_128981	2	187	1	1
k141_128981	417	626	1	2
k141_128981	632	985	-1	3
k141_128981	1150	2502	-1	4
k141_128981	2614	2937	1	5
k141_128981	2938	3603	-1	6
k141_128981	3714	4211	1	7
k141_128981	4236	5576	1	8
k141_130309	3	1025	1	1
k141_130309	1069	2181	1	2
k141_130309	2183	2314	1	3
k141_131059	1	594	-1	1
k141_131059	591	1487	-1	2
k141_131059	1554	1874	1	3
k141_132698	1	183	-1	1
k141_132698	210	812	-1	2
k141_132698	961	1803	-1	3
k141_132698	2004	2576	-1	4
k141_132698	2649	2933	1	5
k141_132698	2955	3815	-1	6
k141_132830	2	322	1	1
k141_132830	346	924	1	2
k141_132830	925	1590	1	3
k141_133109	1	420	-1	1
k141_133109	599	799	1	2
k141_133109	800	2179	1	3
k141_133109	2215	2847	1	4
k141_133109	2889	3689	1	5
k141_133109	3698	3826	-1	6
k141_133109	3905	4786	-1	7
k141_133109	4850	5356	-1	8
k141_133109	5419	5757	-1	9
k141_133109	5759	6022	-1	10
k141_133109	6072	6674	-1	11
k141_133109	6749	7339	1	12
k141_133109	7355	8086	1	13
k141_133109	8087	8500	1	14
k141_133109	8497	9255	1	15
k141_133109	9246	10418	1	16
k141_133109	10405	11055	1	17
k141_133109	11046	11561	-1	18
k141_133109	12104	12640	-1	19
k141_133109	12621	12881	-1	20
k141_133159	1	423	1	1
k141_133159	468	1121	1	2
k141_133159	1158	1691	1	3
k141_133159	1688	2059	-1	4
k141_133159	2065	2301	-1	5
k141_134670	141	878	-1	1
k141_134670	1015	4539	1	2
k141_134670	4571	5749	1	3
k141_134670	6034	6792	1	4
k141_134670	6814	7206	1	5
k141_136120	3	746	-1	1
k141_136120	785	2005	-1	2
k141_136120	2192	3913	-1	3
k141_136399	1	552	1	1
k141_136399	545	1465	1	2
k141_136399	1493	1660	1	3
k141_136399	1703	2284	-1	4
k141_136952	1	1170	1	1
k141_136952	1202	2032	1	2
k141_136952	2117	2215	-1	3
k141_137458	3	110	-1	1
k141_137458	195	1109	1	2
k141_137458	1334	1636	-1	3
k141_138044	1	312	1	1
k141_138044	498	1589	1	2
k141_138044	1591	2469	1	3
k141_138080	1	801	-1	1
k141_138080	913	2061	1	2
k141_138080	2058	2807	1	3
k141_138080	2810	3199	1	4
k141_138080	3299	4354	-1	5
k141_138080	4455	5657	1	6
k141_138080	5654	7102	-1	7
k141_138080	7209	7682	-1	8
k141_138080	7785	8765	1	9
k141_138080	8785	8994	-1	10
k141_138080	9057	9323	-1	11
k141_138080	9446	10315	1	12
k141_138080	10304	11842	-1	13
k141_138080	11942	12232	1	14
