Contig	Start	End	Strand	Pos
k63_351115	243	1082	-1	1
k63_351115	1218	3728	-1	2
k63_351115	3742	3888	1	3
k63_351115	3985	4143	1	4
k63_351115	4397	5341	-1	5
k63_351115	5334	6296	-1	6
k63_117135	2	1480	-1	1
k63_117135	1488	4190	-1	2
k63_351535	109	1473	1	1
k63_351535	1499	2779	1	2
k63_936519	1	159	1	1
k63_936519	224	886	1	2
k63_936519	962	1996	1	3
k63_1287207	2	1594	-1	1
k63_1287207	1563	1742	-1	2
k63_1287207	1986	2252	-1	3
k63_1287207	2257	2607	-1	4
k63_1287207	2567	2812	-1	5
k63_1287207	2969	3337	1	6
k63_1287207	3334	3612	1	7
k63_1287207	3649	3762	1	8
k63_487	422	1165	-1	1
k63_487	1268	1969	-1	2
k63_487	1998	3092	-1	3
k63_1053492	234	1142	1	1
k63_1053492	1308	2240	1	2
k63_1053492	2269	3351	1	3
k63_1053492	3348	4157	-1	4
k63_1287479	108	524	1	1
k63_1287479	915	2003	1	2
k63_1287479	2122	2511	-1	3
k63_1287479	3015	3536	-1	4
k63_1170370	3	113	-1	1
k63_1170370	411	575	-1	2
k63_1170370	780	2237	-1	3
k63_1170370	2272	4818	-1	4
k63_1170370	4950	5783	-1	5
k63_837	1	222	-1	1
k63_837	394	1434	-1	2
k63_837	1790	5422	1	3
k63_915	51	1178	1	1
k63_915	1656	2741	1	2
k63_915	2938	3414	1	3
k63_915	3609	5321	1	4
k63_915	5394	5726	1	5
k63_1639008	159	1682	-1	1
k63_1639008	1740	2549	-1	2
k63_117675	179	469	-1	1
k63_117675	580	2046	-1	2
k63_117675	2591	2701	-1	3
k63_117675	2754	5222	-1	4
k63_117675	5704	6609	-1	5
k63_117675	6725	7921	1	6
k63_117737	3	158	-1	1
k63_117737	201	1190	-1	2
k63_117737	1452	2216	1	3
k63_117869	2	241	1	1
k63_117869	802	1419	-1	2
k63_117869	1560	1916	1	3
k63_117869	1952	3055	-1	4
k63_1404396	35	1297	1	1
k63_1404396	1363	1728	1	2
k63_1404396	1793	2059	1	3
k63_1393	1	2961	1	1
k63_1393	3224	3946	-1	2
k63_1393	4114	6765	-1	3
k63_1393	6824	7387	-1	4
k63_1393	7356	8276	-1	5
k63_1393	8310	8504	-1	6
k63_1393	8509	11988	-1	7
k63_1170882	91	1095	-1	1
k63_1170882	1199	3004	-1	2
k63_1170882	3027	5525	-1	3
k63_1170882	5899	5982	1	4
k63_1639300	106	417	1	1
k63_1639300	464	1483	1	2
k63_1639300	1528	1749	1	3
k63_118090	1	882	1	1
k63_118090	909	1988	1	2
k63_118094	210	2693	1	1
k63_118094	2747	4207	1	2
k63_1288293	2	79	1	1
k63_1288293	284	877	1	2
k63_1288293	877	1476	1	3
k63_1288293	1620	2345	1	4
k63_1288293	2392	3156	1	5
k63_1288293	3174	3857	1	6
k63_1288293	3854	5449	1	7
k63_1288293	5519	6082	1	8
k63_1288293	6089	7153	1	9
k63_938036	3	1283	-1	1
k63_353273	304	1563	-1	1
k63_1170999	543	2084	1	1
k63_1170999	2141	2929	1	2
k63_1522447	347	2104	1	1
k63_1522447	2334	2540	-1	2
k63_1522447	2834	3808	1	3
k63_1616	322	1422	1	1
k63_1616	1424	2290	1	2
k63_1616	2294	3364	1	3
k63_118284	3	785	-1	1
k63_118284	792	1949	-1	2
k63_1522559	3	413	-1	1
k63_1522559	819	2864	1	2
k63_1522559	3019	3228	-1	3
k63_821805	1	243	1	1
k63_821805	240	1163	1	2
k63_821805	1163	2074	1	3
k63_821805	2133	3137	1	4
k63_821805	3144	3245	1	5
k63_1171215	60	1670	-1	1
k63_1171215	1715	3217	-1	2
k63_1171215	3306	4541	-1	3
k63_1522789	397	1212	1	1
k63_1522789	1215	2384	1	2
k63_353687	71	271	1	1
k63_353687	713	1015	1	2
k63_353687	1060	1524	1	3
k63_353687	1515	3590	1	4
k63_353687	3698	4018	1	5
k63_353687	4015	4266	1	6
k63_353687	4272	4415	1	7
k63_353687	4515	5576	1	8
k63_353687	5683	5850	1	9
k63_938368	3	83	-1	1
k63_938368	172	1194	-1	2
k63_938368	1246	2733	-1	3
k63_938368	3337	3885	1	4
k63_938368	3882	4292	1	5
k63_1523067	1	1302	-1	1
k63_1640310	414	899	1	1
k63_1640310	1009	1197	1	2
k63_1640310	1282	2145	-1	3
k63_1640310	2511	3944	-1	4
k63_1640310	3998	5017	-1	5
k63_1405179	286	546	1	1
k63_1405179	617	2209	1	2
k63_1640320	480	1568	1	1
k63_1640320	1813	2154	1	2
k63_1640320	2297	2455	-1	3
k63_1640320	2531	3973	-1	4
k63_1640320	4049	6268	-1	5
k63_1640320	6687	7697	-1	6
k63_938931	382	1419	1	1
k63_938931	1413	2474	1	2
k63_938931	2567	4033	1	3
k63_938931	4130	5278	1	4
k63_938931	5278	5772	1	5
k63_938931	5850	7070	1	6
k63_938931	7164	7460	-1	7
k63_938931	8094	8273	-1	8
k63_938951	560	2947	1	1
k63_938951	2982	4727	1	2
k63_938951	4776	6524	1	3
k63_938951	6667	7389	1	4
k63_938951	7402	7905	1	5
k63_1289127	3	221	-1	1
k63_1289127	678	1136	-1	2
k63_1289127	1587	3308	-1	3
k63_1289127	3335	4126	1	4
k63_1289127	4152	6821	1	5
k63_1289127	6882	8327	1	6
k63_1289127	8487	8999	1	7
k63_1289127	9171	9545	-1	8
k63_1289127	9728	10303	-1	9
k63_1289127	10296	11606	-1	10
k63_1289127	11990	13291	-1	11
k63_1289127	13380	14426	-1	12
k63_1289127	14755	16125	-1	13
k63_1289127	16282	16980	-1	14
k63_822770	238	1521	1	1
k63_822770	1543	1716	1	2
k63_472007	164	1645	1	1
k63_472007	2083	4479	1	2
k63_472007	4508	5806	1	3
k63_472007	5767	5841	1	4
k63_1055496	2	1555	1	1
k63_822821	79	777	1	1
k63_822821	938	1687	-1	2
k63_1171729	237	512	1	1
k63_1171729	545	778	1	2
k63_1171729	1032	3668	-1	3
k63_1171729	3665	4756	-1	4
k63_119254	631	1887	1	1
k63_119254	1884	2489	-1	2
k63_119254	2946	4289	-1	3
k63_119254	4322	6892	-1	4
k63_119254	6902	8818	-1	5
k63_119254	9041	10354	-1	6
k63_2806	75	1115	1	1
k63_2806	1136	1747	1	2
k63_939225	110	976	-1	1
k63_939225	1024	2748	-1	2
k63_939225	3413	4291	-1	3
k63_939225	4571	5914	-1	4
k63_939225	5933	8449	-1	5
k63_587923	2	217	-1	1
k63_587923	457	2007	-1	2
k63_587923	2310	4397	-1	3
k63_587923	5569	5820	-1	4
k63_1640728	3	1286	1	1
k63_1640728	1277	2332	1	2
k63_1640728	2438	2782	1	3
k63_939652	2	229	1	1
k63_939652	386	1009	1	2
k63_939652	1088	2179	1	3
k63_939652	2070	2393	-1	4
k63_1405686	2	760	-1	1
k63_1405686	828	1646	-1	2
k63_1405686	1701	2069	-1	3
k63_1405686	2828	3619	1	4
k63_1524163	234	1076	-1	1
k63_1524163	1076	3292	-1	2
k63_1524163	3521	4282	1	3
k63_1524163	4387	5454	1	4
k63_1524163	5483	6706	1	5
k63_1524163	6658	7764	-1	6
k63_1524163	8000	9151	1	7
k63_1524163	9253	9642	1	8
k63_1524163	9687	10274	1	9
k63_1524163	10243	10944	1	10
k63_1056146	1	909	-1	1
k63_1056146	1565	2440	-1	2
k63_1056146	2473	3159	-1	3
k63_236743	3	173	-1	1
k63_236743	184	486	-1	2
k63_236743	708	914	-1	3
k63_236743	1261	1455	-1	4
k63_236743	1693	2070	-1	5
k63_236743	2142	3653	-1	6
k63_236743	4349	5905	1	7
k63_236743	6047	7294	-1	8
k63_236743	7937	8866	-1	9
k63_236743	8922	10493	-1	10
k63_473154	120	3485	1	1
k63_473154	3530	4648	1	2
k63_473154	4663	4830	1	3
k63_1641319	2	142	1	1
k63_1641319	390	2207	1	2
k63_1641319	2309	3172	1	3
k63_1641319	3232	3732	1	4
k63_1641319	3742	4428	-1	5
k63_1641319	4896	5207	-1	6
k63_1641319	5222	5500	-1	7
k63_1641319	5762	6706	-1	8
k63_1641319	7410	7880	1	9
k63_823851	2	157	1	1
k63_823851	296	1600	1	2
k63_823851	1944	3662	1	3
k63_823851	3725	5974	-1	4
k63_823851	5981	7774	-1	5
k63_355487	2	64	-1	1
k63_355487	199	3600	1	2
k63_355487	3610	5052	1	3
k63_355487	5354	6289	1	4
k63_355487	6434	7948	1	5
k63_355487	7981	9579	-1	6
k63_1290299	613	1701	1	1
k63_1290299	1771	2778	1	2
k63_120227	755	3361	-1	1
k63_120227	3416	3868	-1	2
k63_120227	3959	4174	-1	3
k63_120227	4183	4371	-1	4
k63_120227	4470	5813	-1	5
k63_120227	5810	7411	-1	6
k63_120227	7416	8204	-1	7
k63_120227	8201	9148	-1	8
k63_236819	1	1566	1	1
k63_236819	1609	3063	1	2
k63_236819	3156	3407	1	3
k63_236819	3708	5183	-1	4
k63_236819	5543	5668	-1	5
k63_1172222	45	998	-1	1
k63_1172222	1066	2760	-1	2
k63_120383	44	346	-1	1
k63_120383	470	2008	-1	2
k63_120383	2018	2146	-1	3
k63_1406016	2	1603	1	1
k63_1406016	1636	3087	1	2
k63_1406016	3103	4926	-1	3
k63_1406016	5017	6480	-1	4
k63_1406016	6531	9371	-1	5
k63_1406016	9515	10993	1	6
k63_355831	63	728	1	1
k63_355831	1017	1316	-1	2
k63_355831	1368	1637	-1	3
k63_355831	1610	1849	-1	4
k63_355831	1976	2296	-1	5
k63_355831	2341	2811	-1	6
k63_355831	2921	4012	1	7
k63_355843	2	130	-1	1
k63_355843	407	1651	1	2
k63_355843	1618	1995	-1	3
k63_355843	2052	2912	1	4
k63_355843	2940	5213	1	5
k63_940390	69	305	1	1
k63_940390	653	2812	1	2
k63_355845	345	2105	1	1
k63_355845	2210	2953	1	2
k63_355845	2950	3375	1	3
k63_355845	3379	3732	1	4
k63_355845	3742	4809	-1	5
k63_355845	4815	5585	-1	6
k63_355845	5621	5992	-1	7
k63_355845	6102	6563	-1	8
k63_355845	6583	6663	-1	9
k63_1056764	198	317	-1	1
k63_1056764	479	703	1	2
k63_1056764	700	1107	1	3
k63_1056764	1348	1866	1	4
k63_1056764	1977	2381	-1	5
k63_1056764	2408	3142	-1	6
k63_1056764	3191	3772	-1	7
k63_1056764	3903	4364	-1	8
k63_1056764	4429	5553	-1	9
k63_1056764	5864	6046	1	10
k63_1056764	5962	6495	-1	11
k63_1641747	381	671	1	1
k63_1641747	1427	2398	1	2
k63_1641747	2649	3791	-1	3
k63_1641747	3846	4325	-1	4
k63_1641747	4370	4465	-1	5
k63_1641747	4520	5980	-1	6
k63_1641747	6157	7032	1	7
k63_940665	3	632	-1	1
k63_940665	780	1544	-1	2
k63_940665	1864	3744	-1	3
k63_940665	4015	4074	1	4
k63_1642028	2	127	-1	1
k63_1642028	179	871	-1	2
k63_1642028	1100	1561	-1	3
k63_589281	3	98	1	1
k63_589281	306	1715	1	2
k63_589281	1768	2739	1	3
k63_589281	2805	4370	-1	4
k63_589281	4510	5364	-1	5
k63_589281	5416	5589	-1	6
k63_1642079	346	2358	1	1
k63_1291015	48	1433	-1	1
k63_1291015	1808	3106	1	2
k63_1291015	3194	4138	-1	3
k63_1291015	4292	4834	-1	4
k63_1291015	5072	5569	-1	5
k63_1291015	5810	6025	1	6
k63_1291015	6260	6568	-1	7
k63_1291157	104	1492	1	1
k63_1291157	1756	3015	-1	2
k63_1291157	3029	5389	-1	3
k63_1291157	6561	6926	1	4
k63_121040	1	2649	1	1
k63_121040	2594	2707	1	2
k63_474336	1	597	-1	1
k63_474336	1108	1899	1	2
k63_474336	2147	2401	-1	3
k63_474336	2758	3438	1	4
k63_474336	3952	4113	-1	5
k63_474336	4769	5743	-1	6
k63_474336	6473	6940	1	7
k63_1642410	1	420	1	1
k63_1642410	417	1340	1	2
k63_1642410	1344	2540	-1	3
k63_1642410	2739	3020	-1	4
k63_1642410	3060	3263	-1	5
k63_1642410	3396	3716	-1	6
k63_1057521	355	2091	1	1
k63_1057521	2302	2571	1	2
k63_1057521	2636	2935	1	3
k63_1172761	519	1832	1	1
k63_1172761	1952	2167	1	2
k63_1172761	2313	2609	1	3
k63_1525723	127	1410	-1	1
k63_121416	1	672	1	1
k63_121416	672	3251	1	2
k63_1172961	1	786	-1	1
k63_1172961	805	2298	-1	2
k63_1172961	2411	3253	-1	3
k63_1057885	3	992	1	1
k63_1057885	1044	1709	1	2
k63_1057885	1759	1884	-1	3
k63_1057950	2	184	1	1
k63_1057950	594	2120	-1	2
k63_1291786	2	259	1	1
k63_1291786	240	1631	1	2
k63_357016	406	1746	-1	1
k63_357016	1774	4362	-1	2
k63_357016	4442	4840	-1	3
k63_357074	91	1698	1	1
k63_357074	1730	2143	-1	2
k63_237862	2	193	1	1
k63_237862	235	1533	-1	2
k63_237862	1854	2546	-1	3
k63_237862	2793	3770	1	4
k63_1058279	2	2758	1	1
k63_1058279	2890	3069	-1	2
k63_1643211	198	1508	-1	1
k63_1643211	1508	2362	-1	2
k63_1643211	2519	2803	1	3
k63_1643211	2815	3180	-1	4
k63_1643211	3232	4317	-1	5
k63_590382	1	663	1	1
k63_590382	711	2036	1	2
k63_590382	2077	2781	1	3
k63_1058393	503	3061	1	1
k63_1058393	3112	4149	1	2
k63_707746	1	1038	1	1
k63_707746	1050	2546	1	2
k63_707746	3082	4530	-1	3
k63_707746	4578	8000	-1	4
k63_707746	8240	9361	-1	5
k63_707746	9376	10737	-1	6
k63_707746	11017	11175	1	7
k63_5527	3	2105	-1	1
k63_5527	2453	2575	-1	2
k63_1407396	3	1352	-1	1
k63_1407396	1375	3174	-1	2
k63_590679	1	477	1	1
k63_590679	751	1368	1	2
k63_590679	1427	1561	1	3
k63_5703	1	420	1	1
k63_5703	436	1443	1	2
k63_5703	1446	2150	1	3
k63_5703	2599	3384	-1	4
k63_5703	3618	3821	1	5
k63_590681	411	818	-1	1
k63_590681	891	2570	-1	2
k63_590681	2863	3312	1	3
k63_590681	3319	3573	-1	4
k63_590681	3606	4547	-1	5
k63_590681	4552	5529	-1	6
k63_590681	5984	6685	1	7
k63_590681	6716	8368	1	8
k63_1526777	2	1279	-1	1
k63_1526777	1283	1564	-1	2
k63_942905	3	140	-1	1
k63_942905	225	1838	1	2
k63_590867	1	1497	1	1
k63_590867	1737	1883	-1	2
k63_1644143	379	732	1	1
k63_1644143	729	2582	1	2
k63_1644143	2630	2827	-1	3
k63_1644143	3140	3625	-1	4
k63_708454	1	84	-1	1
k63_708454	445	3114	1	2
k63_708454	3104	4585	1	3
k63_708454	5051	8146	1	4
k63_708454	8159	9673	1	5
k63_708478	383	721	1	1
k63_708478	727	2037	1	2
k63_238651	3	593	-1	1
k63_238651	725	1579	-1	2
k63_123316	2	1039	1	1
k63_123316	1201	2532	1	2
k63_123316	2639	2845	1	3
k63_123316	3229	3693	1	4
k63_123316	4175	4747	1	5
k63_123316	4761	6131	1	6
k63_123316	6133	7254	-1	7
k63_123316	7441	8322	1	8
k63_123316	8426	9187	1	9
k63_591394	3	581	-1	1
k63_591394	765	1043	1	2
k63_591394	1603	1662	1	3
k63_1293735	329	709	-1	1
k63_1293735	741	3023	-1	2
k63_1293735	3248	4375	-1	3
k63_1293735	4637	5968	1	4
k63_476544	1	810	-1	1
k63_476544	794	1225	-1	2
k63_476544	1243	2874	-1	3
k63_358755	2	154	1	1
k63_358755	286	1773	-1	2
k63_358755	2032	2820	-1	3
k63_358755	3110	4066	1	4
k63_358755	4301	5032	1	5
k63_358755	5123	6148	1	6
k63_358755	6152	7126	1	7
k63_358755	7153	8388	1	8
k63_358755	8433	9011	1	9
k63_358755	9030	9941	-1	10
k63_358755	9956	10801	-1	11
k63_358755	10785	11327	-1	12
k63_358755	11400	12266	-1	13
k63_358755	12300	12989	-1	14
k63_358755	13063	13647	-1	15
k63_358755	14096	14551	1	16
k63_358755	14726	15736	1	17
k63_358755	15763	17262	1	18
k63_358755	17571	18311	1	19
k63_358755	18289	19086	1	20
k63_358755	19083	19730	1	21
k63_358755	19839	20888	-1	22
k63_358755	20888	21559	-1	23
k63_358755	21869	22366	1	24
k63_358755	22443	23438	1	25
k63_358755	23462	24460	1	26
k63_358755	24836	25021	1	27
k63_591528	3	797	1	1
k63_591528	886	1872	1	2
k63_591528	1905	2282	1	3
k63_123571	3	602	1	1
k63_123571	901	1392	-1	2
k63_123571	1528	1989	-1	3
k63_123571	2362	3066	1	4
k63_123571	3091	3198	1	5
k63_708812	3	164	1	1
k63_708812	251	886	1	2
k63_708812	981	1157	-1	3
k63_708812	1154	1363	-1	4
k63_708812	1637	3403	-1	5
k63_708812	3798	4127	-1	6
k63_708812	4198	5388	-1	7
k63_476735	85	1710	1	1
k63_476796	134	343	1	1
k63_476796	330	788	1	2
k63_476796	775	1524	1	3
k63_476796	1702	2010	1	4
k63_1060116	181	1338	1	1
k63_1060116	1546	2568	-1	2
k63_1060116	2960	3061	-1	3
k63_7071	267	2561	-1	1
k63_7071	2558	3040	-1	2
k63_7071	3043	3918	-1	3
k63_7071	4466	5146	1	4
k63_7071	5166	6992	-1	5
k63_7071	7173	8717	-1	6
k63_7071	8853	10367	-1	7
k63_7071	10474	11148	-1	8
k63_476882	1	258	1	1
k63_476882	417	1976	1	2
k63_1294125	1	1749	1	1
k63_1294125	1764	2552	-1	2
k63_1294125	2624	3421	-1	3
k63_123948	101	280	1	1
k63_123948	291	1952	1	2
k63_944388	1	96	-1	1
k63_944388	409	750	-1	2
k63_944388	744	983	-1	3
k63_944388	993	1124	-1	4
k63_944388	1166	1546	-1	5
k63_1645301	177	1355	1	1
k63_7387	2	433	-1	1
k63_7387	1304	1681	-1	2
k63_7387	2233	2442	1	3
k63_7387	2740	2856	1	4
k63_477146	332	1354	1	1
k63_477146	1522	2316	1	2
k63_477146	2452	3657	1	3
k63_477146	3738	4709	1	4
k63_477146	4722	5930	1	5
k63_477146	6011	7408	1	6
k63_828232	3	80	1	1
k63_828232	198	1322	1	2
k63_828232	1481	3283	1	3
k63_1408545	204	1583	1	1
k63_1408545	1678	2100	-1	2
k63_1408545	2090	2359	-1	3
k63_1408545	2699	3253	-1	4
k63_1408545	3295	3894	-1	5
k63_1408545	4161	6656	-1	6
k63_1408545	6675	6788	-1	7
k63_1408545	6995	7141	-1	8
k63_1408545	7513	8670	-1	9
k63_1294459	666	3167	1	1
k63_477248	1	1026	1	1
k63_477248	1659	2777	1	2
k63_477248	3164	5848	-1	3
k63_591862	587	1888	1	1
k63_1175002	104	2584	1	1
k63_709125	3	371	-1	1
k63_709125	979	1437	1	2
k63_709125	1464	1985	1	3
k63_709125	2032	2250	-1	4
k63_1175077	1	156	-1	1
k63_1175077	471	2216	1	2
k63_1060681	3	1013	-1	1
k63_1060681	1326	2840	1	2
k63_1294610	319	1314	1	1
k63_1294610	1399	2361	1	2
k63_1294610	2354	3640	1	3
k63_1294610	3777	5672	1	4
k63_1294610	5699	5794	1	5
k63_1294659	3	716	-1	1
k63_1294659	771	1619	1	2
k63_1294659	1711	2121	1	3
k63_944778	548	1894	1	1
k63_944778	2058	3719	1	2
k63_944778	3732	5156	1	3
k63_944778	5774	7405	1	4
k63_944778	7559	8314	-1	5
k63_944778	8526	9158	-1	6
k63_944778	9409	9546	1	7
k63_1175145	2	82	1	1
k63_1175145	67	1053	-1	2
k63_1175145	1703	2959	1	3
k63_1645769	214	1377	1	1
k63_1528622	3	551	1	1
k63_1528622	894	1370	1	2
k63_1528622	1367	2182	1	3
k63_1528622	3263	3586	-1	4
k63_1645929	1	243	-1	1
k63_1645929	976	1887	1	2
k63_1645929	2271	3035	-1	3
k63_1645929	3032	4468	-1	4
k63_1645967	104	622	-1	1
k63_1645967	629	859	-1	2
k63_1645967	930	1163	-1	3
k63_1645967	1357	1893	-1	4
k63_1645967	1983	2237	-1	5
k63_477732	119	3748	-1	1
k63_477732	3761	5491	-1	2
k63_477732	5488	8355	-1	3
k63_477732	8619	10556	-1	4
k63_1646195	2	109	1	1
k63_1646195	203	1507	1	2
k63_1646195	1657	2469	1	3
k63_1061133	2	400	-1	1
k63_1061133	437	1570	1	2
k63_1061133	1694	3595	1	3
k63_1061133	3630	4190	1	4
k63_1061133	4496	5782	1	5
k63_1061133	6265	6633	-1	6
k63_1061133	6649	6888	-1	7
k63_1061133	6974	7615	-1	8
k63_1061133	7587	8123	-1	9
k63_1061133	8627	10684	1	10
k63_1061133	10770	12374	1	11
k63_1061133	12470	13081	-1	12
k63_360204	676	1110	1	1
k63_360204	1201	1866	1	2
k63_360204	1691	2746	-1	3
k63_360204	3041	3874	1	4
k63_360204	4030	4653	-1	5
k63_360204	4885	5025	-1	6
k63_8263	2	244	1	1
k63_8263	499	1089	1	2
k63_8263	1158	3050	1	3
k63_8263	3082	4488	1	4
k63_945481	436	1692	1	1
k63_829439	3	305	-1	1
k63_829439	465	1619	-1	2
k63_829439	1900	2478	-1	3
k63_829439	2824	3549	1	4
k63_829439	3546	4562	1	5
k63_1295568	1	459	-1	1
k63_1295568	452	1546	-1	2
k63_1295568	1606	2559	-1	3
k63_1295568	2578	3396	-1	4
k63_1295568	3393	4490	-1	5
k63_1295643	71	1582	-1	1
k63_1295643	1854	2930	-1	2
k63_1295643	3004	3885	-1	3
k63_1295643	4313	4516	-1	4
k63_1295643	4779	6791	-1	5
k63_1295643	6754	8745	-1	6
k63_1295643	8872	8994	-1	7
k63_1646705	1	144	1	1
k63_1646705	615	1898	-1	2
k63_1646705	2006	2884	-1	3
k63_1646705	2954	3046	1	4
k63_1646705	3061	3267	1	5
k63_1646705	3274	3582	-1	6
k63_1646705	3860	4375	1	7
k63_1646705	4393	4581	1	8
k63_8594	81	1460	1	1
k63_8594	1704	2951	-1	2
k63_8594	3256	4959	-1	3
k63_8594	5172	5249	-1	4
k63_361003	204	1004	1	1
k63_361003	1108	2127	-1	2
k63_361003	2331	2633	1	3
k63_361003	2750	2914	1	4
k63_361003	3139	4074	1	5
k63_478507	3	287	-1	1
k63_478507	361	636	1	2
k63_478507	690	1805	1	3
k63_478507	1885	2862	1	4
k63_1175848	1	198	1	1
k63_1175848	381	665	1	2
k63_1175848	903	1916	1	3
k63_1175848	1918	1980	1	4
k63_125736	82	1446	-1	1
k63_125736	1928	2317	-1	2
k63_125736	2406	4604	-1	3
k63_125736	4718	4948	-1	4
k63_1296189	167	1645	1	1
k63_1062521	364	1896	-1	1
k63_1062521	2156	3490	-1	2
k63_1062521	3720	4850	1	3
k63_361384	364	1722	-1	1
k63_361384	2747	4975	1	2
k63_1296266	186	1388	-1	1
k63_1296266	1408	4038	-1	2
k63_1296266	4025	4738	-1	3
k63_1062595	1	75	1	1
k63_1062595	133	357	1	2
k63_1062595	432	1427	1	3
k63_1062595	1457	2257	-1	4
k63_1062595	2279	3247	-1	5
k63_1062595	3384	4724	-1	6
k63_1062596	3	515	-1	1
k63_1062596	720	1730	-1	2
k63_1062596	1817	2620	-1	3
k63_1062596	2636	3637	-1	4
k63_1062596	3680	4126	-1	5
k63_1062596	4617	5453	1	6
k63_1062596	5870	6520	1	7
k63_1062596	6620	6679	1	8
k63_1647422	2	667	1	1
k63_1647422	654	1652	1	2
k63_1647422	2158	2469	1	3
k63_1647422	2538	3056	1	4
k63_1647422	3161	4030	1	5
k63_1647422	4364	5371	-1	6
k63_1647422	5658	7370	-1	7
k63_1176195	3	1067	1	1
k63_1176195	1111	2745	-1	2
k63_1176195	2742	3008	-1	3
k63_1176195	3892	4095	1	4
k63_1176195	3999	4325	-1	5
k63_1176195	4812	5051	1	6
k63_1176195	5048	5446	1	7
k63_1176195	5925	6536	1	8
k63_1062907	1	2394	-1	1
k63_1176413	1	417	1	1
k63_1176413	417	1424	1	2
k63_1176413	1647	1907	1	3
k63_1176413	1944	2750	1	4
k63_1063349	1	1527	-1	1
k63_1297147	3	137	1	1
k63_1297147	163	1572	1	2
k63_1297147	1641	1877	1	3
k63_1297147	1832	2173	1	4
k63_362329	299	1531	-1	1
k63_711089	52	345	-1	1
k63_711089	365	652	1	2
k63_711089	751	1545	1	3
k63_362395	92	2215	1	1
k63_362395	2300	3601	1	2
k63_1410394	203	1165	1	1
k63_1410394	1238	2038	1	2
k63_711135	612	1892	1	1
k63_711135	1904	2971	1	2
k63_711135	2983	4068	1	3
k63_711135	4390	5412	1	4
k63_711135	5435	6493	1	5
k63_362611	159	401	1	1
k63_362611	398	805	1	2
k63_362611	926	3256	1	3
k63_362611	3747	6128	-1	4
k63_362611	6499	7362	1	5
k63_1648499	3	122	-1	1
k63_1648499	413	994	-1	2
k63_1410530	63	866	1	1
k63_1410530	1287	2768	1	2
k63_10249	1	135	-1	1
k63_10249	132	407	-1	2
k63_10249	410	1390	-1	3
k63_10249	1415	2407	-1	4
k63_480131	1	1029	1	1
k63_480131	1033	2007	1	2
k63_480131	2004	3695	1	3
k63_480131	3848	5260	1	4
k63_480131	5405	6877	1	5
k63_1064274	98	979	-1	1
k63_1064274	966	2045	-1	2
k63_1064274	2063	3910	-1	3
k63_1064274	3978	5027	-1	4
k63_831846	2	460	-1	1
k63_831846	495	704	1	2
k63_831846	795	1151	1	3
k63_831846	1558	1836	1	4
k63_831846	1965	2195	-1	5
k63_831846	2340	2456	-1	6
k63_711644	1	117	-1	1
k63_711644	204	1445	1	2
k63_711644	1477	1743	1	3
k63_711644	1718	4672	1	4
k63_127842	3	1043	-1	1
k63_127842	1254	3047	-1	2
k63_127842	3079	4767	-1	3
k63_127842	4940	5038	-1	4
k63_127842	5229	6251	-1	5
k63_127848	13	996	-1	1
k63_127848	1309	1671	-1	2
k63_127848	1664	1954	-1	3
k63_127848	2353	3831	1	4
k63_127848	3914	4027	-1	5
k63_1531707	1	216	-1	1
k63_1531707	253	531	-1	2
k63_1531707	722	1693	-1	3
k63_1177462	398	1219	1	1
k63_1177462	1230	1940	-1	2
k63_594078	89	331	-1	1
k63_594078	348	3245	1	2
k63_594078	3245	4636	1	3
k63_594078	4647	5273	1	4
k63_594078	5270	5968	1	5
k63_594078	5965	6705	1	6
k63_594078	6878	7672	1	7
k63_594078	7635	8630	1	8
k63_1531746	176	1402	-1	1
k63_1531746	1427	1687	-1	2
k63_711700	221	1564	1	1
k63_711700	1592	2359	1	2
k63_711700	2479	2706	1	3
k63_711700	2968	3588	1	4
k63_711700	3578	4396	1	5
k63_711700	4564	5520	1	6
k63_711700	5523	8348	1	7
k63_711700	8477	9502	1	8
k63_711700	9677	10435	-1	9
k63_711700	10614	12233	1	10
k63_594130	222	977	1	1
k63_594130	1073	1477	1	2
k63_1649337	1	135	1	1
k63_1649337	318	596	1	2
k63_1649337	977	2011	1	3
k63_1649337	2179	2457	-1	4
k63_1649347	3	1784	-1	1
k63_594232	204	1817	-1	1
k63_594232	1924	2760	-1	2
k63_594232	3050	4378	1	3
k63_594232	4375	5418	-1	4
k63_594232	5423	5845	-1	5
k63_594232	6154	6372	1	6
k63_594232	6530	7945	-1	7
k63_594232	7955	11305	-1	8
k63_832319	246	3197	1	1
k63_832319	3217	7020	1	2
k63_1064928	134	814	-1	1
k63_1064928	847	1776	-1	2
k63_1064928	1930	2841	-1	3
k63_1064928	2953	5028	-1	4
k63_1064928	5573	6082	-1	5
k63_1064928	6086	7396	-1	6
k63_1064928	7664	8755	1	7
k63_1411314	107	358	1	1
k63_1411314	232	528	-1	2
k63_1411314	838	2727	1	3
k63_1411314	2724	4742	1	4
k63_1411314	5167	5268	1	5
k63_712050	273	1148	1	1
k63_712050	1293	1715	-1	2
k63_712050	1708	2760	-1	3
k63_1065217	1	1263	1	1
k63_1065217	1533	1808	1	2
k63_128670	115	756	1	1
k63_128670	767	1483	1	2
k63_128670	1530	2168	1	3
k63_128670	2459	2632	1	4
k63_128670	2905	4557	-1	5
k63_128670	5023	6099	1	6
k63_128670	6106	6459	1	7
k63_1065245	1	174	1	1
k63_1065245	167	1591	1	2
k63_1532529	3	302	-1	1
k63_1532529	446	2989	1	2
k63_1177989	2	100	1	1
k63_1177989	295	828	-1	2
k63_1177989	840	2426	-1	3
k63_1177989	2895	3887	1	4
k63_1177989	4044	5219	1	5
k63_11712	2	556	1	1
k63_11712	686	2134	1	2
k63_11712	2131	2229	1	3
k63_241971	3	1538	-1	1
k63_241971	1774	1911	1	2
k63_1065543	1	180	1	1
k63_1065543	188	1300	-1	2
k63_1065543	1538	2290	1	3
k63_1065543	2294	2473	1	4
k63_482189	434	1426	-1	1
k63_949597	3	2744	-1	1
k63_949597	3223	4785	-1	2
k63_949597	4790	5080	-1	3
k63_949597	5155	5988	-1	4
k63_949597	6044	7069	-1	5
k63_12312	207	1880	-1	1
k63_12312	2105	3088	1	2
k63_129580	327	1355	1	1
k63_129580	1630	1902	-1	2
k63_129580	2180	3331	-1	3
k63_129580	3640	5196	1	4
k63_949844	95	613	1	1
k63_949844	1069	2523	1	2
k63_949844	2894	4111	1	3
k63_949844	4189	4377	1	4
k63_949844	4474	4635	1	5
k63_712641	436	2001	1	1
k63_712641	2003	2884	1	2
k63_129838	260	1408	1	1
k63_129838	1396	2592	1	2
k63_1066389	156	3914	-1	1
k63_833868	96	1358	-1	1
k63_1533663	1	114	1	1
k63_1533663	193	1881	1	2
k63_1533663	1980	2474	1	3
k63_1178545	2	814	1	1
k63_1178545	1047	2111	-1	2
k63_1178545	2233	3075	-1	3
k63_1178545	3531	4382	-1	4
k63_1178545	4476	4997	-1	5
k63_1178545	4999	6168	-1	6
k63_1178545	6202	7389	-1	7
k63_1178545	8567	9397	-1	8
k63_950072	127	1272	-1	1
k63_950072	1341	2357	-1	2
k63_950072	2544	2654	1	3
k63_1412295	1	1479	-1	1
k63_1412295	1519	2736	-1	2
k63_1412295	3331	4131	1	3
k63_1412295	4287	4736	1	4
k63_1412295	4726	6117	1	5
k63_834128	226	948	1	1
k63_834128	945	2279	1	2
k63_834128	2350	3243	1	3
k63_834128	3353	4072	1	4
k63_834128	4117	5463	1	5
k63_834128	6560	8662	1	6
k63_482949	228	857	1	1
k63_482949	954	1940	-1	2
k63_482949	2020	2529	1	3
k63_482949	2651	3130	-1	4
k63_365520	159	677	-1	1
k63_365520	678	950	-1	2
k63_365520	925	2247	-1	3
k63_365520	2446	3564	-1	4
k63_365520	3577	5148	-1	5
k63_365520	5183	6592	-1	6
k63_365520	6646	7977	-1	7
k63_1412432	2	943	1	1
k63_1412432	993	2003	1	2
k63_13117	1	480	-1	1
k63_13117	1029	1505	1	2
k63_13117	1529	3019	1	3
k63_13117	3155	5776	1	4
k63_13117	5805	6083	1	5
k63_13117	6080	6445	1	6
k63_242822	2	238	1	1
k63_242822	757	1749	-1	2
k63_242822	1773	2837	-1	3
k63_242822	2923	4473	1	4
k63_242822	5518	7242	-1	5
k63_242822	7315	8088	-1	6
k63_242822	8095	9687	-1	7
k63_242822	9775	11076	-1	8
k63_242822	11096	12334	-1	9
k63_242822	12331	13179	-1	10
k63_242822	13275	13694	-1	11
k63_242822	13872	15239	-1	12
k63_242822	15358	15981	-1	13
k63_242822	16539	18584	1	14
k63_242822	18686	19669	1	15
k63_242822	19748	20071	1	16
k63_242822	20198	21211	1	17
k63_1066900	2	1378	-1	1
k63_365671	3	485	1	1
k63_365671	1165	1362	1	2
k63_365671	1300	2547	-1	3
k63_365671	2557	3234	-1	4
k63_950596	326	1732	-1	1
k63_950596	1802	2572	-1	2
k63_950596	2562	3017	-1	3
k63_1412546	101	478	-1	1
k63_1412546	439	1476	-1	2
k63_1412546	1545	2372	1	3
k63_1534150	592	2370	1	1
k63_1412609	107	1870	-1	1
k63_1412609	1872	3986	-1	2
k63_1178962	1	225	1	1
k63_1178962	354	1400	1	2
k63_1178962	1466	2656	1	3
k63_1178962	2834	4612	1	4
k63_1178962	4642	7197	1	5
k63_1178962	7208	8131	-1	6
k63_1178962	8370	8624	-1	7
k63_1178962	8624	9133	-1	8
k63_1178962	9545	10564	-1	9
k63_1178962	10644	11633	-1	10
k63_1178962	11646	12668	-1	11
k63_1178962	13068	14153	1	12
k63_834527	1	1380	-1	1
k63_365891	1	753	1	1
k63_365891	758	880	1	2
k63_365891	826	1716	1	3
k63_365891	1785	2120	1	4
k63_365891	2640	3806	1	5
k63_365891	3812	4222	1	6
k63_365891	4219	5406	1	7
k63_365891	5403	7886	1	8
k63_365891	7902	9416	1	9
k63_365891	9633	9743	1	10
k63_1179084	322	687	-1	1
k63_1179084	684	941	-1	2
k63_1179084	1192	2190	1	3
k63_1067307	3	1400	-1	1
k63_1067307	1641	2015	1	2
k63_834805	3	1007	-1	1
k63_834805	1004	1543	-1	2
k63_834805	1540	2217	-1	3
k63_1179381	3	71	-1	1
k63_1179381	201	737	-1	2
k63_1179381	779	2671	-1	3
k63_1179381	2924	3103	-1	4
k63_713485	1	114	-1	1
k63_713485	370	615	-1	2
k63_713485	856	1704	1	3
k63_713485	1778	2449	-1	4
k63_713485	2610	3338	-1	5
k63_713485	3350	4150	-1	6
k63_713485	4154	5194	-1	7
k63_13935	647	1015	1	1
k63_13935	1027	1785	1	2
k63_834988	3	116	1	1
k63_834988	1034	1837	1	2
k63_834988	1854	3335	-1	3
k63_834988	3626	6790	1	4
k63_834988	6801	8240	1	5
k63_243315	123	1463	-1	1
k63_243315	1600	2943	-1	2
k63_243315	2961	5459	-1	3
k63_243315	5477	7477	-1	4
k63_243315	7806	8330	-1	5
k63_483933	168	2159	1	1
k63_483933	2500	4251	1	2
k63_483947	98	2056	-1	1
k63_483947	2113	2475	1	2
k63_483947	2787	3293	1	3
k63_483947	3371	3724	1	4
k63_483947	3987	4940	-1	5
k63_483947	4950	5387	-1	6
k63_243346	138	1616	-1	1
k63_243346	1726	2427	-1	2
k63_243346	2519	5449	-1	3
k63_243346	5464	6672	-1	4
k63_243346	6928	8103	1	5
k63_243346	8144	8866	-1	6
k63_243346	9073	10074	-1	7
k63_243346	10376	10744	1	8
k63_243346	10848	11555	1	9
k63_243346	11646	12596	1	10
k63_243346	12677	13951	1	11
k63_243346	14219	16687	-1	12
k63_243346	16745	19225	-1	13
k63_243346	19253	20389	-1	14
k63_243346	20519	21631	-1	15
k63_243346	21844	23163	-1	16
k63_243346	24157	25920	1	17
k63_243346	25929	26354	1	18
k63_243350	129	704	1	1
k63_243350	753	1877	1	2
k63_243350	1941	2987	1	3
k63_243352	81	2084	1	1
k63_131516	2	556	-1	1
k63_131516	991	3669	1	2
k63_131516	3814	4320	1	3
k63_131516	4137	4535	-1	4
k63_131516	5206	5628	1	5
k63_14572	115	1608	-1	1
k63_14572	1704	2849	-1	2
k63_14572	3064	4356	1	3
k63_14572	4376	4879	-1	4
k63_14572	4939	5433	-1	5
k63_14572	5451	6848	-1	6
k63_484428	170	850	1	1
k63_484428	905	1849	1	2
k63_484428	1831	2076	-1	3
k63_484428	2137	2982	-1	4
k63_484428	2972	3832	-1	5
k63_484428	3967	4341	-1	6
k63_484428	4652	5731	1	7
k63_484428	5776	6189	-1	8
k63_484428	6286	7365	-1	9
k63_484428	7399	8847	-1	10
k63_484428	8965	10542	-1	11
k63_1413411	61	504	-1	1
k63_1413411	501	1781	-1	2
k63_1413411	1803	3134	-1	3
k63_1413411	3363	5597	-1	4
k63_1413411	5689	6897	-1	5
k63_484684	1	639	-1	1
k63_484684	870	2555	-1	2
k63_484684	2732	4252	-1	3
k63_484684	4218	5378	-1	4
k63_484684	5384	7756	-1	5
k63_484684	8180	9232	1	6
k63_484684	9356	10009	1	7
k63_1651585	3	383	1	1
k63_1651585	412	1263	-1	2
k63_1651585	1414	2661	-1	3
k63_1651585	2664	3422	-1	4
k63_1413660	1	1032	1	1
k63_1413660	1029	2414	1	2
k63_1413660	2688	3551	1	3
k63_243992	2	112	-1	1
k63_243992	434	856	1	2
k63_243992	932	1651	-1	3
k63_243992	1847	2203	-1	4
k63_243992	2203	2757	-1	5
k63_243992	3019	3171	-1	6
k63_1536180	129	587	-1	1
k63_1536180	804	1712	1	2
k63_1536180	1715	2068	1	3
k63_1536180	2167	4656	1	4
k63_132742	98	625	1	1
k63_132742	815	1012	1	2
k63_132742	1027	1764	1	3
k63_132742	1707	2312	1	4
k63_132742	2354	3373	1	5
k63_132742	3505	4404	-1	6
k63_132742	5140	7542	1	7
k63_132742	7692	8567	1	8
k63_132742	8574	9833	1	9
k63_132742	9830	11107	1	10
k63_132742	11118	11192	-1	11
k63_485348	1	723	-1	1
k63_485348	796	1719	-1	2
k63_485348	1706	2107	-1	3
k63_485348	2109	3266	-1	4
k63_485348	3458	4270	-1	5
k63_485348	4553	5413	1	6
k63_485649	1	471	-1	1
k63_485649	468	2582	-1	2
k63_244462	82	387	-1	1
k63_244462	497	2029	-1	2
k63_244462	2173	4740	1	3
k63_244462	4891	5223	1	4
k63_244462	5505	8714	-1	5
k63_485689	481	2400	-1	1
k63_714852	3	170	-1	1
k63_714852	202	975	-1	2
k63_714852	1050	1703	-1	3
k63_1652192	78	950	1	1
k63_1652192	1184	1552	1	2
k63_244558	2	1711	-1	1
k63_244628	174	1148	1	1
k63_244628	1145	2320	-1	2
k63_244628	2562	3941	1	3
k63_244695	32	1066	1	1
k63_244695	1233	2606	-1	2
k63_16341	24	1253	-1	1
k63_16341	1322	1720	-1	2
k63_16341	1717	1998	-1	3
k63_16341	2752	3327	-1	4
k63_16364	49	393	1	1
k63_16364	758	1171	1	2
k63_715090	222	998	1	1
k63_715090	1112	1396	1	2
k63_715090	1456	1725	1	3
k63_715090	1738	2007	1	4
k63_715090	2033	2305	1	5
k63_715090	2330	2938	1	6
k63_715090	3064	4083	1	7
k63_715090	4270	4497	1	8
k63_715090	4475	4747	1	9
k63_715090	4757	5320	1	10
k63_715090	5428	6288	1	11
k63_715090	6291	7136	1	12
k63_715090	7167	8360	-1	13
k63_1537871	233	1288	1	1
k63_1537871	1326	1691	1	2
k63_1537871	1720	1908	1	3
k63_133712	322	1980	1	1
k63_133712	1996	3858	1	2
k63_133712	4006	5367	1	3
k63_133712	5478	6278	1	4
k63_133712	6350	6625	-1	5
k63_133712	6712	7005	-1	6
k63_133712	7288	7752	-1	7
k63_133712	7752	9290	-1	8
k63_133712	9377	10441	-1	9
k63_133712	10525	11658	-1	10
k63_133712	11729	12763	-1	11
k63_133712	12858	14099	-1	12
k63_133712	14539	15168	1	13
k63_133712	15549	16151	-1	14
k63_16887	2	613	1	1
k63_16887	771	1127	1	2
k63_16887	1390	1629	1	3
k63_16887	1844	3010	-1	4
k63_16887	3107	5407	-1	5
k63_16887	5613	5966	1	6
k63_837783	1	429	1	1
k63_837783	603	3950	1	2
k63_837783	3973	7659	1	3
k63_837783	7676	8845	-1	4
k63_837783	8850	9716	-1	5
k63_715593	119	1618	-1	1
k63_715593	1624	2349	-1	2
k63_715593	2356	4602	-1	3
k63_715593	4618	6309	-1	4
k63_245325	318	650	1	1
k63_245325	654	896	1	2
k63_245325	1224	1442	-1	3
k63_245325	1429	2079	-1	4
k63_245325	2242	2610	1	5
k63_245325	2806	3342	1	6
k63_715784	2	985	1	1
k63_715784	1103	2806	1	2
k63_954165	1	198	1	1
k63_954165	656	2323	-1	2
k63_954165	2451	4445	-1	3
k63_1415272	2	1717	-1	1
k63_1415272	1938	2087	-1	2
k63_1415272	2261	3421	-1	3
k63_1415420	202	2517	-1	1
k63_1415420	2580	2822	-1	2
k63_1415420	2823	3224	-1	3
k63_1415420	3348	4124	1	4
k63_1415420	4272	5453	1	5
k63_1415420	5555	6205	1	6
k63_487402	1	870	-1	1
k63_487402	867	1634	-1	2
k63_487402	1631	2794	-1	3
k63_487402	2791	3795	-1	4
k63_598223	110	1453	1	1
k63_370686	1	789	1	1
k63_370686	828	1628	1	2
k63_598518	401	1594	-1	1
k63_598518	1591	2472	-1	2
k63_1415801	154	1140	-1	1
k63_1415801	1512	2321	1	2
k63_1415801	2318	3100	1	3
k63_839303	1	237	1	1
k63_839303	358	1605	-1	2
k63_839303	1748	1957	1	3
k63_839303	1882	2259	-1	4
k63_1653603	1	189	1	1
k63_1653603	403	834	-1	2
k63_1653603	831	2255	-1	3
k63_1653603	2263	5043	-1	4
k63_955264	3	104	-1	1
k63_955264	241	1494	-1	2
k63_371366	301	744	-1	1
k63_371366	955	2142	-1	2
k63_371366	2363	4117	-1	3
k63_371366	4339	5688	1	4
k63_371366	6258	6428	1	5
k63_371366	7540	7935	-1	6
k63_371366	8955	9422	-1	7
k63_1540394	693	2177	-1	1
k63_1540394	2331	2822	-1	2
k63_1540394	3483	4010	1	3
k63_1416280	341	1612	-1	1
k63_136065	1	138	-1	1
k63_136065	262	1335	-1	2
k63_136065	1751	2719	-1	3
k63_136065	2724	3635	-1	4
k63_1540585	451	1803	-1	1
k63_1540585	1830	2516	-1	2
k63_1540585	2513	3334	-1	3
k63_1540585	3331	4194	-1	4
k63_1540585	4387	6300	-1	5
k63_1540585	6581	8110	-1	6
k63_1540585	8352	10142	-1	7
k63_955879	140	1006	-1	1
k63_955879	1094	3403	-1	2
k63_716951	139	447	1	1
k63_716951	933	1220	1	2
k63_716951	1681	2634	1	3
k63_716951	2671	3552	-1	4
k63_716951	3817	5271	-1	5
k63_716951	5531	6871	1	6
k63_716951	6948	8000	1	7
k63_1073101	47	2449	1	1
k63_1073101	2446	3246	1	2
k63_1073101	3767	3961	1	3
k63_19105	549	1334	1	1
k63_19105	1303	2145	1	2
k63_19105	2135	2857	-1	3
k63_19105	2905	3591	-1	4
k63_19105	3644	4507	-1	5
k63_19105	4559	4927	-1	6
k63_19105	5108	5740	-1	7
k63_19105	5979	6356	1	8
k63_19105	6340	7734	-1	9
k63_19105	7973	8713	1	10
k63_19105	8733	10187	-1	11
k63_19105	10455	13385	1	12
k63_19105	13411	14874	1	13
k63_19105	15401	15736	1	14
k63_19105	15783	17882	-1	15
k63_19105	18002	18271	-1	16
k63_19105	18392	19312	-1	17
k63_19185	217	1167	1	1
k63_19185	1218	2630	1	2
k63_19185	2701	2874	1	3
k63_599281	32	544	-1	1
k63_599281	570	1193	1	2
k63_599281	1222	1458	1	3
k63_599281	1364	2710	-1	4
k63_599281	2819	3187	-1	5
k63_1182799	465	3434	1	1
k63_1182799	3778	4770	1	2
k63_19275	168	368	1	1
k63_19275	368	496	1	2
k63_19275	544	828	1	3
k63_19275	1173	2435	-1	4
k63_956180	1	261	1	1
k63_956180	258	1829	1	2
k63_956180	2012	2938	1	3
k63_136391	170	1549	1	1
k63_136391	1577	2992	1	2
k63_136391	3017	5008	1	3
k63_136391	5158	6465	-1	4
k63_136391	6517	8043	-1	5
k63_371957	281	454	-1	1
k63_371957	642	1442	1	2
k63_371957	1691	2116	-1	3
k63_371957	2401	2760	-1	4
k63_489040	3	2669	-1	1
k63_489040	3013	3120	-1	2
k63_599388	3	77	-1	1
k63_599388	91	3294	-1	2
k63_599388	3295	4464	-1	3
k63_599388	4693	5385	1	4
k63_599388	6247	7419	1	5
k63_599388	7496	7768	1	6
k63_599388	7765	8166	1	7
k63_599388	8601	9947	1	8
k63_136465	2	2671	1	1
k63_136465	2798	3862	1	2
k63_136474	2	1303	1	1
k63_136474	1408	4020	-1	2
k63_136474	4277	4588	1	3
k63_136474	4530	5690	-1	4
k63_136474	6038	6838	-1	5
k63_136474	6893	7795	-1	6
k63_136474	7903	9879	-1	7
k63_372055	66	1715	-1	1
k63_372055	1712	2221	-1	2
k63_372055	2540	4627	1	3
k63_372055	4724	5701	1	4
k63_372055	6225	7715	-1	5
k63_372055	7989	9248	-1	6
k63_372055	9613	11763	1	7
k63_372055	11822	13222	-1	8
k63_717248	320	901	1	1
k63_717248	913	1662	1	2
k63_717248	1690	2415	-1	3
k63_717248	2584	3510	1	4
k63_956472	84	224	-1	1
k63_956472	284	1264	1	2
k63_956472	1358	3364	1	3
k63_956472	3359	4984	-1	4
k63_956480	3	128	-1	1
k63_956480	326	775	1	2
k63_956480	818	2734	-1	3
k63_136930	3	413	1	1
k63_136930	554	778	-1	2
k63_19931	543	755	1	1
k63_19931	1169	1408	-1	2
k63_19931	1632	2228	1	3
k63_841130	3	353	-1	1
k63_841130	687	1406	-1	2
k63_841130	1450	2220	-1	3
k63_841130	2262	3440	-1	4
k63_841130	3446	4324	-1	5
k63_841130	4608	7280	-1	6
k63_841130	7505	8617	-1	7
k63_841130	8658	9362	-1	8
k63_841130	9334	10089	-1	9
k63_841130	10523	10648	1	10
k63_1074039	2	1252	-1	1
k63_1074039	1920	4943	1	2
k63_1074039	4927	5229	1	3
k63_246986	35	2578	1	1
k63_489839	255	689	-1	1
k63_489839	780	2123	-1	2
k63_489839	2129	3403	-1	3
k63_489839	3615	3815	-1	4
k63_489839	3965	4726	1	5
k63_1183445	1	825	-1	1
k63_1183445	1109	2062	1	2
k63_1541855	2	685	1	1
k63_1541855	701	1432	-1	2
k63_1541855	1526	1816	-1	3
k63_1541855	1884	4688	-1	4
k63_1541855	4720	5631	-1	5
k63_1417266	380	1195	1	1
k63_1417266	1513	1635	1	2
k63_1417266	2008	3192	-1	3
k63_1417266	3236	3640	-1	4
k63_600042	1	672	-1	1
k63_600042	1151	4354	1	2
k63_600042	4358	5836	1	3
k63_600042	6098	7030	1	4
k63_600042	7205	7675	1	5
k63_373078	153	1163	-1	1
k63_373078	1359	1682	1	2
k63_373078	1790	2071	1	3
k63_373078	2037	2366	-1	4
k63_373078	2560	2805	1	5
k63_373078	2802	3215	1	6
k63_373078	3437	4807	1	7
k63_490284	199	1068	1	1
k63_490284	1065	1925	1	2
k63_490284	1922	2719	1	3
k63_490284	2821	3510	1	4
k63_490284	3532	4743	1	5
k63_717987	3	806	-1	1
k63_717987	966	1559	-1	2
k63_600340	137	349	-1	1
k63_600340	396	1049	-1	2
k63_600340	1113	1379	-1	3
k63_600340	1488	1925	-1	4
k63_600340	1912	2172	-1	5
k63_600340	2360	3001	-1	6
k63_600340	3187	3384	-1	7
k63_600340	3671	4711	1	8
k63_600340	4712	6253	-1	9
k63_600340	6259	7167	-1	10
k63_21114	65	1558	1	1
k63_21114	1603	1839	-1	2
k63_600420	140	1924	1	1
k63_600420	2038	3081	-1	2
k63_600420	3110	4144	-1	3
k63_373707	342	1856	-1	1
k63_373707	1994	2797	-1	2
k63_373707	2870	3685	-1	3
k63_373707	3816	4049	-1	4
k63_373707	4058	4717	-1	5
k63_373707	4728	5075	-1	6
k63_373707	5157	5453	-1	7
k63_373707	5560	5691	-1	8
k63_373707	5721	7025	-1	9
k63_373707	7304	8572	-1	10
k63_958001	2	964	-1	1
k63_958001	961	2259	-1	2
k63_958001	2687	3658	-1	3
k63_1655226	29	304	-1	1
k63_1655226	341	1417	-1	2
k63_1655226	1625	5203	-1	3
k63_1655226	5258	5749	-1	4
k63_1655226	6077	7087	-1	5
k63_1655226	7163	8335	-1	6
k63_600475	469	1878	-1	1
k63_1542890	147	950	1	1
k63_1542890	1069	1311	1	2
k63_1542890	1311	1862	1	3
k63_247712	1	1581	1	1
k63_247753	69	494	-1	1
k63_247753	503	907	-1	2
k63_247753	1326	1466	1	3
k63_247753	1463	1756	1	4
k63_247753	2374	2658	1	5
k63_247753	2645	2944	1	6
k63_247753	3919	4224	1	7
k63_247753	4306	5040	-1	8
k63_247753	6055	6630	1	9
k63_247753	6627	7202	1	10
k63_247753	7229	7336	1	11
k63_1417848	2	922	-1	1
k63_1417848	1061	2500	-1	2
k63_1417848	2598	4823	-1	3
k63_138545	3	812	-1	1
k63_138545	900	1955	-1	2
k63_247947	345	3155	1	1
k63_247947	3185	3343	-1	2
k63_247947	3819	4637	1	3
k63_247947	4697	5125	1	4
k63_491348	158	718	-1	1
k63_491348	750	2096	-1	2
k63_491348	2645	4267	-1	3
k63_958566	3	209	-1	1
k63_958566	302	901	-1	2
k63_958566	1049	1666	1	3
k63_958566	1905	2105	1	4
k63_1543468	2	109	-1	1
k63_1543468	167	1387	-1	2
k63_1543468	1464	1829	1	3
k63_1543468	1846	2280	1	4
k63_1075479	240	1001	-1	1
k63_1075479	1326	3206	1	2
k63_1075479	3387	4448	1	3
k63_1075479	4584	5153	1	4
k63_1655686	144	2102	1	1
k63_1655686	2118	3854	1	2
k63_1655686	3851	6052	1	3
k63_1655686	6131	6286	1	4
k63_1184395	1	999	-1	1
k63_1184395	1107	3653	-1	2
k63_1184395	3665	4450	-1	3
k63_1184395	4772	5464	1	4
k63_1184395	5596	7857	1	5
k63_1184395	7854	8360	1	6
k63_1184395	8362	8802	1	7
k63_1184395	9085	9864	-1	8
k63_1184395	10083	12254	1	9
k63_491659	3	233	1	1
k63_491659	417	1790	1	2
k63_958850	255	1835	-1	1
k63_1655830	248	2011	-1	1
k63_1418422	3	155	1	1
k63_1418422	200	1813	-1	2
k63_1418422	1900	3132	1	3
k63_248425	341	1297	1	1
k63_248425	1393	2163	1	2
k63_248425	2158	3804	-1	3
k63_1075711	219	5465	1	1
k63_1075711	5480	6226	1	2
k63_139462	469	1767	1	1
k63_139462	2015	2239	1	2
k63_139462	2358	3218	1	3
k63_139462	3345	4160	1	4
k63_139462	4561	5403	1	5
k63_139462	5606	7156	-1	6
k63_139462	7546	7986	-1	7
k63_719100	2	493	1	1
k63_719100	556	1701	1	2
k63_139744	393	2798	-1	1
k63_1306933	122	1207	-1	1
k63_1306933	1265	3535	-1	2
k63_1306933	3602	4414	-1	3
k63_1544492	3	1916	-1	1
k63_1544492	2082	2162	-1	2
k63_22823	3	1391	-1	1
k63_22823	1565	2902	-1	2
k63_22823	2923	4176	-1	3
k63_22823	4186	4302	-1	4
k63_22823	4309	4677	-1	5
k63_22908	1	1011	1	1
k63_22908	1039	2517	-1	2
k63_22908	2774	3820	1	3
k63_719254	2	2212	1	1
k63_249247	120	485	1	1
k63_249247	569	1822	-1	2
k63_249247	1875	2432	-1	3
k63_249247	2676	3893	-1	4
k63_601581	172	1440	1	1
k63_601581	1730	2089	1	2
k63_601581	2544	2996	1	3
k63_23161	2	1138	1	1
k63_23161	1366	1638	1	2
k63_23161	2004	2312	-1	3
k63_1307298	1	252	-1	1
k63_1307298	266	1234	-1	2
k63_1307298	1336	1965	-1	3
k63_140406	153	791	1	1
k63_140406	909	1601	1	2
k63_140406	1570	1998	1	3
k63_140406	2507	3397	1	4
k63_1545414	3	797	-1	1
k63_1545414	915	2336	1	2
k63_1545414	2333	2794	-1	3
k63_376303	1	546	1	1
k63_376303	682	1830	1	2
k63_376303	2101	2271	1	3
k63_1656931	3	2201	-1	1
k63_1545684	2	679	-1	1
k63_1545684	905	1216	-1	2
k63_1545684	1677	1994	-1	3
k63_1545684	1987	2361	-1	4
k63_1545684	2763	3710	1	5
k63_1419562	1	447	1	1
k63_1419562	1347	1769	1	2
k63_1419602	295	1836	-1	1
k63_1419602	1833	2612	-1	2
k63_1419602	2609	3466	-1	3
k63_1419602	3633	5822	-1	4
k63_1419602	6101	7453	1	5
k63_1419602	7453	7740	1	6
k63_1419602	7768	8619	-1	7
k63_1657124	619	1752	-1	1
k63_1657124	2012	3142	1	2
k63_1657124	3200	3988	-1	3
k63_1419781	2	685	1	1
k63_1419781	1054	1968	-1	2
k63_376960	3	137	-1	1
k63_376960	645	1142	1	2
k63_376960	1353	1613	1	3
k63_376960	1690	1938	1	4
k63_376960	2092	2379	1	5
k63_376960	2388	3407	1	6
k63_250252	1	480	1	1
k63_250252	586	2208	1	2
k63_250252	2228	3814	-1	3
k63_250252	3851	5437	-1	4
k63_250252	5815	6267	1	5
k63_141528	624	1382	-1	1
k63_1657342	134	346	1	1
k63_1657342	575	1927	-1	2
k63_1657342	2076	2543	-1	3
k63_602190	1	432	1	1
k63_602190	602	799	1	2
k63_602190	809	1489	1	3
k63_602190	1750	2088	1	4
k63_602190	2081	3763	1	5
k63_602190	3783	4871	-1	6
k63_602190	4910	5371	-1	7
k63_602190	5368	6324	-1	8
k63_602190	6532	6990	1	9
k63_377134	16	396	-1	1
k63_377134	476	952	-1	2
k63_377134	952	1206	-1	3
k63_377134	1504	1974	1	4
k63_377134	1978	4314	1	5
k63_377134	4311	5168	1	6
k63_377134	5165	5611	1	7
k63_1657457	228	1226	-1	1
k63_1657457	1254	2219	-1	2
k63_1657457	2239	3219	-1	3
k63_1657457	3289	4077	-1	4
k63_377154	352	642	1	1
k63_377154	900	1880	-1	2
k63_377154	1941	3719	-1	3
k63_377154	3750	4799	1	4
k63_377154	4962	7604	1	5
k63_377154	7710	8444	-1	6
k63_377154	8552	8959	-1	7
k63_377154	9032	9751	-1	8
k63_377154	10010	11116	-1	9
k63_377154	11130	12029	-1	10
k63_377154	12132	12296	1	11
k63_1657503	29	1651	1	1
k63_1657503	1750	1956	1	2
k63_1657503	1970	2200	1	3
k63_1657503	2173	3018	1	4
k63_1657503	3005	3547	1	5
k63_377175	1	60	-1	1
k63_377175	88	2193	-1	2
k63_377175	2292	2762	-1	3
k63_377175	2836	3207	-1	4
k63_377175	3372	3929	-1	5
k63_377175	3933	4649	-1	6
k63_377175	4666	5313	-1	7
k63_377175	5784	6593	-1	8
k63_377175	6618	7013	-1	9
k63_377175	7042	7476	-1	10
k63_377175	7965	9764	1	11
k63_377175	10039	10848	-1	12
k63_377175	10848	11513	-1	13
k63_377175	11618	13633	-1	14
k63_377175	13670	14878	-1	15
k63_1420150	3	119	-1	1
k63_1420150	393	1091	1	2
k63_1420150	1106	1483	1	3
k63_1420150	1485	1661	1	4
k63_1420150	1677	2840	-1	5
k63_1420150	3033	4229	-1	6
k63_1420150	4204	5094	-1	7
k63_377640	6	2681	-1	1
k63_377640	3771	4646	1	2
k63_1546989	491	886	-1	1
k63_1546989	886	1167	-1	2
k63_1546989	1240	2772	-1	3
k63_1546989	2795	3391	-1	4
k63_1546989	3562	4002	1	5
k63_1547021	61	435	-1	1
k63_1547021	601	1551	1	2
k63_1547021	1630	3777	1	3
k63_1547021	3792	4817	1	4
k63_1547021	4911	5678	-1	5
k63_1547021	5791	6585	-1	6
k63_1547021	6619	7407	-1	7
k63_1547021	7386	7508	-1	8
k63_1547021	7505	7687	-1	9
k63_1547021	8120	8470	-1	10
k63_251254	1	1833	-1	1
k63_251254	2013	3521	-1	2
k63_251254	3518	3889	-1	3
k63_251254	3879	4319	-1	4
k63_251254	4316	4609	-1	5
k63_251254	4606	4851	-1	6
k63_251254	4851	5186	-1	7
k63_251254	5399	5659	-1	8
k63_251254	5659	6195	-1	9
k63_251254	6485	7390	1	10
k63_251254	7387	8652	1	11
k63_251254	8690	9697	1	12
k63_251254	9713	10069	-1	13
k63_251254	10316	11599	1	14
k63_1186642	1	1338	1	1
k63_1186672	3	1073	1	1
k63_1186672	1102	1299	-1	2
k63_1186672	1412	2431	1	3
k63_251640	1	402	-1	1
k63_251640	516	2024	-1	2
k63_378482	210	1154	1	1
k63_378482	1180	3021	-1	2
k63_378482	3041	3817	-1	3
k63_378482	4218	4394	1	4
k63_26032	118	486	-1	1
k63_26032	604	1590	-1	2
k63_26032	1621	1968	-1	3
k63_1420833	402	797	-1	1
k63_1420833	863	1816	-1	2
k63_1420833	2084	3268	-1	3
k63_1420833	3897	4886	1	4
k63_26168	201	1442	-1	1
k63_26168	1533	1778	-1	2
k63_26168	2025	2765	-1	3
k63_26168	2778	3722	-1	4
k63_26168	3998	4180	-1	5
k63_26168	4208	4744	-1	6
k63_1309088	2	262	-1	1
k63_1309088	454	657	1	2
k63_1309088	807	1835	-1	3
k63_1309088	2030	2728	-1	4
k63_1309088	2825	3391	-1	5
k63_496286	481	846	-1	1
k63_496286	1478	1768	-1	2
k63_496286	2708	3742	1	3
k63_496286	3896	5041	1	4
k63_496286	5038	5217	1	5
k63_496286	5304	6131	-1	6
k63_847527	268	714	1	1
k63_847527	746	1870	-1	2
k63_847540	400	1830	1	1
k63_847540	2022	2711	1	2
k63_847540	2729	3388	-1	3
k63_847540	3390	4082	-1	4
k63_847540	4202	4507	-1	5
k63_847540	4511	5302	-1	6
k63_847540	5388	6602	-1	7
k63_847540	6599	7249	-1	8
k63_379145	365	1489	-1	1
k63_379145	1677	2003	1	2
k63_379145	2062	2304	1	3
k63_379145	2320	4734	1	4
k63_379145	4731	5588	1	5
k63_379145	5598	6929	1	6
k63_379145	6926	7846	1	7
k63_379145	7859	8851	1	8
k63_379145	8848	9507	1	9
k63_379145	9536	10510	1	10
k63_379145	11182	12351	1	11
k63_847548	224	1705	1	1
k63_847548	1680	3083	1	2
k63_847548	3183	4322	1	3
k63_847548	4394	5752	1	4
k63_847548	5822	6913	1	5
k63_847548	6997	8127	1	6
k63_847548	8245	9669	1	7
k63_847548	9666	10568	1	8
k63_847548	10624	11862	1	9
k63_847548	12155	13342	1	10
k63_252386	1	135	-1	1
k63_252386	296	1270	1	2
k63_252386	1444	1866	1	3
k63_252386	1872	2195	1	4
k63_252386	2402	2494	1	5
k63_847915	3	254	-1	1
k63_847915	254	1561	-1	2
k63_847915	1572	1853	-1	3
k63_496869	98	1471	-1	1
k63_496869	1461	2033	-1	2
k63_848101	115	306	-1	1
k63_848101	555	1877	1	2
k63_848101	2579	2857	1	3
k63_848101	2864	3133	1	4
k63_848101	3213	4217	-1	5
k63_848101	4387	5052	-1	6
k63_848101	5059	5541	-1	7
k63_848101	5727	6173	-1	8
k63_252829	1	129	1	1
k63_252829	152	3046	-1	2
k63_252829	3043	3756	-1	3
k63_252829	3885	5519	-1	4
k63_1309775	215	2170	-1	1
k63_604112	496	732	-1	1
k63_604112	1256	1840	1	2
k63_604112	1872	5747	1	3
k63_604112	6309	7073	1	4
k63_604112	7111	7890	1	5
k63_604112	7927	8052	-1	6
k63_604112	8230	8850	1	7
k63_721869	17	310	-1	1
k63_721869	409	1374	-1	2
k63_721869	1773	2417	1	3
k63_1188198	92	1090	-1	1
k63_1188198	1184	2419	-1	2
k63_1188198	2495	3502	-1	3
k63_253497	2	853	1	1
k63_253497	903	1856	-1	2
k63_253497	2041	2934	1	3
k63_253497	3077	3367	1	4
k63_253497	3743	5425	1	5
k63_253497	5439	5735	-1	6
k63_1659540	294	743	-1	1
k63_1659540	746	2296	-1	2
k63_1659540	2350	3678	-1	3
k63_1659540	3981	4163	1	4
k63_849324	711	1892	-1	1
k63_849324	1906	2922	-1	2
k63_849324	3192	4682	-1	3
k63_849324	4692	7919	-1	4
k63_145445	265	2439	1	1
k63_145445	2555	2959	1	2
k63_28350	2	1165	1	1
k63_28350	1341	2132	-1	2
k63_28350	2149	4248	-1	3
k63_1659642	66	1442	-1	1
k63_1659642	1528	3807	-1	2
k63_1659646	382	1155	1	1
k63_1659646	1152	2042	1	2
k63_1659646	2064	2900	1	3
k63_498359	10	1530	-1	1
k63_498359	1588	2391	-1	2
k63_1422498	337	1974	1	1
k63_1422498	2056	3729	1	2
k63_1422602	2	793	1	1
k63_1422602	879	2210	1	2
k63_1422602	2318	2959	1	3
k63_146077	567	1199	-1	1
k63_146077	1201	2022	-1	2
k63_146077	2568	2930	1	3
k63_1188976	631	1857	-1	1
k63_1188976	1910	2527	-1	2
k63_1188976	2534	3160	-1	3
k63_1188976	3181	3963	-1	4
k63_1188976	3953	5176	-1	5
k63_1188976	5176	6624	-1	6
k63_254845	329	1222	1	1
k63_605304	505	1395	-1	1
k63_605304	1409	3802	-1	2
k63_605304	3863	4621	-1	3
k63_605304	4936	6837	-1	4
k63_605304	6945	8660	-1	5
k63_605304	8724	9929	-1	6
k63_1551194	62	193	1	1
k63_1551194	307	1194	1	2
k63_1551194	1157	1342	1	3
k63_1551194	1367	2005	-1	4
k63_1079950	423	1445	1	1
k63_1079950	1442	1948	1	2
k63_1079950	2071	2295	1	3
k63_1551326	61	1176	-1	1
k63_1551326	1282	1449	-1	2
k63_1551326	1627	2223	1	3
k63_1551326	2216	3619	1	4
k63_1189456	12	698	-1	1
k63_1189456	833	2032	-1	2
k63_1311486	3	479	1	1
k63_1311486	957	1841	1	2
k63_499844	2	883	1	1
k63_499844	880	1353	-1	2
k63_499844	1337	2146	-1	3
k63_255436	10	1437	-1	1
k63_255436	1434	2258	-1	2
k63_255436	2258	3283	-1	3
k63_255436	3342	4121	-1	4
k63_967264	178	1845	-1	1
k63_967264	1885	3264	-1	2
k63_967264	3358	4086	-1	3
k63_967264	4108	4866	-1	4
k63_967264	4902	6185	-1	5
k63_30496	118	1806	1	1
k63_500266	409	1440	1	1
k63_500266	1504	2325	1	2
k63_500266	2325	2819	1	3
k63_500266	2823	4703	1	4
k63_500266	4710	5804	1	5
k63_500266	6181	6783	1	6
k63_147927	3	182	1	1
k63_147927	215	541	1	2
k63_147927	1233	1463	1	3
k63_147927	1783	2481	1	4
k63_147927	2569	3840	1	5
k63_147927	3950	5332	-1	6
k63_147927	5382	6176	-1	7
k63_147927	6351	7007	1	8
k63_147927	7012	7650	1	9
k63_147927	7596	8219	-1	10
k63_147927	8405	9283	-1	11
k63_147927	9373	10290	1	12
k63_147927	10443	12041	1	13
k63_147927	12019	13014	1	14
k63_147927	13011	13379	-1	15
k63_147927	13802	14023	1	16
k63_147927	14197	14397	1	17
k63_147927	14595	15311	-1	18
k63_967829	150	1250	-1	1
k63_967829	1284	2846	-1	2
k63_967829	2933	4150	-1	3
k63_967829	4204	5205	-1	4
k63_967829	5494	7263	1	5
k63_967829	7266	8438	-1	6
k63_30827	147	1085	-1	1
k63_30827	1885	3264	1	2
k63_30827	3336	4265	1	3
k63_30827	4402	5343	-1	4
k63_30827	5905	7200	1	5
k63_30827	7291	7470	1	6
k63_30827	7650	8543	1	7
k63_968107	3	137	-1	1
k63_968107	510	1706	1	2
k63_968107	1771	2949	1	3
k63_968107	2946	3056	1	4
k63_968107	3016	3843	1	5
k63_968107	3895	4671	1	6
k63_968107	4668	6068	1	7
k63_968107	6525	7685	1	8
k63_968107	7981	8100	1	9
k63_31038	20	2584	-1	1
k63_31038	2625	2972	-1	2
k63_31038	3223	3357	1	3
k63_31038	3394	5826	-1	4
k63_1424224	3	2387	-1	1
k63_1424224	2558	3661	1	2
k63_31042	320	1525	1	1
k63_31114	384	1496	1	1
k63_31114	1870	4905	1	2
k63_31114	4937	6412	1	3
k63_31114	6526	6735	-1	4
k63_31114	6860	7642	-1	5
k63_31114	7639	8400	-1	6
k63_1312562	2	934	-1	1
k63_1312562	1249	1626	-1	2
k63_1312562	1629	1886	-1	3
k63_501625	424	855	1	1
k63_501625	999	2336	1	2
k63_501625	2333	3805	1	3
k63_501625	3817	6921	1	4
k63_501625	6957	7724	1	5
k63_501628	199	2424	-1	1
k63_501628	2523	5615	-1	2
k63_501628	5659	6912	-1	3
k63_501628	6939	8267	-1	4
k63_501628	8466	10235	-1	5
k63_969016	3	3080	-1	1
k63_969016	3090	4565	-1	2
k63_969016	4510	5145	-1	3
k63_969016	5299	6216	-1	4
k63_969016	6398	6661	1	5
k63_969016	7011	7259	1	6
k63_1662032	872	2110	1	1
k63_1424846	417	1178	1	1
k63_1424846	1226	2026	1	2
k63_502025	138	386	1	1
k63_502025	395	808	1	2
k63_502025	840	2324	1	3
k63_502025	2427	3938	-1	4
k63_502025	4002	6302	-1	5
k63_32089	1	579	1	1
k63_32089	715	1881	1	2
k63_32089	1978	3669	1	3
k63_32089	3774	4109	-1	4
k63_32089	4474	5967	1	5
k63_1424937	3	932	-1	1
k63_1424937	1132	1965	1	2
k63_1191114	3	164	-1	1
k63_1191114	161	403	-1	2
k63_1191114	400	1815	-1	3
k63_1191114	2159	2449	1	4
k63_1191114	2598	3689	1	5
k63_1191114	3807	4931	1	6
k63_1191114	5548	8802	-1	7
k63_1191114	9111	10376	-1	8
k63_1191114	10393	10758	-1	9
k63_1191114	11049	12374	-1	10
k63_1554392	72	1091	-1	1
k63_1554392	1293	2057	-1	2
k63_1554392	2170	2634	-1	3
k63_1554392	2645	3967	-1	4
k63_1554392	4117	4665	1	5
k63_1554392	4694	5377	1	6
k63_1554392	5459	6532	1	7
k63_1554392	6556	7365	-1	8
k63_1554392	7658	8479	1	9
k63_1554392	8522	9184	1	10
k63_607567	3	2438	1	1
k63_607567	2435	3784	1	2
k63_607567	3912	5006	1	3
k63_607567	5126	6622	1	4
k63_607567	6615	7874	-1	5
k63_607567	8002	8991	1	6
k63_607567	9009	9560	-1	7
k63_607567	9893	11257	1	8
k63_1313328	786	1802	1	1
k63_1313328	1799	2500	1	2
k63_1313328	2630	4162	1	3
k63_854451	1	213	1	1
k63_854451	632	1126	1	2
k63_854451	1123	2499	1	3
k63_854451	2814	2897	1	4
k63_150915	110	955	-1	1
k63_150915	1404	2297	1	2
k63_608138	211	1044	1	1
k63_608138	1133	1327	1	2
k63_608138	1405	2340	-1	3
k63_608138	2755	3459	-1	4
k63_608138	3584	4315	-1	5
k63_608138	4387	4779	1	6
k63_608138	4874	5980	1	7
k63_608138	5974	6699	1	8
k63_608138	6981	9500	1	9
k63_608138	9500	10951	1	10
k63_608138	11123	11632	-1	11
k63_608138	11787	12335	1	12
k63_855089	281	1213	-1	1
k63_855089	1210	3132	-1	2
k63_855089	3132	5234	-1	3
k63_1192115	2	286	-1	1
k63_1192115	504	1466	-1	2
k63_1192115	1493	2287	-1	3
k63_1192115	2298	2801	-1	4
k63_1192115	2856	5699	-1	5
k63_1192115	6019	7386	1	6
k63_1192115	7395	8180	-1	7
k63_1192115	8238	9110	-1	8
k63_1192115	9145	9318	1	9
k63_1192115	9687	11330	-1	10
k63_1192115	11656	13314	1	11
k63_1555868	1	189	-1	1
k63_1555868	186	1640	-1	2
k63_259332	1	240	1	1
k63_259332	429	1553	1	2
k63_259332	1544	2332	1	3
k63_259332	2448	4010	1	4
k63_259332	4036	4203	1	5
k63_259486	155	466	1	1
k63_259486	596	1126	1	2
k63_259486	1170	1349	1	3
k63_259486	1328	1537	1	4
k63_259486	1744	2340	1	5
k63_1192430	3	116	-1	1
k63_1192430	61	633	-1	2
k63_1192430	1027	1566	1	3
k63_1192430	1550	2587	-1	4
k63_1192430	2597	3925	-1	5
k63_1192430	3957	5057	-1	6
k63_1192430	5225	5416	1	7
k63_1192430	5451	5837	-1	8
k63_1192430	5861	8011	-1	9
k63_152045	1	297	1	1
k63_152045	310	3612	1	2
k63_152143	1	480	1	1
k63_152143	429	1382	-1	2
k63_152143	1382	1948	-1	3
k63_152143	2605	3603	1	4
k63_972497	3	2558	-1	1
k63_972497	2667	3416	-1	2
k63_972497	3581	5833	1	3
k63_972497	6156	6641	1	4
k63_972497	6638	6997	1	5
k63_34722	1	831	1	1
k63_34722	825	2039	1	2
k63_1426640	486	1349	1	1
k63_1426640	2167	2535	1	2
k63_1426640	2779	4092	1	3
k63_1426640	4169	4846	-1	4
k63_1426640	4918	6018	-1	5
k63_1426640	6160	7605	1	6
k63_1426640	7602	8933	1	7
k63_1426640	9410	10045	1	8
k63_856092	95	3325	-1	1
k63_856092	3356	4540	-1	2
k63_856092	4594	6009	-1	3
k63_856092	6006	6686	-1	4
k63_856092	6746	7339	-1	5
k63_856092	7483	9237	1	6
k63_260037	2	139	1	1
k63_260037	107	1066	-1	2
k63_260037	1333	1515	1	3
k63_609345	1	711	-1	1
k63_609345	833	1150	-1	2
k63_609345	1380	1907	-1	3
k63_1427041	2	550	1	1
k63_1427041	654	1229	1	2
k63_1427041	1239	2519	-1	3
k63_1427041	2767	3063	1	4
k63_1427041	3607	4395	1	5
k63_1427041	4627	5319	1	6
k63_1427041	5433	5720	1	7
k63_1427041	5775	6041	1	8
k63_1427041	6276	6704	1	9
k63_1427041	6759	8054	1	10
k63_1427041	8391	10346	1	11
k63_1427041	10409	10594	1	12
k63_1427041	11324	12859	-1	13
k63_1427041	13057	13419	1	14
k63_1427041	14036	14305	1	15
k63_1427041	14578	15702	-1	16
k63_1427041	16109	16261	1	17
k63_1664329	3	266	-1	1
k63_1664329	280	1101	-1	2
k63_1664329	1135	4677	-1	3
k63_1664329	4876	6099	1	4
k63_1664329	6486	7634	1	5
k63_1664329	7740	8495	1	6
k63_1664329	8505	9623	-1	7
k63_1664329	9754	10485	-1	8
k63_1664329	10500	11945	-1	9
k63_1664329	12518	13360	1	10
k63_1557917	118	1608	-1	1
k63_1557917	1709	2692	-1	2
k63_1557917	2777	3328	-1	3
k63_1557917	3385	4218	-1	4
k63_1557917	4230	5825	-1	5
k63_1557917	5822	7567	-1	6
k63_1557917	7582	9705	-1	7
k63_1557917	9908	10837	-1	8
k63_1557917	11004	12227	-1	9
k63_1557917	12297	15062	1	10
k63_153769	93	2465	-1	1
k63_857754	296	1591	-1	1
k63_857754	1593	1886	-1	2
k63_1558410	267	1355	1	1
k63_1558410	1469	2281	1	2
k63_1558446	548	841	-1	1
k63_1558446	867	1118	-1	2
k63_1558446	1121	3175	-1	3
k63_1558446	3197	4219	-1	4
k63_727705	329	1381	1	1
k63_727705	1374	1991	1	2
k63_610373	1	2100	1	1
k63_1427904	1	1785	-1	1
k63_1427922	2	292	-1	1
k63_1427922	380	883	-1	2
k63_1427922	895	1188	-1	3
k63_1427922	1486	2283	-1	4
k63_1427922	2306	2440	-1	5
k63_1194004	306	2492	1	1
k63_1194004	2616	3755	1	2
k63_1194004	3772	4275	-1	3
k63_1194004	4306	5604	-1	4
k63_1194004	6114	7607	-1	5
k63_1194004	7881	11243	1	6
k63_1194004	11240	12049	1	7
k63_1194004	12548	13564	1	8
k63_1194004	13637	14809	1	9
k63_1194004	14885	15934	1	10
k63_1194004	15971	16846	1	11
k63_1194004	16881	18155	1	12
k63_1194004	18255	18758	1	13
k63_1194004	18955	20370	1	14
k63_727843	1	2502	1	1
k63_974611	285	698	-1	1
k63_974611	865	2133	-1	2
k63_974611	2126	3295	-1	3
k63_974611	3292	6126	-1	4
k63_974611	6194	6352	-1	5
k63_974611	6661	6882	1	6
k63_974611	6826	7047	-1	7
k63_974611	7172	8518	-1	8
k63_1316279	3	221	-1	1
k63_1316279	356	1108	-1	2
k63_1316279	1126	1257	-1	3
k63_1316279	1291	1488	1	4
k63_154733	557	1456	1	1
k63_154733	1466	2797	-1	2
k63_154733	3065	5047	1	3
k63_154733	5068	6084	1	4
k63_610797	3	74	-1	1
k63_610797	114	1304	-1	2
k63_155017	969	1928	1	1
k63_155017	1915	2727	1	2
k63_1316917	3	656	-1	1
k63_1316917	661	1563	-1	2
k63_1316917	1573	2409	-1	3
k63_1316917	2419	3663	-1	4
k63_1316917	3663	4793	-1	5
k63_1316917	4798	6615	-1	6
k63_1316917	6612	6980	-1	7
k63_1316917	6980	7399	-1	8
k63_1316917	7620	11108	-1	9
k63_1316917	11219	13315	-1	10
k63_1316917	13347	14267	-1	11
k63_156075	3	98	-1	1
k63_156075	275	1627	1	2
k63_156075	1837	2274	1	3
k63_156075	2363	3889	1	4
k63_156075	3920	4870	1	5
k63_156075	5255	6808	1	6
k63_156075	6853	7635	1	7
k63_156075	7800	8573	1	8
k63_156075	8648	9604	1	9
k63_611520	417	1685	1	1
k63_611520	1951	3354	1	2
k63_611520	3386	3640	-1	3
k63_611520	3897	4913	-1	4
k63_611520	5019	5654	-1	5
k63_263454	92	1843	-1	1
k63_38303	186	1292	1	1
k63_38303	1449	2021	1	2
k63_38303	2137	3159	1	3
k63_38303	3152	3664	1	4
k63_38303	3661	4731	1	5
k63_1195545	2	232	1	1
k63_1195545	283	897	1	2
k63_1195545	963	1394	-1	3
k63_1195545	1689	1979	-1	4
k63_1195545	2007	2420	-1	5
k63_1195545	2568	2924	-1	6
k63_1195545	3185	4096	-1	7
k63_1195545	4625	5830	1	8
k63_1195545	5846	6889	1	9
k63_1195545	6950	8287	1	10
k63_1195545	8284	8496	1	11
k63_1667083	77	2092	1	1
k63_977827	2	817	1	1
k63_977827	1321	1710	-1	2
k63_977827	1703	1930	-1	3
k63_977827	2122	2187	1	4
k63_861223	80	1729	1	1
k63_861223	1874	3028	1	2
k63_861223	3147	3794	1	3
k63_861223	3911	5905	1	4
k63_861223	6092	8359	1	5
k63_861223	8370	8948	1	6
k63_861223	8968	10053	-1	7
k63_861230	2	139	1	1
k63_861230	424	984	1	2
k63_861230	1030	2460	-1	3
k63_861230	2499	4727	-1	4
k63_510644	269	1273	-1	1
k63_510644	1320	2609	-1	2
k63_510644	2626	3522	-1	3
k63_510644	3757	4791	1	4
k63_1086543	587	1930	-1	1
k63_1086543	2016	3902	1	2
k63_1086543	3910	6138	1	3
k63_861480	3	80	-1	1
k63_861480	83	1447	-1	2
k63_861480	1493	2752	-1	3
k63_861480	2812	3555	-1	4
k63_861480	3678	4145	-1	5
k63_861480	4442	5797	-1	6
k63_861480	5873	7237	-1	7
k63_511184	494	784	1	1
k63_511184	823	1602	1	2
k63_511184	1635	2663	1	3
k63_511184	2898	3416	1	4
k63_511184	3530	4333	1	5
k63_511184	4330	5715	-1	6
k63_511184	5712	6011	-1	7
k63_511184	6021	7157	-1	8
k63_1318793	1	279	1	1
k63_1318793	708	1952	1	2
k63_1318793	2051	2977	1	3
k63_1318793	3038	4123	-1	4
k63_1318793	4164	5558	-1	5
k63_1318793	5721	6200	-1	6
k63_1318793	6348	7316	-1	7
k63_1318793	7466	7537	1	8
k63_40450	44	538	1	1
k63_40450	549	1049	1	2
k63_40450	1046	1351	1	3
k63_40450	1447	2937	1	4
k63_40450	2940	3647	-1	5
k63_40450	3644	5053	-1	6
k63_40450	5064	5927	-1	7
k63_40450	5990	6712	1	8
k63_40450	6724	7125	1	9
k63_40450	7140	8009	-1	10
k63_40450	8306	8500	1	11
k63_40450	8521	8733	1	12
k63_40450	8987	9226	1	13
k63_40450	9391	10131	1	14
k63_40450	10158	10640	1	15
k63_40450	10652	11410	1	16
k63_40450	11435	12028	1	17
k63_40450	12120	12965	-1	18
k63_1318840	19	1086	-1	1
k63_1318840	1487	2329	1	2
k63_1318840	2361	4583	-1	3
k63_1318840	4760	5632	-1	4
k63_1318840	5879	6784	1	5
k63_1318840	6880	6954	-1	6
k63_40910	1	186	1	1
k63_40910	303	1199	1	2
k63_265952	94	1836	-1	1
k63_265952	2128	3051	-1	2
k63_265952	3126	4934	-1	3
k63_1196856	3	83	-1	1
k63_1196856	401	1810	-1	2
k63_862535	3	848	1	1
k63_862535	921	2090	-1	2
k63_863342	3	725	1	1
k63_863342	785	2029	1	2
k63_863342	2498	3334	-1	3
k63_863342	3365	4456	-1	4
k63_863342	4529	5338	-1	5
k63_41832	2	625	1	1
k63_980307	161	868	1	1
k63_980307	841	2046	1	2
k63_980307	2199	3227	1	3
k63_980307	3273	3395	1	4
k63_980307	3482	4432	1	5
k63_980307	4372	4602	-1	6
k63_1563863	553	654	1	1
k63_1563863	700	2901	-1	2
k63_395266	95	580	-1	1
k63_395266	727	885	-1	2
k63_395266	908	1339	1	3
k63_980595	1	483	-1	1
k63_980595	453	1061	-1	2
k63_980595	1088	1936	-1	3
k63_980595	2145	3479	1	4
k63_980595	3630	3944	1	5
k63_980595	3948	4358	1	6
k63_980595	4496	4891	-1	7
k63_732191	70	1446	-1	1
k63_513817	3	365	1	1
k63_513817	654	1019	1	2
k63_513817	1075	1791	-1	3
k63_732260	161	1414	-1	1
k63_732260	1506	1799	1	2
k63_732260	1841	3082	-1	3
k63_732260	3394	6213	-1	4
k63_732260	6210	7010	-1	5
k63_732260	7266	7688	-1	6
k63_732260	7693	7953	-1	7
k63_160807	213	425	-1	1
k63_160807	1104	1703	1	2
k63_160807	2320	3786	-1	3
k63_160807	3866	4543	-1	4
k63_1431766	1	546	-1	1
k63_1431766	833	1843	1	2
k63_1669273	2	739	1	1
k63_1669273	1290	2540	1	2
k63_1669273	3284	3730	1	3
k63_1198395	192	1619	1	1
k63_1198395	1649	2185	1	2
k63_1198400	3	446	1	1
k63_1198400	830	2722	-1	2
k63_1198400	3807	4568	-1	3
k63_1198400	4742	5368	1	4
k63_1198400	5365	6207	1	5
k63_1565176	215	508	1	1
k63_1565176	511	1755	1	2
k63_268356	424	1515	1	1
k63_268356	1622	2746	1	2
k63_268356	2756	3064	1	3
k63_268356	3122	3577	1	4
k63_268356	3644	3808	-1	5
k63_514787	786	2030	-1	1
k63_514787	2496	3287	1	2
k63_514787	3387	4316	1	3
k63_514787	4388	4804	1	4
k63_514787	4983	5465	-1	5
k63_1321347	1	114	-1	1
k63_1321347	169	2193	1	2
k63_615532	343	2109	1	1
k63_615532	2153	2554	-1	2
k63_865451	2	631	1	1
k63_865451	712	1404	1	2
k63_865451	1404	1547	1	3
k63_865451	1597	2316	1	4
k63_865451	2270	3307	-1	5
k63_865451	3270	4706	-1	6
k63_865451	4691	6721	-1	7
k63_865451	6773	8218	-1	8
k63_865451	8264	8566	-1	9
k63_865451	8577	9005	-1	10
k63_615812	13	1638	-1	1
k63_397714	290	3784	1	1
k63_397714	3900	4673	1	2
k63_397714	4805	6070	1	3
k63_397714	6067	6261	-1	4
k63_44797	61	732	-1	1
k63_44797	716	1759	-1	2
k63_44797	1836	2096	-1	3
k63_44797	2110	2364	-1	4
k63_1322204	140	451	-1	1
k63_1322204	452	697	-1	2
k63_1322204	779	2110	-1	3
k63_1322204	2294	3901	-1	4
k63_1322204	3898	4896	-1	5
k63_1322204	4865	5653	-1	6
k63_1567002	3	74	-1	1
k63_1567002	147	1007	-1	2
k63_1567002	1145	1531	1	3
k63_1567002	1671	3485	-1	4
k63_1200068	1	75	1	1
k63_1200068	319	1893	-1	2
k63_1200068	2170	3114	1	3
k63_398748	3	104	-1	1
k63_398748	318	2327	-1	2
k63_398748	2314	3168	-1	3
k63_398748	3623	4537	1	4
k63_398748	4581	7034	1	5
k63_616627	3	482	-1	1
k63_616627	851	1807	1	2
k63_1200327	211	1041	1	1
k63_1200327	1027	1212	-1	2
k63_1200327	1362	2150	-1	3
k63_1200420	224	973	-1	1
k63_1200420	1064	1810	-1	2
k63_1200420	2106	2714	1	3
k63_1200420	2794	3654	1	4
k63_1200420	3651	4580	1	5
k63_1200420	4996	5685	1	6
k63_1200420	5689	6156	1	7
k63_1200420	6846	8834	1	8
k63_1200420	8831	13489	-1	9
k63_1200420	13486	13812	-1	10
k63_1200420	14036	14350	1	11
k63_1322919	2	124	1	1
k63_1322919	171	1325	1	2
k63_1322919	1503	1820	-1	3
k63_734748	498	758	1	1
k63_734748	755	1156	1	2
k63_734748	1339	1770	1	3
k63_734748	1869	3899	1	4
k63_734748	3886	4437	1	5
k63_734748	4506	4877	1	6
k63_734748	4996	6123	1	7
k63_46053	3	416	-1	1
k63_46053	555	1436	-1	2
k63_46053	1835	2317	-1	3
k63_46053	2394	3731	-1	4
k63_164003	70	1251	1	1
k63_164003	1560	2024	-1	2
k63_46197	414	1436	1	1
k63_46197	1474	1902	1	2
k63_46197	1899	3179	1	3
k63_46197	3196	4170	1	4
k63_46197	4257	4892	1	5
k63_46197	4889	5938	-1	6
k63_46197	5951	7000	-1	7
k63_46197	7023	7112	1	8
k63_164201	1	1941	1	1
k63_164201	1986	2114	1	2
k63_164201	2200	5736	1	3
k63_164201	5886	6479	1	4
k63_1323174	60	554	-1	1
k63_1323174	567	944	-1	2
k63_1323174	1432	3006	1	3
k63_1323174	3075	3722	1	4
k63_1323174	3778	4722	1	5
k63_1323174	4802	5884	1	6
k63_1323174	6007	6699	1	7
k63_1323174	6724	7839	1	8
k63_1323174	8025	8915	1	9
k63_1323174	8989	9177	1	10
k63_1568112	179	1495	-1	1
k63_1568112	1525	2307	-1	2
k63_1568112	2507	3298	1	3
k63_1568112	3487	3642	1	4
k63_1568112	3667	4452	1	5
k63_1568112	4521	5348	1	6
k63_1568112	5515	6123	1	7
k63_517718	110	1333	1	1
k63_517718	1390	2592	1	2
k63_734942	259	591	1	1
k63_734942	716	1681	1	2
k63_734942	1832	2959	1	3
k63_734942	2972	3619	1	4
k63_734942	3674	4855	1	5
k63_734942	4884	5933	-1	6
k63_734942	5956	6318	-1	7
k63_734942	6884	8719	1	8
k63_734942	9051	9995	-1	9
k63_734942	10237	10596	1	10
k63_734942	11274	11870	1	11
k63_734942	11960	12853	-1	12
k63_734942	12868	13281	-1	13
k63_734942	13278	13529	-1	14
k63_734942	13550	14128	-1	15
k63_734942	14160	14798	-1	16
k63_46469	3	296	1	1
k63_46469	671	2131	1	2
k63_1434018	3	467	-1	1
k63_1434018	517	2220	-1	2
k63_1434018	2347	3921	-1	3
k63_1434018	3918	5123	-1	4
k63_1434018	5808	6563	1	5
k63_1434018	6879	8057	-1	6
k63_1434018	8296	8547	-1	7
k63_1434021	280	1293	-1	1
k63_1091263	233	1639	1	1
k63_1091263	1826	2332	1	2
k63_1434024	17	835	1	1
k63_1434024	935	2071	-1	2
k63_1434024	2148	4022	-1	3
k63_1434024	4052	5509	-1	4
k63_1434024	5671	6711	1	5
k63_1434024	7095	7991	-1	6
k63_1434024	7988	8209	-1	7
k63_1434024	8273	8854	-1	8
k63_1434024	8906	10165	-1	9
k63_1091363	3	1133	-1	1
k63_1091363	1272	1631	-1	2
k63_1091363	1585	1971	-1	3
k63_271420	180	2819	1	1
k63_271420	2816	3799	1	2
k63_165118	112	1179	-1	1
k63_165118	1284	2333	1	2
k63_1323883	3	419	1	1
k63_1323883	434	1195	1	2
k63_1323883	1372	1587	1	3
k63_1323883	2495	3826	1	4
k63_519251	3	92	1	1
k63_519251	222	2453	1	2
k63_519251	2490	2942	1	3
k63_272372	2	1156	1	1
k63_272372	1317	2360	1	2
k63_401116	209	1714	-1	1
k63_401116	1780	1887	1	2
k63_166524	3	1856	1	1
k63_166524	1926	2822	1	2
k63_166524	2873	3508	1	3
k63_166524	3498	3734	1	4
k63_166524	3779	4996	1	5
k63_166524	4989	5765	1	6
k63_618696	60	1325	-1	1
k63_618696	1460	2248	1	2
k63_618696	2405	3187	1	3
k63_618696	3366	4751	1	4
k63_618696	4858	4929	-1	5
k63_1325196	109	930	-1	1
k63_1325196	1001	1747	-1	2
k63_1325196	2149	2958	-1	3
k63_1325196	3034	3207	1	4
k63_1325196	3309	4568	-1	5
k63_1325196	4773	6050	1	6
k63_1325196	6250	6999	-1	7
k63_1092673	2	250	1	1
k63_1092673	415	606	-1	2
k63_1092673	868	2031	1	3
k63_1092673	1980	2414	-1	4
k63_1092673	2750	2896	1	5
k63_402436	1	168	1	1
k63_402436	192	1490	-1	2
k63_49646	200	781	-1	1
k63_49646	879	2591	-1	2
k63_49646	2629	5325	-1	3
k63_49646	5412	7850	-1	4
k63_49646	7843	8646	-1	5
k63_49646	8639	9877	-1	6
k63_49646	9874	11418	-1	7
k63_49646	11415	11843	-1	8
k63_49646	11882	12349	-1	9
k63_49646	13511	14434	1	10
k63_49646	14525	16024	1	11
k63_49646	16065	16715	1	12
k63_1092977	1	960	-1	1
k63_1092977	990	2420	-1	2
k63_619262	1	1215	1	1
k63_619262	1220	1690	1	2
k63_273978	415	2343	1	1
k63_274232	315	803	1	1
k63_274232	951	2282	1	2
k63_274232	2376	2816	1	3
k63_274234	234	1397	-1	1
k63_274234	1461	2372	-1	2
k63_274234	3004	3213	1	3
k63_274234	3257	4027	1	4
k63_274277	1	873	1	1
k63_274277	1157	2608	-1	2
k63_274277	2713	4242	-1	3
k63_274277	4372	5052	-1	4
k63_274277	5297	6679	1	5
k63_50246	1	1557	-1	1
k63_50246	1559	3265	-1	2
k63_50246	3262	3621	-1	3
k63_50246	3631	4080	-1	4
k63_50246	4324	4623	1	5
k63_50246	4712	5395	-1	6
k63_50246	5496	5936	-1	7
k63_1093569	1	1380	-1	1
k63_1093569	1602	2786	-1	2
k63_1093569	3092	5449	1	3
k63_1093569	5485	6972	1	4
k63_1093569	7109	8353	-1	5
k63_50719	3	203	-1	1
k63_50719	297	743	-1	2
k63_50719	821	1921	-1	3
k63_1674849	1	126	-1	1
k63_1674849	317	1996	1	2
k63_1674849	2024	4705	1	3
k63_1675059	831	2114	1	1
k63_1573226	1	1173	-1	1
k63_1573226	1166	1408	-1	2
k63_1573226	1709	2845	1	3
k63_1573226	2906	3904	1	4
k63_1573226	3904	4647	1	5
k63_1573226	4644	6527	1	6
k63_51593	2	244	1	1
k63_51593	219	1235	-1	2
k63_51593	1454	2431	1	3
k63_51593	2443	3384	-1	4
k63_51628	3	368	-1	1
k63_51628	549	1754	-1	2
k63_51628	1850	3457	-1	3
k63_51628	3501	3800	-1	4
k63_51628	3961	5085	-1	5
k63_51628	5340	5723	1	6
k63_1573342	417	1436	-1	1
k63_1573342	1446	2801	-1	2
k63_1327562	121	1278	-1	1
k63_1327562	1275	2003	-1	2
k63_1327562	2000	2452	-1	3
k63_1327562	2713	4374	-1	4
k63_1327562	4647	4997	1	5
k63_523786	272	463	-1	1
k63_523786	671	1129	-1	2
k63_523786	2177	2377	-1	3
k63_170104	90	2048	-1	1
k63_170104	2385	3650	1	2
k63_170104	3668	4831	-1	3
k63_170104	5074	5703	-1	4
k63_170104	6177	6662	-1	5
k63_170104	6712	8037	-1	6
k63_170104	8323	10029	-1	7
k63_170104	10395	11069	1	8
k63_170104	11145	11555	1	9
k63_405256	109	555	-1	1
k63_405256	910	2658	1	2
k63_405256	2678	3829	1	3
k63_405256	4340	4432	1	4
k63_524032	3	968	-1	1
k63_524032	1418	2473	1	2
k63_1437239	3	95	-1	1
k63_1437239	247	894	1	2
k63_1437239	961	2706	-1	3
k63_1437239	2762	3268	-1	4
k63_1437239	3384	3782	-1	5
k63_1437239	3841	5001	-1	6
k63_1437239	5255	5803	-1	7
k63_1437239	5803	7779	-1	8
k63_1437239	7773	8384	-1	9
k63_1573935	198	1940	-1	1
k63_1573935	1924	3123	-1	2
k63_1573935	3288	5870	1	3
k63_1573935	5963	7045	1	4
k63_170538	203	1423	-1	1
k63_170538	2362	3552	1	2
k63_170538	3577	4689	-1	3
k63_1437249	3	1715	-1	1
k63_1437249	1801	2766	-1	2
k63_1437249	2854	4035	-1	3
k63_1437249	4581	5600	1	4
k63_1437249	5618	6604	1	5
k63_1437249	6722	6865	-1	6
k63_1437249	7106	7576	1	7
k63_1437249	7646	9505	1	8
k63_1437249	9571	10614	1	9
k63_1437249	10721	11254	1	10
k63_1437249	11299	11769	-1	11
k63_1437249	11866	12141	1	12
k63_1437249	12435	13520	1	13
k63_1437249	13599	14450	1	14
k63_1437249	14489	14833	1	15
k63_1437249	14973	15056	-1	16
k63_874264	40	810	-1	1
k63_874264	945	1769	-1	2
k63_621821	230	1966	1	1
k63_992571	1	414	-1	1
k63_992571	478	1407	-1	2
k63_276854	1	66	1	1
k63_276854	507	926	1	2
k63_276854	1225	2238	1	3
k63_1437785	1	1374	-1	1
k63_1437785	1391	3592	-1	2
k63_1328922	335	472	-1	1
k63_1328922	756	3152	1	2
k63_875160	255	569	-1	1
k63_875160	1389	2630	1	2
k63_875160	2717	5305	1	3
k63_1205944	352	1638	1	1
k63_1205944	1635	3038	1	2
k63_1205944	3049	4734	1	3
k63_1328999	215	1861	-1	1
k63_1328999	2062	2910	-1	2
k63_406995	2	544	1	1
k63_406995	700	1344	1	2
k63_406995	1310	1972	1	3
k63_406995	2197	2397	-1	4
k63_406995	2548	2949	-1	5
k63_1095835	2	1531	1	1
k63_1095835	1677	2534	-1	2
k63_1095835	2762	2950	-1	3
k63_407063	3	941	-1	1
k63_407063	1012	1533	-1	2
k63_622641	196	1518	-1	1
k63_622641	1669	4089	-1	2
k63_622641	4154	5263	-1	3
k63_1329696	1	84	1	1
k63_1329696	107	1003	-1	2
k63_1329696	1713	2546	1	3
k63_1329696	2569	4320	1	4
k63_1329696	4351	5757	-1	5
k63_1329696	6123	6503	-1	6
k63_1329696	6686	8809	1	7
k63_408126	476	1537	-1	1
k63_408126	1586	2623	-1	2
k63_408126	2665	3633	-1	3
k63_408126	3794	5362	-1	4
k63_408126	5414	6595	-1	5
k63_1678222	3	956	1	1
k63_1678222	953	1714	1	2
k63_1678222	1730	2443	1	3
k63_1678222	2537	2695	-1	4
k63_1330262	3	227	-1	1
k63_1330262	339	1895	-1	2
k63_1439343	235	1644	1	1
k63_1439343	1685	1873	1	2
k63_278701	62	1753	-1	1
k63_278701	2581	3261	-1	2
k63_278701	3354	3926	-1	3
k63_1576882	93	1289	-1	1
k63_1097321	1	87	1	1
k63_1097321	203	541	1	2
k63_1097321	701	799	1	3
k63_1097321	1016	1258	-1	4
k63_1097321	1361	1660	-1	5
k63_1097321	1611	2033	-1	6
k63_1097321	2278	3000	1	7
k63_1097321	2936	3553	-1	8
k63_528111	2	442	-1	1
k63_528111	694	1653	-1	2
k63_877803	1	159	1	1
k63_877803	298	813	1	2
k63_877803	789	953	-1	3
k63_877803	950	1258	-1	4
k63_877803	1206	1463	-1	5
k63_877803	1755	1883	1	6
k63_174149	24	1265	-1	1
k63_174149	1296	1979	1	2
k63_878049	61	594	-1	1
k63_878049	1452	2207	1	2
k63_1208036	1	390	1	1
k63_1208036	432	1745	1	2
k63_1208036	1783	3123	1	3
k63_174284	1	963	-1	1
k63_174284	1102	1491	-1	2
k63_174284	1551	2381	-1	3
k63_878368	3	1805	1	1
k63_878368	1996	3027	-1	2
k63_878368	3349	4716	1	3
k63_878368	4749	4988	-1	4
k63_996841	377	1396	-1	1
k63_996841	1488	2648	-1	2
k63_996841	2703	3146	-1	3
k63_996841	3146	3247	-1	4
k63_996841	3247	3663	-1	5
k63_996841	3754	5850	-1	6
k63_996841	5926	6774	-1	7
k63_996841	6778	7533	-1	8
k63_996841	7828	9300	1	9
k63_996841	9297	10181	-1	10
k63_996841	10263	11279	1	11
k63_996841	11310	12893	1	12
k63_996841	13186	13527	-1	13
k63_996841	13702	13974	-1	14
k63_996841	14391	14972	-1	15
k63_996841	15540	17516	1	16
k63_996841	17597	18409	1	17
k63_57219	1	1254	1	1
k63_57219	1355	2218	1	2
k63_1679841	558	1439	1	1
k63_1679841	1537	1959	1	2
k63_1441184	3	80	-1	1
k63_1441184	285	713	-1	2
k63_1441184	828	1073	-1	3
k63_1441184	1297	2256	-1	4
k63_1331871	353	2677	1	1
k63_1331871	3184	3954	1	2
k63_1331871	3964	5526	-1	3
k63_1331871	5936	7237	1	4
k63_1331871	7253	8014	1	5
k63_1331871	8097	8780	1	6
k63_1679988	250	1590	1	1
k63_742956	443	1735	-1	1
k63_742956	1740	2129	1	2
k63_742956	2662	3426	1	3
k63_742956	3565	5289	1	4
k63_742956	5597	6382	-1	5
k63_742956	6906	8996	1	6
k63_742956	9323	9793	1	7
k63_742956	9780	9986	1	8
k63_742956	9983	10435	1	9
k63_742956	11414	13048	1	10
k63_742956	13165	13737	1	11
k63_742956	13695	13865	1	12
k63_742956	13858	14040	1	13
k63_1680170	279	1292	1	1
k63_1680170	1436	1762	1	2
k63_1680170	2261	2350	-1	3
k63_997514	591	3248	1	1
k63_997514	3270	4637	-1	2
k63_997514	5268	5576	1	3
k63_997514	5658	6878	-1	4
k63_997514	6937	7677	-1	5
k63_997514	7681	9399	-1	6
k63_997514	9736	10986	-1	7
k63_997514	10983	15578	-1	8
k63_997514	15575	15988	-1	9
k63_997771	1	1731	-1	1
k63_997771	1845	2462	-1	2
k63_997771	2552	3823	-1	3
k63_1099207	3	1265	-1	1
k63_1099207	1285	2340	-1	2
k63_1099207	2473	3327	1	3
k63_1099207	4686	5285	1	4
k63_1099207	5404	6072	-1	5
k63_1099207	6181	7014	-1	6
k63_998030	173	829	-1	1
k63_998030	1137	2792	1	2
k63_998030	2852	4552	1	3
k63_998030	4778	7609	1	4
k63_998030	7602	9002	1	5
k63_1099272	3	2060	-1	1
k63_1099272	2092	2409	-1	2
k63_1099272	2409	4121	-1	3
k63_1099272	4132	4419	-1	4
k63_1099272	4535	5497	-1	5
k63_1099272	5503	6135	-1	6
k63_1099272	6529	7362	1	7
k63_1099272	7402	8019	-1	8
k63_175966	3	185	-1	1
k63_175966	943	2679	1	2
k63_175966	2645	3562	-1	3
k63_175966	3832	5127	1	4
k63_175966	5228	6409	1	5
k63_175966	6626	7225	-1	6
k63_175966	7806	10973	-1	7
k63_175966	11711	12004	1	8
k63_175966	12089	12205	1	9
k63_175966	12353	14113	1	10
k63_175966	14182	14595	1	11
k63_998306	3	1376	1	1
k63_998306	1685	1951	1	2
k63_411781	1	912	-1	1
k63_411781	1069	1890	-1	2
k63_880689	185	2860	1	1
k63_880864	2	793	-1	1
k63_880864	824	3262	-1	2
k63_59075	2	967	-1	1
k63_59075	973	1968	-1	2
k63_59075	1965	2768	-1	3
k63_626402	95	1735	1	1
k63_1443091	2	82	1	1
k63_1443091	199	348	1	2
k63_1443091	613	1854	1	3
k63_1443091	1900	2373	1	4
k63_1333652	675	1265	-1	1
k63_1333652	1813	1950	-1	2
k63_1333652	2049	2366	-1	3
k63_1211260	119	739	-1	1
k63_1211260	739	2220	-1	2
k63_1211260	2324	3823	-1	3
k63_1211260	3911	4405	-1	4
k63_1211260	4604	5014	-1	5
k63_1211260	5066	6061	-1	6
k63_1211260	6152	6781	-1	7
k63_1211260	6834	7247	-1	8
k63_1211260	7291	7677	-1	9
k63_1211260	7844	8062	-1	10
k63_1211260	8175	9563	-1	11
k63_1211260	9560	9841	-1	12
k63_1211260	10019	10219	-1	13
k63_1211260	10188	10739	-1	14
k63_1211260	10811	11179	-1	15
k63_1211260	11219	11758	-1	16
k63_1211260	11792	12190	-1	17
k63_1211260	12252	12437	-1	18
k63_1211260	12442	12987	-1	19
k63_1211260	13027	13362	-1	20
k63_1211260	13364	13732	-1	21
k63_1211260	13779	14045	-1	22
k63_1211260	14090	14299	-1	23
k63_1211260	14296	14721	-1	24
k63_1211260	14743	15405	-1	25
k63_1211260	15494	15829	-1	26
k63_1211260	15862	16152	-1	27
k63_1211260	16176	17003	-1	28
k63_1211260	17006	17296	-1	29
k63_1211260	17293	17922	-1	30
k63_1211260	17961	18596	-1	31
k63_1211260	18711	19037	-1	32
k63_532653	239	1159	1	1
k63_532653	1190	2761	1	2
k63_1211588	67	4257	-1	1
k63_1211588	4361	8629	-1	2
k63_1211588	9095	9478	-1	3
k63_1211588	9509	10033	-1	4
k63_1211588	10054	10746	-1	5
k63_1211588	10756	11187	-1	6
k63_1211588	11328	11858	-1	7
k63_1211588	11912	12127	-1	8
k63_882689	1	297	1	1
k63_882689	316	1359	1	2
k63_882689	1385	2266	1	3
k63_1444177	64	1299	-1	1
k63_1444177	1301	1957	-1	2
k63_533099	1	822	1	1
k63_533099	917	1966	1	2
k63_533099	2025	3491	-1	3
k63_533099	3478	3750	-1	4
k63_60884	438	1409	-1	1
k63_60884	1552	1680	-1	2
k63_178348	506	709	1	1
k63_178348	647	1429	-1	2
k63_178348	1426	2076	-1	3
k63_178348	2456	3118	1	4
k63_1212235	934	1758	-1	1
k63_1212235	2321	3520	-1	2
k63_628178	1	285	1	1
k63_628178	305	1579	1	2
k63_746557	1	543	1	1
k63_746557	599	2026	1	2
k63_746557	2069	3796	1	3
k63_746557	3948	4040	1	4
k63_179293	172	2838	1	1
k63_179293	2831	6193	1	2
k63_179293	6436	8919	1	3
k63_179293	8996	11125	-1	4
k63_179293	11263	12270	1	5
k63_179293	12322	14841	1	6
k63_179293	14964	16436	1	7
k63_179293	16457	17206	1	8
k63_628571	3	2534	-1	1
k63_285384	1	192	-1	1
k63_285384	211	417	1	2
k63_285384	421	1371	1	3
k63_285384	1374	3182	-1	4
k63_285384	3272	4090	-1	5
k63_285384	4122	5429	-1	6
k63_285384	5458	7839	-1	7
k63_285384	7962	8708	-1	8
k63_285384	8996	9781	1	9
k63_285384	9806	10831	1	10
k63_285384	10926	11972	1	11
k63_628875	1	693	1	1
k63_628875	773	1846	1	2
k63_628875	1919	2671	1	3
k63_628875	2782	3714	1	4
k63_747247	413	1624	-1	1
k63_1445978	1	1686	-1	1
k63_285959	116	1513	-1	1
k63_285959	1954	2868	1	2
k63_747720	166	873	1	1
k63_747720	951	2021	-1	2
k63_747720	2109	2231	-1	3
k63_747720	2262	7415	-1	4
k63_180259	99	1109	-1	1
k63_180259	1567	1893	1	2
k63_180259	2605	3192	1	3
k63_180259	3424	3852	1	4
k63_180259	4154	5332	1	5
k63_180259	5353	5829	1	6
k63_180259	5822	6961	1	7
k63_180513	81	905	1	1
k63_180513	902	3226	1	2
k63_180513	3315	4064	-1	3
k63_180513	4226	4618	1	4
k63_180748	1	1941	1	1
k63_1585095	444	668	1	1
k63_1585095	878	2305	-1	2
k63_1585095	2407	2622	-1	3
k63_537568	1	1644	-1	1
k63_537568	2033	3175	1	2
k63_887117	208	1074	-1	1
k63_887117	1104	1640	-1	2
k63_749148	3	383	-1	1
k63_749148	403	1464	-1	2
k63_887221	153	878	-1	1
k63_887221	898	2511	-1	2
k63_287783	3	71	1	1
k63_287783	82	1596	-1	2
k63_287783	1822	2805	-1	3
k63_887782	292	783	-1	1
k63_887782	978	2630	1	2
k63_887782	2809	3645	-1	3
k63_887782	3642	5741	-1	4
k63_887782	5802	7259	-1	5
k63_887782	7492	7917	-1	6
k63_887782	7907	8848	-1	7
k63_418993	2	82	-1	1
k63_418993	326	1618	1	2
k63_65777	113	838	1	1
k63_65777	1018	1545	1	2
k63_1105020	1	732	1	1
k63_1105020	887	1231	1	2
k63_1105020	1333	1692	-1	3
k63_1105020	1952	3364	1	4
k63_1105020	3379	3717	-1	5
k63_1105020	3894	4745	1	6
k63_1105020	4720	4905	1	7
k63_1105167	229	1056	-1	1
k63_1105167	1136	2149	-1	2
k63_1105167	2218	3222	-1	3
k63_1105167	3715	4683	-1	4
k63_1105167	4798	5472	-1	5
k63_750132	3	110	1	1
k63_750132	338	1012	1	2
k63_750132	1308	1544	1	3
k63_750132	2093	2437	-1	4
k63_750132	2530	2733	-1	5
k63_1688068	3	974	-1	1
k63_1688068	1097	2473	-1	2
k63_1688068	2792	4210	-1	3
k63_1688068	4272	5378	-1	4
k63_1105481	362	946	1	1
k63_1105481	1069	1998	1	2
k63_1105481	2269	2574	1	3
k63_1105481	2571	2825	1	4
k63_1587772	1	1173	1	1
k63_1587772	1296	2177	1	2
k63_1587772	2603	3958	-1	3
k63_1587772	4065	4880	-1	4
k63_1588229	23	1564	-1	1
k63_1588229	1756	2496	-1	2
k63_1588229	2531	4489	-1	3
k63_1588229	4629	4865	-1	4
k63_1588229	4862	6244	-1	5
k63_1588229	6284	6496	-1	6
k63_420546	193	333	1	1
k63_420546	344	1459	-1	2
k63_420546	1470	2462	-1	3
k63_1450000	1	1164	1	1
k63_1450000	1186	2682	1	2
k63_1450000	2710	3222	1	3
k63_1450000	3254	4549	-1	4
k63_1450000	4559	4699	-1	5
k63_1450000	4700	5473	-1	6
k63_1450000	5590	6510	-1	7
k63_1450000	7250	7771	1	8
k63_1450000	7840	9288	1	9
k63_1450000	9338	10102	1	10
k63_1450000	10117	11463	1	11
k63_1450000	11469	12740	1	12
k63_1450000	12728	13174	1	13
k63_1450000	13206	13547	1	14
k63_1450000	13913	14860	1	15
k63_1689373	3	215	1	1
k63_1689373	639	1733	-1	2
k63_1689373	1730	2188	-1	3
k63_1689373	2546	2638	1	4
k63_1689373	2710	2844	-1	5
k63_1689373	2898	3284	1	6
k63_421128	1012	1245	1	1
k63_421128	1566	2990	-1	2
k63_1589353	2	241	1	1
k63_1589353	276	926	1	2
k63_1589353	984	2105	1	3
k63_752201	3	1658	-1	1
k63_752201	1786	3153	-1	2
k63_752201	3300	4277	-1	3
k63_752201	4705	5562	1	4
k63_752201	5749	6036	1	5
k63_1340282	2	151	-1	1
k63_1340282	324	1718	-1	2
k63_1340282	1756	2574	-1	3
k63_1340282	2660	3187	-1	4
k63_1340282	3380	3631	1	5
k63_1340282	3671	5290	1	6
k63_1340282	5335	7206	1	7
k63_1340282	7279	8289	1	8
k63_1589611	644	3178	-1	1
k63_1589611	3418	3537	1	2
k63_1589611	4151	4768	1	3
k63_1589611	4797	5012	1	4
k63_1589611	5149	6063	1	5
k63_1219338	1	1122	1	1
k63_1219338	1098	2078	1	2
k63_1106954	68	1120	-1	1
k63_1106954	1131	2423	-1	2
k63_633702	3	2201	-1	1
k63_633702	2225	4027	-1	2
k63_1590712	359	880	1	1
k63_1590712	877	1905	1	2
k63_1590712	1940	3235	1	3
k63_633755	154	2052	-1	1
k63_633755	2045	2308	-1	2
k63_1011958	151	1515	-1	1
k63_1011958	1558	2463	-1	2
k63_1011958	2644	3993	1	3
k63_1011958	4374	6989	-1	4
k63_1011958	7222	7803	1	5
k63_1692007	1	90	-1	1
k63_1692007	392	1723	-1	2
k63_1692007	1767	4388	-1	3
k63_1692007	4415	6418	-1	4
k63_1692007	6515	7438	-1	5
k63_1221419	1	99	-1	1
k63_1221419	151	1185	-1	2
k63_1221419	1493	2671	-1	3
k63_634486	2	2191	1	1
k63_1592919	2	289	1	1
k63_1592919	501	833	1	2
k63_1592919	915	1094	1	3
k63_1592919	1201	2019	1	4
k63_1592919	2382	2687	-1	5
k63_1592919	2677	3627	-1	6
k63_1592919	3643	3744	-1	7
k63_545611	3	1964	-1	1
k63_1694238	3	398	-1	1
k63_1694238	879	1172	1	2
k63_1694238	1169	1603	1	3
k63_1593764	272	856	1	1
k63_1593764	853	1530	-1	2
k63_1593764	2235	3371	1	3
k63_1593764	3439	6138	-1	4
k63_1454859	566	1051	1	1
k63_1454859	1062	2378	-1	2
k63_1454859	2563	3279	-1	3
k63_1454859	3306	3983	-1	4
k63_1454859	4155	4370	-1	5
k63_1454859	4373	5362	-1	6
k63_1454859	5359	7518	-1	7
k63_1454859	7511	8170	-1	8
k63_1454859	8546	9403	1	9
k63_1454859	9328	9474	-1	10
k63_1454969	70	561	-1	1
k63_1454969	688	1251	-1	2
k63_1454969	1335	3452	-1	3
k63_1343968	651	2192	1	1
k63_295407	155	898	1	1
k63_295407	905	1690	-1	2
k63_295407	1863	2045	1	3
k63_191071	146	799	-1	1
k63_191071	1409	1681	-1	2
k63_191071	1782	2546	-1	3
k63_191071	2922	3428	-1	4
k63_191071	3496	5220	-1	5
k63_191071	5464	7761	-1	6
k63_191071	8038	9054	1	7
k63_191071	9159	10022	1	8
k63_191071	10109	10921	1	9
k63_1596374	83	1396	-1	1
k63_1226427	365	2635	1	1
k63_191856	72	875	1	1
k63_191856	896	2233	1	2
k63_191856	2341	3096	1	3
k63_191856	3404	4231	1	4
k63_191856	4269	4730	1	5
k63_1697879	326	1465	1	1
k63_1697879	1647	2492	1	2
k63_1697879	2511	2966	-1	3
k63_1346638	416	1870	-1	1
k63_1346638	1941	4790	-1	2
k63_1346638	5215	5556	-1	3
k63_1346638	5632	6891	-1	4
k63_1346638	6943	9567	-1	5
k63_1346638	9564	10394	-1	6
k63_1346638	10728	11291	-1	7
k63_1226875	1	921	-1	1
k63_1226875	1168	2925	1	2
k63_1226875	3676	6897	-1	3
k63_1226875	6952	10338	-1	4
k63_1346937	2	523	1	1
k63_1346937	563	1312	-1	2
k63_1346937	1355	1963	-1	3
k63_1346937	2055	2996	-1	4
k63_1346937	3276	4835	1	5
k63_298331	1	330	-1	1
k63_298331	560	1423	-1	2
k63_298331	1934	2518	1	3
k63_298331	2732	3073	1	4
k63_298331	3121	3459	1	5
k63_298331	3591	3782	-1	6
k63_638471	1	99	1	1
k63_638471	353	2809	-1	2
k63_638471	2976	5669	1	3
k63_638471	6062	7297	1	4
k63_638471	7402	8322	1	5
k63_638471	8353	9564	1	6
k63_638471	9597	10643	-1	7
k63_638471	10703	11335	-1	8
k63_639000	1035	2027	-1	1
k63_639000	2231	2833	-1	2
k63_639000	3014	3559	-1	3
k63_639000	4032	4787	1	4
k63_194008	3	470	-1	1
k63_194008	502	2904	-1	2
k63_194008	2901	3695	-1	3
k63_194008	3988	4296	1	4
k63_760708	107	1447	-1	1
k63_1599067	1	120	-1	1
k63_1599067	264	707	1	2
k63_1599067	704	1480	1	3
k63_1599067	1569	2459	1	4
k63_1599067	2525	3496	1	5
k63_1599067	3514	4566	1	6
k63_1599067	4764	6140	1	7
k63_1599067	6131	7588	1	8
k63_1599067	7748	8860	1	9
k63_1699942	635	1267	-1	1
k63_1699942	1802	2965	-1	2
k63_902570	147	833	1	1
k63_902570	820	1890	1	2
k63_902570	2190	3206	1	3
k63_902570	3397	4578	1	4
k63_902570	4711	6900	1	5
k63_902570	7169	7669	-1	6
k63_79893	1	459	-1	1
k63_79893	459	1913	-1	2
k63_79893	1966	2271	-1	3
k63_553636	3	704	-1	1
k63_553636	697	2415	-1	2
k63_553636	2594	2845	-1	3
k63_300750	2	1117	-1	1
k63_300750	1166	3106	-1	2
k63_903945	2	295	1	1
k63_903945	385	1470	-1	2
k63_903945	1489	4191	-1	3
k63_1461638	25	702	-1	1
k63_1461638	736	2505	-1	2
k63_1461638	2551	3342	-1	3
k63_1461638	3391	4377	-1	4
k63_1461638	4374	5300	-1	5
k63_1461638	5372	6175	-1	6
k63_1461638	6317	9322	-1	7
k63_1461638	9341	10276	-1	8
k63_1461638	10344	11249	-1	9
k63_1461638	11306	11941	-1	10
k63_1461638	12318	12743	1	11
k63_1461638	13050	13433	-1	12
k63_1461638	13403	14206	-1	13
k63_1461638	14236	15426	-1	14
k63_763374	3	299	1	1
k63_763374	331	585	1	2
k63_763374	582	917	1	3
k63_763374	1058	1825	-1	4
k63_763374	1879	3636	-1	5
k63_763374	3633	4406	-1	6
k63_1702215	24	1859	1	1
k63_1702215	2370	2930	1	2
k63_1702215	2964	3161	1	3
k63_1702215	3166	4107	1	4
k63_1702215	4119	4226	-1	5
k63_1602370	145	1413	-1	1
k63_1602370	1603	2160	-1	2
k63_1602370	2652	2867	1	3
k63_1602370	3013	3558	1	4
k63_1602370	3866	4069	1	5
k63_1602370	4066	4284	1	6
k63_1602370	4617	5255	1	7
k63_1602370	5388	5789	1	8
k63_1703460	2	133	-1	1
k63_1703460	911	2662	-1	2
k63_642335	3	158	1	1
k63_642335	223	2409	-1	2
k63_642335	2465	4681	-1	3
k63_1703829	1	129	-1	1
k63_1703829	200	496	-1	2
k63_1703829	982	1674	1	3
k63_1703829	2142	3035	-1	4
k63_1703829	3379	3849	1	5
k63_764959	2	1633	1	1
k63_82831	2	1183	-1	1
k63_82831	1219	2562	-1	2
k63_82831	2658	3104	-1	3
k63_82831	3170	3445	-1	4
k63_82831	3493	3876	-1	5
k63_82831	3938	4498	-1	6
k63_82831	4585	4710	1	7
k63_1463635	27	194	-1	1
k63_1463635	421	1203	1	2
k63_1463635	1831	2358	1	3
k63_1463635	2537	3055	1	4
k63_1463635	3052	3555	-1	5
k63_1463635	3713	5191	1	6
k63_1463635	5206	5955	-1	7
k63_1463635	5960	6346	-1	8
k63_1704304	362	2236	-1	1
k63_1704304	2431	3888	1	2
k63_1704304	3926	4912	-1	3
k63_1704304	5051	5155	-1	4
k63_1704304	5291	7378	-1	5
k63_304511	247	633	-1	1
k63_304511	867	1565	1	2
k63_304511	1715	2380	1	3
k63_304511	2504	3718	1	4
k63_304511	3733	5367	1	5
k63_304511	5413	6429	1	6
k63_304511	6431	7060	1	7
k63_304511	7061	7642	1	8
k63_304511	7635	8276	1	9
k63_304511	8289	9176	1	10
k63_765702	10	930	-1	1
k63_765702	1058	1510	1	2
k63_765702	1507	2505	1	3
k63_765702	2565	2990	1	4
k63_765702	3094	5160	1	5
k63_1233778	3	1103	-1	1
k63_1233778	1113	1874	-1	2
k63_1233778	2520	3599	-1	3
k63_1233778	3691	4812	-1	4
k63_305202	2	1555	1	1
k63_305202	1552	2346	1	2
k63_305202	2410	3072	1	3
k63_305202	3110	5419	1	4
k63_305815	99	398	1	1
k63_305815	513	1073	1	2
k63_305815	1172	1819	1	3
k63_305815	1812	2222	1	4
k63_305815	2227	2496	1	5
k63_305815	2511	2837	1	6
k63_1706810	359	1540	-1	1
k63_1706810	1660	2058	1	2
k63_1120908	1	459	1	1
k63_1120908	475	1029	-1	2
k63_1120908	1238	2701	1	3
k63_1120908	2871	4859	1	4
k63_1120908	4874	7423	1	5
k63_1120908	7467	8813	1	6
k63_1120908	8830	9414	-1	7
k63_307509	2	160	1	1
k63_307509	264	2129	1	2
k63_910103	1	69	1	1
k63_910103	736	1755	1	2
k63_86929	167	445	-1	1
k63_86929	676	1644	1	2
k63_86929	1610	1984	-1	3
k63_86929	2315	2686	1	4
k63_86929	2693	3313	1	5
k63_86929	3469	4098	1	6
k63_1236744	336	1628	-1	1
k63_1236744	2156	3022	-1	2
k63_1236744	3198	3938	-1	3
k63_1236744	3990	4589	-1	4
k63_1236744	4661	4963	-1	5
k63_1236744	5075	6664	-1	6
k63_1236744	7143	8120	-1	7
k63_768622	349	2037	-1	1
k63_768622	2116	3816	-1	2
k63_768622	3907	4929	-1	3
k63_768622	5162	6319	1	4
k63_768622	6384	7598	-1	5
k63_768622	7762	8508	-1	6
k63_307857	308	1015	1	1
k63_307857	1377	2051	-1	2
k63_307857	2962	3189	1	3
k63_87175	2	109	1	1
k63_87175	252	1685	-1	2
k63_87175	1694	4627	-1	3
k63_87175	4837	5904	1	4
k63_87175	6283	7635	1	5
k63_87175	7883	8383	-1	6
k63_87175	8629	10998	-1	7
k63_87175	11054	11713	-1	8
k63_1709126	2	112	1	1
k63_1709126	207	494	1	2
k63_1709126	616	798	-1	3
k63_1709126	802	1101	-1	4
k63_1709411	2	82	-1	1
k63_1709411	591	791	-1	2
k63_1709411	1156	1353	-1	3
k63_1709411	1572	2489	1	4
k63_203363	2	175	1	1
k63_203363	271	576	1	2
k63_203363	591	845	1	3
k63_203363	820	996	1	4
k63_203363	1085	1450	1	5
k63_203363	1419	2519	1	6
k63_203363	2528	2713	1	7
k63_203363	2741	3160	1	8
k63_203363	3160	3453	1	9
k63_203363	3593	3808	1	10
k63_203363	3851	4033	1	11
k63_769379	3	1838	-1	1
k63_769379	2086	2364	1	2
k63_769379	2389	2679	1	3
k63_1237859	304	1278	1	1
k63_1237859	1457	1861	1	2
k63_1237859	1870	2031	1	3
k63_1354872	212	1429	1	1
k63_1354872	1694	2014	1	2
k63_1354872	2240	2632	1	3
k63_1354872	2670	3029	1	4
k63_1354872	3259	4899	1	5
k63_1354872	5001	6029	-1	6
k63_1354872	6126	6275	-1	7
k63_1354872	6360	6995	-1	8
k63_1354872	6995	8407	-1	9
k63_1354872	8657	9760	1	10
k63_1468739	3	1703	-1	1
k63_1710515	412	2862	-1	1
k63_771385	3	308	-1	1
k63_771385	352	1755	-1	2
k63_771385	2077	3648	1	3
k63_1469673	2	634	1	1
k63_1469673	924	1022	1	2
k63_1469673	1098	1430	1	3
k63_1469673	1455	2759	-1	4
k63_1240224	140	712	-1	1
k63_1240224	920	2683	1	2
k63_1035844	449	2167	-1	1
k63_1035844	2385	2714	1	2
k63_1035844	2780	3205	-1	3
k63_1035844	3472	5580	-1	4
k63_1035844	5784	7301	-1	5
k63_1035844	7560	8075	1	6
k63_91200	3	755	-1	1
k63_91200	937	1965	-1	2
k63_91200	2043	3230	-1	3
k63_91200	3317	4519	-1	4
k63_91200	4667	4954	-1	5
k63_650553	2	313	1	1
k63_650553	372	1409	1	2
k63_650553	1440	2090	1	3
k63_1357447	186	1592	-1	1
k63_1357447	1659	2186	-1	2
k63_1357447	2210	3010	-1	3
k63_1357447	3741	4868	-1	4
k63_1357447	5196	5606	-1	5
k63_1357447	5612	7027	-1	6
k63_1357447	7053	7910	-1	7
k63_1357447	7920	9458	-1	8
k63_1357447	9481	10020	-1	9
k63_1357447	10053	10733	-1	10
k63_1357447	10705	11127	-1	11
k63_1357447	11314	11706	1	12
k63_1357713	1	378	1	1
k63_1357713	398	2935	1	2
k63_651570	73	1398	-1	1
k63_651570	1401	2339	-1	2
k63_651570	2339	2848	-1	3
k63_651570	3233	4012	1	4
k63_651570	4012	4836	1	5
k63_651570	4848	5552	1	6
k63_568348	168	920	-1	1
k63_568348	1032	2351	-1	2
k63_568348	2352	3311	-1	3
k63_568348	3316	4056	-1	4
k63_313863	3	1253	-1	1
k63_313863	1283	3178	-1	2
k63_313863	3281	3637	-1	3
k63_1359154	82	1680	-1	1
k63_94599	289	687	1	1
k63_94599	680	2665	1	2
k63_94599	2675	3112	1	3
k63_1359458	576	896	1	1
k63_1359458	838	1716	1	2
k63_1359458	1852	2184	1	3
k63_1359458	2330	2740	1	4
k63_1359458	2737	3108	1	5
k63_210493	54	1289	-1	1
k63_210493	1348	2157	-1	2
k63_918743	161	1171	1	1
k63_918743	1161	2603	1	2
k63_315294	160	942	-1	1
k63_315294	939	1337	-1	2
k63_315294	1315	1839	-1	3
k63_315294	1844	2425	-1	4
k63_315294	3000	3608	1	5
k63_315294	3700	4110	1	6
k63_315294	4663	4974	1	7
k63_315294	5046	5696	1	8
k63_315294	5819	7501	1	9
k63_1717243	3	152	-1	1
k63_1717243	206	316	-1	2
k63_1717243	393	1871	-1	3
k63_654010	309	719	-1	1
k63_654010	862	1599	-1	2
k63_654010	1593	2339	-1	3
k63_654010	2564	3373	-1	4
k63_654010	3383	4342	-1	5
k63_654010	4415	5068	-1	6
k63_654010	5254	6105	1	7
k63_654010	6102	7367	1	8
k63_1618543	1	63	-1	1
k63_1618543	257	1675	-1	2
k63_1618543	1695	2960	-1	3
k63_1361900	197	2809	1	1
k63_1361900	2846	4291	1	2
k63_1361900	4418	4924	1	3
k63_1361900	4960	7311	1	4
k63_1361900	7321	8367	-1	5
k63_1361900	8599	9471	1	6
k63_1361900	9568	11025	1	7
k63_1361900	11037	11204	1	8
k63_318684	391	1152	-1	1
k63_318684	1404	2048	1	2
k63_318684	2086	3141	1	3
k63_318684	3169	3930	1	4
k63_318684	3920	4207	1	5
k63_318684	4265	5905	1	6
k63_318684	5908	7560	1	7
k63_318684	7641	8675	1	8
k63_318684	8697	9002	1	9
k63_318684	9036	9107	1	10
k63_1475506	61	1353	-1	1
k63_1475506	2078	2584	1	2
k63_780095	1	1221	1	1
k63_780095	1218	2411	-1	2
k63_780095	2493	3683	-1	3
k63_780095	4590	4946	-1	4
k63_780095	5056	6678	-1	5
k63_780095	6769	7062	-1	6
k63_780095	7176	8672	-1	7
k63_780095	8721	10058	-1	8
k63_780095	10059	10451	-1	9
k63_780095	10451	11527	-1	10
k63_780095	11836	13641	1	11
k63_780095	13658	16054	1	12
k63_780095	16079	17260	1	13
k63_780095	17675	18949	1	14
k63_780095	19045	19113	1	15
k63_319511	1	279	1	1
k63_319511	767	2860	1	2
k63_1620241	59	1735	1	1
k63_1475802	395	1342	1	1
k63_1475802	1619	2416	1	2
k63_1364046	2	418	1	1
k63_1364046	473	1186	1	2
k63_1364046	1187	1642	1	3
k63_1364046	1660	2088	1	4
k63_1364046	2153	3013	1	5
k63_1364046	3123	3584	-1	6
k63_1364432	1	207	1	1
k63_1364432	354	1106	1	2
k63_1364432	1248	2081	-1	3
k63_1364432	2195	2632	-1	4
k63_455745	1	390	-1	1
k63_455745	413	2824	-1	2
k63_455745	2841	3701	-1	3
k63_455745	3808	4878	-1	4
k63_455745	4968	5723	-1	5
k63_455745	5858	6019	-1	6
k63_455745	6016	6774	-1	7
k63_455745	7028	7630	1	8
k63_218887	320	1093	-1	1
k63_218887	1226	2191	-1	2
k63_218887	2205	3869	-1	3
k63_218887	4083	5045	1	4
k63_218887	6117	7241	-1	5
k63_218887	7238	7816	-1	6
k63_218887	8375	9376	-1	7
k63_218887	9425	10765	-1	8
k63_218887	11101	11298	-1	9
k63_218887	11387	12457	-1	10
k63_218887	12500	13021	-1	11
k63_102938	74	2137	1	1
k63_102938	2257	2715	1	2
k63_102938	2771	2971	1	3
k63_102938	3035	3394	1	4
k63_102938	3610	3834	-1	5
k63_1251547	2	1783	1	1
k63_1251547	2083	2706	1	2
k63_1251547	2690	3253	1	3
k63_1251547	3620	5125	1	4
k63_1251547	5142	6062	1	5
k63_1251547	6122	7105	1	6
k63_1251547	7110	7772	1	7
k63_660370	274	738	1	1
k63_660370	792	1805	-1	2
k63_660370	1811	2341	-1	3
k63_660370	2373	4982	-1	4
k63_660370	5122	5562	1	5
k63_579311	485	3454	1	1
k63_579311	3714	3935	1	2
k63_1051373	3	77	-1	1
k63_1051373	80	1096	1	2
k63_1051373	1233	1994	1	3
k63_1051373	2073	3152	1	4
k63_1051373	3521	4150	1	5
k63_1051373	4169	4342	1	6
k63_662629	313	1425	1	1
k63_662629	1605	2696	1	2
k63_106495	17	445	-1	1
k63_106495	597	1346	-1	2
k63_106495	1384	1569	-1	3
k63_325042	3	68	-1	1
k63_325042	65	466	-1	2
k63_325042	545	1561	-1	3
k63_325042	1788	2801	1	4
k63_325042	2814	4724	-1	5
k63_325042	4988	5956	-1	6
k63_325042	5971	7422	-1	7
k63_325042	7514	7681	-1	8
k63_1052081	1	219	-1	1
k63_1052081	226	1875	-1	2
k63_1052081	1889	2773	-1	3
k63_1052081	2776	4212	-1	4
k63_1052081	4223	4624	-1	5
k63_1052081	4894	5508	-1	6
k63_1052081	5532	6218	-1	7
k63_1052081	6250	6663	-1	8
k63_1052081	6866	7801	1	9
k63_1369579	485	2395	1	1
k63_1369579	2543	3622	1	2
k63_1482967	1	90	-1	1
k63_1482967	675	1622	1	2
k63_1732217	294	1058	1	1
k63_1732217	1197	1877	1	2
k63_1732217	2017	2601	-1	3
k63_1732217	2723	3406	-1	4
k63_1737314	3	107	-1	1
k63_1737314	231	1235	-1	2
k63_1737314	1435	2175	-1	3
k63_1488249	192	1583	-1	1
k63_1488249	1845	5606	1	2
k63_1488249	5791	6690	1	3
k63_1488249	6886	7767	1	4
k63_1488249	7772	8341	1	5
k63_1488249	8493	8738	1	6
k63_1488249	8838	9125	1	7
k63_1488249	9209	10828	1	8
k63_116528	143	1285	-1	1
k63_1373507	64	468	-1	1
k63_1373507	1029	2318	1	2
k63_1373507	2356	2940	1	3
k63_1373507	3036	3509	1	4
k63_1373507	3496	4005	1	5
k63_1373507	4124	5359	1	6
k63_1373507	5398	7824	1	7
k63_1373507	7821	8408	1	8
k63_1373507	8502	9755	1	9
k63_1373507	9798	10106	-1	10
k63_116715	246	512	1	1
k63_116715	861	2072	1	2
k63_116715	2173	2457	1	3
k63_116715	2503	2694	1	4
k63_334591	2	214	-1	1
k63_334591	177	677	-1	2
k63_334591	677	2134	-1	3
k63_334884	1	1134	-1	1
k63_334884	1290	2426	1	2
k63_670671	2	676	1	1
k63_670671	757	1008	1	2
k63_670671	1009	1635	1	3
k63_670671	1683	2459	1	4
k63_670671	2464	3681	-1	5
k63_670671	3847	4656	1	6
k63_670734	35	433	-1	1
k63_670734	430	663	-1	2
k63_670734	912	1667	1	3
k63_670734	1887	2384	1	4
k63_670734	2519	4033	-1	5
k63_670734	4030	4482	-1	6
k63_670734	4469	5011	-1	7
k63_670734	5361	6416	-1	8
k63_670734	6413	7036	-1	9
k63_670734	7290	8060	-1	10
k63_670734	8209	9480	-1	11
k63_670734	9857	10027	1	12
k63_671599	73	978	-1	1
k63_671599	1130	1789	-1	2
k63_671599	1864	2085	-1	3
k63_337421	125	1072	-1	1
k63_337421	1111	1719	-1	2
k63_1378870	585	4832	1	1
k63_1378870	4829	6163	1	2
k63_1378870	6330	7649	1	3
k63_1378870	7686	8684	-1	4
k63_1378870	8698	10287	-1	5
k63_1378870	10690	10968	-1	6
k63_1378870	10958	11569	-1	7
k63_1747243	1	363	1	1
k63_1747243	449	1321	-1	2
k63_1496583	1	936	-1	1
k63_1496583	942	1415	-1	2
k63_1496583	1617	3149	1	3
k63_1748269	1	126	1	1
k63_1748269	139	1500	1	2
k63_1380980	97	912	-1	1
k63_1380980	1143	2243	-1	2
k63_1380980	2592	3062	1	3
k63_1275748	2	154	-1	1
k63_1275748	259	3480	1	2
k63_1275748	3827	4069	-1	3
k63_1275748	4690	4857	1	4
k63_1275748	4935	5102	-1	5
k63_1161875	3	86	1	1
k63_1161875	140	1108	1	2
k63_1161875	1406	1921	1	3
k63_1277578	261	1637	-1	1
k63_1277578	1650	2474	-1	2
k63_1277578	2528	2734	-1	3
k63_1277578	2798	3289	-1	4
k63_1382898	179	796	-1	1
k63_1382898	845	1888	-1	2
k63_1382898	1962	3353	-1	3
k63_1382898	3446	5710	-1	4
k63_1382898	5700	6470	-1	5
k63_1382898	6498	6740	-1	6
k63_1382898	6772	8067	-1	7
k63_1382898	8150	8926	-1	8
k63_1382898	9047	10315	-1	9
k63_679311	97	1713	1	1
k63_1385386	1	123	-1	1
k63_1385386	333	1262	1	2
k63_1385386	1571	2596	-1	3
k63_1506632	1	300	1	1
k63_1506632	370	1209	1	2
k63_1506632	1483	1755	-1	3
k63_1506632	1757	2014	-1	4
k63_1506632	2295	3347	1	5
k63_1506632	3462	3917	1	6
k63_1506632	3921	4970	1	7
k63_1506632	4984	6171	1	8
k63_1506632	6173	7147	1	9
k63_1506632	7183	8100	-1	10
k63_1389461	352	513	1	1
k63_1389461	624	1490	1	2
k63_1389461	1487	2530	1	3
k63_1389461	2579	2992	1	4
k63_1389461	3062	4177	1	5
k63_1389461	4269	5096	1	6
k63_1389461	5091	5669	-1	7
k63_1389461	5779	6171	-1	8
k63_1389461	6168	6443	-1	9
k63_1389461	6832	7752	1	10
k63_1389461	7888	8049	-1	11
k63_1285502	1	174	-1	1
k63_1285502	512	2221	1	2
k63_1285502	2499	4547	-1	3
k63_689595	63	2195	-1	1
k63_1397005	174	713	1	1
k63_1397005	882	2498	1	2
k63_694455	216	1514	1	1
k63_694455	1532	2767	1	2
k63_694455	2767	4209	1	3
k63_694455	4226	5317	1	4
k63_694592	492	1583	1	1
k63_694592	1575	1991	-1	2
k63_1398185	147	2096	-1	1
k63_1398185	2303	4093	-1	2
k63_1398185	4109	5368	-1	3
k63_1398185	6243	6491	1	4
k63_1398185	6532	6825	1	5
k63_1398185	7010	7828	1	6
k63_1398185	8498	9322	1	7
k63_1398185	9356	10324	1	8
k63_1398185	11083	11790	1	9
k63_1398185	11957	13009	1	10
k63_1398185	13006	13794	1	11
k63_1398185	13806	15656	1	12
k63_1398185	16045	17532	1	13
k63_1398185	17549	18805	1	14
k63_700124	3	1988	1	1
k63_700124	2039	3004	1	2
k63_701765	195	1697	1	1
k63_701765	1694	1918	1	2
k63_701765	1908	3644	1	3
k63_701765	3672	4226	1	4
k63_701765	4184	5134	-1	5
k63_701765	5179	5634	-1	6
k63_701765	5668	6216	-1	7
k63_701765	6424	6630	-1	8
k63_701765	6649	6891	1	9
k63_701765	6888	8234	-1	10
k63_701765	8320	9495	-1	11
k63_701765	9557	10363	-1	12
k63_701765	10360	11160	-1	13
k63_1403267	1	2850	-1	1
k63_1403267	3330	4427	-1	2
